2.303047E+00, 3.806048E-03 
1.031217E+01, 3.893444E-05 
-9.358149E+00, 1.288299E-05 
7.725263E+00, 5.840285E-05 
2.546809E+00, 4.787659E-03 
5.264716E+00, 6.980438E-04 
5.377840E+00, 1.112755E-03 
-2.361157E+00, 4.670355E-03 
2.940500E-01, 3.300262E-03 
6.808115E+00, 2.721199E-04 
1.399566E+00, 2.643254E-03 
7.755604E-01, 2.970626E-03 
3.959199E+00, 1.639721E-03 
4.309293E+00, 2.267155E-03 
9.936094E+00, 5.966538E-05 
2.980379E+00, 2.456432E-03 
3.378462E+00, 1.895927E-03 
6.273867E+00, 4.664953E-04 
-7.480372E-01, 3.990149E-03 
8.572982E+00, 8.980766E-05 
-2.484746E+00, 2.629054E-03 
8.488365E+00, 4.698389E-05 
-9.733264E+00, 1.341065E-05 
1.688584E+00, 3.547013E-03 
-8.953054E+00, 1.418185E-05 
-2.755347E+00, 3.222115E-03 
-8.580724E-01, 3.336233E-03 
1.549010E+00, 3.849074E-03 
-3.228291E+00, 1.922018E-03 
-2.371312E+00, 2.668883E-03 
-6.789679E+00, 2.307125E-04 
7.479124E+00, 1.323443E-04 
6.719107E+00, 5.145150E-04 
-9.619358E-01, 3.805464E-03 
-3.984115E-01, 2.917076E-03 
1.194109E+01, 2.280894E-05 
3.629137E+00, 1.895927E-03 
-1.034921E+01, 2.057037E-05 
-8.310454E+00, 7.158474E-05 
-4.252615E+00, 1.972416E-03 
-8.508741E+00, 2.700890E-05 
7.598827E-01, 6.506086E-03 
3.022952E+00, 2.456432E-03 
-3.643528E-01, 2.854749E-03 
-6.560538E+00, 5.962700E-04 
-6.147116E+00, 4.704469E-04 
5.103235E+00, 1.866560E-03 
-9.510843E-01, 2.266867E-03 
-5.747774E+00, 3.725405E-04 
-2.819655E+00, 3.135159E-03 
-4.520004E+00, 1.520983E-03 
-8.548207E+00, 4.676668E-05 
-4.275534E-02, 3.896987E-03 
1.644972E+00, 3.102710E-03 
-8.391570E+00, 1.339945E-05 
-1.980968E+00, 3.135159E-03 
4.667911E+00, 5.695283E-04 
-9.207301E+00, 7.661288E-06 
-1.265817E+01, 1.228947E-05 
1.155330E+01, 2.280894E-05 
-4.523363E+00, 1.355705E-03 
-3.874055E+00, 9.913291E-04 
2.035785E+00, 3.582316E-03 
-4.018875E+00, 1.205349E-03 
7.560188E+00, 1.364717E-04 
6.393785E+00, 1.602452E-04 
-4.494641E+00, 2.480632E-03 
7.771211E+00, 7.175073E-05 
9.997463E+00, 3.215719E-05 
-5.541796E+00, 1.294722E-03 
-1.077901E+01, 1.392380E-05 
-1.109511E+00, 3.664172E-03 
5.459882E+00, 4.621143E-04 
-5.322757E+00, 7.867200E-04 
-1.950490E+00, 4.437867E-03 
-3.952693E+00, 1.520265E-03 
-1.011347E+01, 2.092643E-05 
-4.683465E+00, 1.100649E-03 
4.100686E+00, 1.992408E-03 
-2.635572E+00, 3.664062E-03 
-5.066904E+00, 1.088231E-03 
-3.402095E+00, 1.836333E-03 
8.957177E+00, 9.959438E-05 
6.765941E+00, 5.718415E-04 
3.618404E+00, 1.745768E-03 
-8.445356E+00, 3.634028E-05 
-3.874643E+00, 1.307993E-03 
2.817203E+00, 2.099027E-03 
6.100284E+00, 4.635059E-04 
6.271045E+00, 1.579714E-03 
1.294325E+00, 3.638004E-03 
-4.614866E+00, 5.929916E-04 
-5.337159E+00, 7.034718E-04 
-3.418666E+00, 9.363126E-04 
-8.047468E+00, 1.931466E-05 
-1.949637E+00, 3.369065E-03 
7.595063E+00, 4.023703E-04 
-6.898982E+00, 5.798779E-05 
-9.079516E+00, 3.850756E-05 
-3.528592E+00, 1.596490E-03 
4.057054E+00, 2.813570E-03 
1.322656E+00, 4.777563E-03 
4.640508E+00, 2.337586E-03 
-1.192677E+01, 1.523702E-05 
8.949573E+00, 1.015839E-04 
4.114450E+00, 1.895927E-03 
9.482253E+00, 4.625821E-05 
-1.727872E-01, 4.316302E-03 
1.281557E+01, 2.277251E-05 
6.361880E+00, 1.176469E-03 
-8.266549E+00, 7.823111E-05 
-1.036874E+01, 1.338324E-05 
-9.546259E+00, 1.341065E-05 
-5.844075E+00, 5.929330E-04 
-4.569572E+00, 1.192540E-03 
7.127384E+00, 5.954601E-04 
-7.246728E+00, 1.994678E-04 
9.548098E+00, 4.979719E-05 
2.483870E-01, 4.438173E-03 
-5.116040E+00, 3.597823E-04 
3.320406E+00, 2.348139E-03 
-7.450089E+00, 7.693422E-05 
6.692915E+00, 2.202278E-04 
-3.435341E+00, 2.059359E-03 
-6.152374E+00, 2.556067E-04 
7.851482E+00, 7.388561E-05 
1.279220E+00, 4.892865E-03 
-4.048821E+00, 2.459020E-03 
2.396297E+00, 3.864357E-03 
-3.677819E+00, 2.012272E-03 
-5.851501E+00, 9.323011E-04 
5.903658E+00, 4.206588E-04 
3.934965E+00, 2.372000E-03 
4.952503E+00, 6.806497E-04 
6.235007E+00, 7.915829E-04 
-5.618326E+00, 6.743522E-04 
9.775396E+00, 3.587536E-05 
8.460392E+00, 1.390943E-04 
-6.699532E+00, 2.144472E-04 
-9.086180E+00, 2.679889E-05 
-1.681294E-01, 4.317217E-03 
-1.154600E+00, 2.998164E-03 
6.988611E+00, 4.666413E-04 
-6.875952E+00, 1.056860E-04 
-4.244987E+00, 1.266469E-03 
9.918036E-03, 4.567762E-03 
1.280859E+01, 3.037832E-05 
-3.887287E+00, 6.217293E-04 
-2.831585E+00, 2.155110E-03 
-1.410886E+00, 2.328293E-03 
3.241935E+00, 2.001539E-03 
-9.449796E+00, 1.261366E-05 
-4.748136E+00, 5.112135E-04 
-2.567340E+00, 2.748888E-03 
1.076518E+01, 2.401023E-05 
2.670181E+00, 2.356955E-03 
-6.695588E+00, 2.922300E-04 
-3.041891E+00, 4.212200E-03 
8.684593E+00, 8.075853E-05 
-1.887236E+00, 2.860159E-03 
-8.144319E+00, 4.790771E-04 
6.765973E+00, 2.472153E-04 
4.092132E+00, 2.077920E-03 
9.999159E-01, 6.305955E-03 
-6.714534E+00, 3.597823E-04 
9.194054E+00, 2.380280E-05 
-1.727839E+00, 2.252472E-03 
-3.917407E+00, 1.666261E-03 
-1.278844E+01, 1.194912E-05 
5.194957E+00, 2.561358E-03 
3.857917E+00, 2.921760E-03 
-5.963099E+00, 5.009044E-04 
2.828680E+00, 2.219444E-03 
-9.090936E+00, 9.221533E-06 
7.913118E+00, 1.172739E-04 
7.939519E+00, 6.056535E-05 
1.755912E+00, 4.336080E-03 
-1.067240E+01, 1.839974E-05 
-6.378844E+00, 2.144472E-04 
6.033718E+00, 3.639016E-04 
-1.928960E+00, 2.101922E-03 
7.927403E+00, 2.041332E-04 
6.254096E+00, 6.613138E-04 
9.275278E+00, 1.882456E-04 
-1.019725E+01, 2.072502E-05 
-1.118886E+00, 3.609286E-03 
9.412385E-01, 3.395278E-03 
-4.342273E+00, 9.620222E-04 
-8.402269E+00, 7.622990E-05 
-6.775456E+00, 2.781230E-04 
1.042824E+01, 2.760827E-05 
-5.072122E+00, 3.095194E-04 
-7.866192E+00, 1.370176E-04 
1.252903E+00, 2.759814E-03 
-8.049633E+00, 2.727818E-04 
-3.648643E+00, 2.107644E-03 
1.029609E+01, 5.065983E-05 
-6.757081E+00, 3.243396E-04 
1.926367E+00, 2.310130E-03 
-6.312234E-01, 2.710417E-03 
5.169750E+00, 5.861801E-04 
5.871578E+00, 3.596651E-04 
5.968024E+00, 9.332800E-04 
-1.290859E+00, 4.160527E-03 
-6.824035E+00, 4.704469E-04 
8.465716E+00, 2.345479E-04 
-6.223394E+00, 6.989517E-04 
-4.765487E+00, 8.491420E-04 
6.409594E+00, 1.909205E-04 
6.851296E+00, 1.402599E-03 
4.494388E+00, 1.727662E-03 
2.665742E+00, 1.938088E-03 
-2.248325E+00, 2.934952E-03 
-2.023734E+00, 2.607758E-03 
-1.624706E+00, 2.281220E-03 
9.296395E+00, 5.662511E-05 
1.118701E+00, 3.752058E-03 
-1.090836E+01, 1.761562E-05 
-6.743297E+00, 1.258956E-04 
4.854645E+00, 3.061783E-03 
-7.741257E+00, 8.164137E-05 
-7.505459E+00, 2.922300E-04 
-2.290690E+00, 2.459020E-03 
-8.797975E+00, 1.048130E-05 
-5.617898E+00, 6.758455E-04 
7.072513E+00, 3.204904E-04 
2.173780E+00, 5.845662E-03 
9.414935E+00, 5.966538E-05 
1.157561E+01, 3.279579E-05 
9.850139E+00, 3.222700E-05 
1.021185E+01, 2.380280E-05 
9.676274E+00, 3.134810E-05 
-1.453685E+00, 2.860159E-03 
-8.389831E-01, 4.418572E-03 
-7.219584E-01, 3.015209E-03 
7.020095E+00, 8.514640E-04 
-1.270998E+00, 2.850629E-03 
-1.051259E+01, 1.733599E-05 
2.656183E+00, 2.497290E-03 
2.142880E+00, 2.954252E-03 
-6.632943E+00, 5.009044E-04 
7.963059E+00, 2.286959E-04 
-2.733433E+00, 3.928722E-03 
-5.567099E+00, 9.807440E-04 
-6.230151E-01, 4.520910E-03 
-8.686687E-01, 2.750136E-03 
-2.149340E+00, 2.551026E-03 
-9.522205E-01, 3.761577E-03 
-2.224075E+00, 2.044615E-03 
8.631172E-01, 3.161406E-03 
9.776770E+00, 3.978490E-05 
3.203749E+00, 2.265824E-03 
7.109385E-01, 3.005931E-03 
-9.310930E+00, 2.009992E-05 
6.896812E+00, 6.409808E-04 
-7.439554E+00, 4.224286E-04 
4.948305E+00, 2.097297E-03 
-9.598625E+00, 1.341065E-05 
2.691386E+00, 1.935686E-03 
-3.526008E+00, 1.454324E-03 
7.771981E+00, 6.372613E-04 
-1.005511E+01, 1.350445E-05 
6.680397E+00, 2.477686E-04 
2.200429E-01, 4.275191E-03 
4.842734E+00, 1.548954E-03 
8.295943E-01, 4.577935E-03 
-7.468685E-01, 2.580196E-03 
-9.484671E+00, 2.004461E-05 
-3.979674E+00, 1.520265E-03 
3.316052E+00, 9.954542E-04 
-7.707031E+00, 2.367832E-05 
1.405135E+00, 4.411363E-03 
6.687585E+00, 3.553906E-04 
-9.377261E+00, 1.048143E-04 
-3.381333E+00, 1.698284E-03 
4.373975E+00, 2.565044E-03 
1.197253E+01, 2.277251E-05 
9.596602E+00, 3.384768E-05 
-5.059983E+00, 1.392401E-03 
-9.039372E+00, 1.341065E-05 
9.349426E-02, 3.909193E-03 
1.013276E+01, 2.303874E-05 
6.676340E+00, 5.910848E-04 
1.090730E+01, 2.206809E-05 
-6.972105E+00, 4.180599E-04 
4.773529E-01, 2.728229E-03 
8.027119E+00, 3.078251E-04 
-9.801546E+00, 1.111239E-05 
-7.314891E+00, 3.658875E-04 
-5.076979E+00, 6.553257E-04 
5.541213E+00, 1.144796E-03 
-2.890696E+00, 3.688334E-03 
-1.128519E+01, 1.726192E-05 
-1.058961E+01, 1.844307E-05 
-1.050727E+01, 1.236218E-05 
8.069776E+00, 4.530864E-04 
3.219047E+00, 1.677311E-03 
3.754901E+00, 1.630644E-03 
-9.019621E+00, 2.009992E-05 
1.198411E+00, 4.893602E-03 
2.034547E+00, 2.970626E-03 
-2.687561E+00, 3.084564E-03 
-5.806590E-01, 3.747747E-03 
-1.058335E+01, 1.350445E-05 
7.558232E+00, 1.518149E-04 
-9.899421E+00, 1.036251E-05 
-2.360694E+00, 4.151181E-03 
-5.675511E+00, 7.719623E-04 
5.724543E+00, 7.976007E-04 
6.948402E+00, 4.249239E-04 
6.736314E+00, 1.865168E-04 
1.701029E+00, 5.367778E-03 
8.596922E+00, 7.869720E-05 
-2.323458E+00, 3.557496E-03 
1.900102E+00, 4.027195E-03 
6.972888E+00, 2.721199E-04 
-4.224490E+00, 1.027947E-03 
1.146137E+01, 2.253744E-05 
-6.715325E+00, 1.011671E-04 
1.229777E+00, 5.744247E-03 
-5.445974E-01, 3.321544E-03 
-5.329270E+00, 1.483882E-03 
6.110021E+00, 8.175209E-04 
3.075537E+00, 3.862294E-03 
9.535337E+00, 6.431437E-05 
-5.708213E+00, 5.962700E-04 
-8.511209E-01, 2.266867E-03 
1.060411E+01, 4.979719E-05 
1.302748E+00, 3.035416E-03 
3.402573E-01, 3.918535E-03 
-1.938681E+00, 2.951122E-03 
-3.533829E+00, 1.828709E-03 
2.259379E+00, 2.814505E-03 
1.850220E+00, 3.987013E-03 
4.539845E-01, 4.131448E-03 
6.948043E+00, 1.240361E-03 
-2.714155E+00, 2.705181E-03 
-1.979405E+00, 3.728569E-03 
-1.074965E+01, 1.418185E-05 
3.918913E+00, 2.669525E-03 
7.227438E+00, 2.716580E-04 
1.005777E+01, 3.154579E-05 
-7.039439E+00, 2.666300E-04 
-2.675743E+00, 1.393183E-03 
3.723263E+00, 2.322432E-03 
-2.356738E+00, 3.409030E-03 
-4.987645E+00, 2.845915E-03 
-6.906517E+00, 6.641027E-04 
6.532536E+00, 7.915829E-04 
-1.295270E+01, 1.854104E-05 
-9.156479E+00, 1.532258E-05 
-7.204757E+00, 4.609839E-04 
1.134978E+01, 2.349194E-05 
2.252661E+00, 5.409814E-03 
-3.835618E+00, 1.150990E-03 
8.013479E+00, 1.379366E-04 
-7.774018E+00, 8.116732E-05 
-1.209452E+00, 4.217955E-03 
3.759962E+00, 2.240313E-03 
9.881799E+00, 4.084352E-05 
-9.268680E+00, 9.635258E-06 
2.974295E+00, 2.431462E-03 
3.134278E-01, 3.862294E-03 
-4.686922E+00, 5.930502E-04 
-2.418899E-01, 2.893399E-03 
-3.295721E+00, 1.266513E-03 
5.105832E+00, 2.888547E-03 
6.683348E-01, 2.917076E-03 
-5.288103E+00, 6.235060E-04 
-1.227406E+01, 1.932317E-05 
-5.840879E+00, 2.166733E-04 
6.050668E+00, 3.596868E-04 
-5.552494E+00, 2.986259E-04 
-5.574078E+00, 2.673092E-04 
5.712532E+00, 7.278032E-04 
-7.314049E+00, 1.994678E-04 
5.145676E+00, 6.831445E-04 
-2.128986E+00, 2.328293E-03 
-2.425235E+00, 2.441150E-03 
9.093124E+00, 1.508419E-04 
5.874091E+00, 6.814750E-04 
1.078485E+01, 3.341660E-05 
6.737497E+00, 2.677240E-04 
5.466786E+00, 1.008027E-03 
-3.595012E+00, 2.772051E-03 
-3.570168E-01, 3.358241E-03 
6.046969E+00, 4.249239E-04 
-7.325459E+00, 5.109484E-05 
2.333968E+00, 1.323456E-03 
2.877554E+00, 2.395309E-03 
3.975735E+00, 2.103412E-03 
-1.178310E+00, 4.139537E-03 
1.275871E+00, 3.300262E-03 
-1.053200E+01, 1.264589E-05 
6.892615E+00, 5.433160E-04 
5.555292E+00, 6.613138E-04 
9.128718E+00, 2.446793E-05 
-1.142017E+00, 3.629503E-03 
-6.614842E+00, 4.239758E-04 
7.186629E+00, 2.071902E-04 
-2.498411E+00, 3.193334E-03 
-8.726856E+00, 1.264589E-05 
-8.523236E+00, 1.264589E-05 
-5.412204E+00, 2.160712E-04 
-9.092695E+00, 2.679889E-05 
-1.743901E+00, 2.682173E-03 
-4.238191E+00, 1.084694E-03 
4.636373E+00, 2.941900E-03 
2.084549E+00, 2.759814E-03 
-4.200512E+00, 9.100852E-04 
7.552691E-01, 4.696260E-03 
6.151724E+00, 2.576621E-04 
7.158267E+00, 4.666413E-04 
1.875301E+00, 2.704480E-03 
2.551978E+00, 2.556692E-03 
-2.387753E+00, 3.987033E-03 
-3.193514E-01, 3.321544E-03 
-7.849672E+00, 5.790014E-05 
-9.313063E+00, 7.540197E-06 
-3.225208E+00, 1.396270E-03 
-5.538931E+00, 9.535815E-04 
-6.110463E+00, 3.243396E-04 
-5.137192E+00, 1.004538E-03 
-8.947183E+00, 2.068184E-05 
-1.386658E+00, 3.970339E-03 
-1.038745E+00, 2.192410E-03 
-5.785207E+00, 6.022181E-04 
-8.839149E+00, 1.264589E-05 
-8.781085E-01, 4.852509E-03 
-9.000532E+00, 1.341065E-05 
-6.562047E+00, 3.948929E-04 
1.025715E+01, 2.517706E-05 
3.792423E+00, 2.803346E-03 
4.188069E+00, 1.615314E-03 
-4.040202E+00, 2.026053E-03 
-5.500178E+00, 3.080095E-04 
-8.751619E+00, 1.339945E-05 
2.618622E+00, 4.845429E-03 
3.637180E+00, 2.244820E-03 
5.847046E+00, 6.613138E-04 
1.680472E+00, 3.035416E-03 
7.512821E+00, 1.487532E-04 
3.802079E+00, 2.219444E-03 
-5.928951E+00, 6.170773E-04 
1.051994E-01, 4.455269E-03 
-7.343432E+00, 1.130041E-04 
4.459000E+00, 2.181331E-03 
7.899498E+00, 5.370625E-05 
-3.477209E+00, 1.469864E-03 
6.780969E+00, 2.378312E-04 
9.511286E+00, 3.384768E-05 
-7.110692E+00, 7.527727E-05 
-2.240942E+00, 2.822815E-03 
5.235034E+00, 1.390065E-03 
8.240633E+00, 7.388561E-05 
1.286085E+01, 3.290821E-05 
3.220565E+00, 2.662828E-03 
8.079066E+00, 1.602452E-04 
3.708297E+00, 2.293480E-03 
-9.523256E+00, 1.072728E-05 
6.535485E+00, 4.184910E-04 
-1.741774E-01, 5.253303E-03 
4.897063E-01, 3.849074E-03 
7.265677E+00, 3.553906E-04 
-7.511569E+00, 1.336546E-04 
7.873304E-01, 2.872494E-03 
-8.625037E+00, 7.088220E-05 
8.442177E+00, 5.619515E-05 
7.368066E+00, 1.426216E-04 
2.504380E+00, 2.918010E-03 
8.493992E+00, 6.706080E-05 
4.575947E+00, 2.397080E-03 
4.330442E+00, 1.593878E-03 
-6.900448E+00, 3.107885E-05 
-4.133786E+00, 9.668050E-04 
1.002828E+01, 4.037926E-05 
3.157237E+00, 4.074522E-03 
-6.592784E+00, 1.965605E-03 
-9.523263E+00, 1.341065E-05 
-1.958976E+00, 2.600037E-03 
-7.075448E+00, 2.556067E-04 
5.017245E+00, 8.542101E-04 
7.256089E+00, 2.955424E-04 
-3.295162E+00, 1.836333E-03 
-1.319877E+00, 3.103987E-03 
1.061544E+01, 3.290821E-05 
-3.397506E-01, 2.955141E-04 
2.103229E+00, 2.742653E-03 
-6.936237E+00, 3.948929E-04 
-4.065739E+00, 2.152987E-03 
3.843704E+00, 2.150547E-03 
9.250321E+00, 3.384768E-05 
-6.049576E+00, 3.868457E-04 
-1.219661E+01, 2.009992E-05 
1.224768E+00, 4.252778E-03 
-6.716515E+00, 2.666300E-04 
1.053867E+00, 2.955141E-04 
-8.311588E+00, 1.350445E-05 
5.330957E+00, 2.503945E-03 
-8.454979E+00, 1.339945E-05 
-3.530683E+00, 2.012272E-03 
9.688413E+00, 5.423955E-05 
8.811872E+00, 5.249132E-05 
-5.438525E+00, 6.376895E-04 
-6.668123E+00, 3.554427E-04 
-1.346342E+00, 4.093887E-03 
-1.307392E+00, 3.500461E-03 
5.587103E+00, 7.004173E-04 
2.615831E+00, 2.813570E-03 
1.026697E+01, 2.342358E-05 
-3.388672E+00, 1.863198E-03 
-7.783990E+00, 1.931466E-05 
2.380248E+00, 1.323456E-03 
1.084432E+01, 3.215719E-05 
1.483939E+00, 2.742653E-03 
8.049605E+00, 2.716580E-04 
9.519292E+00, 5.423955E-05 
-8.550967E-01, 4.019894E-03 
-1.660092E+00, 2.281220E-03 
-2.937027E+00, 1.767792E-03 
8.983012E-01, 2.955141E-04 
5.820500E+00, 2.397080E-03 
3.448603E+00, 2.332973E-03 
4.865863E+00, 1.992408E-03 
-1.075056E+00, 4.227854E-03 
6.214654E+00, 5.124798E-04 
9.634541E+00, 2.464220E-05 
1.088654E+00, 3.582316E-03 
4.639929E+00, 3.087101E-03 
2.351275E-01, 3.787097E-03 
-2.682857E+00, 2.345023E-03 
-6.506743E-01, 2.908958E-03 
9.093593E+00, 9.959438E-05 
-3.411330E+00, 1.472171E-03 
-8.723298E+00, 1.264589E-05 
-5.389816E+00, 8.491420E-04 
4.642739E+00, 1.813492E-03 
-9.925485E+00, 1.271213E-05 
-5.145760E+00, 5.929916E-04 
5.064229E+00, 8.104174E-04 
8.200268E+00, 1.286287E-04 
3.865121E+00, 2.170969E-03 
-7.106407E-02, 3.066265E-03 
-1.876964E+00, 4.608461E-03 
7.526253E+00, 4.621143E-04 
-8.714553E+00, 2.529178E-05 
-6.442861E+00, 1.336546E-04 
-9.027720E+00, 2.700890E-05 
-6.736846E+00, 4.444800E-04 
-2.909169E+00, 2.186271E-03 
5.014688E+00, 2.425798E-03 
-4.967754E+00, 1.470269E-03 
4.874010E+00, 3.177043E-03 
-9.189016E+00, 1.485926E-05 
-5.292997E+00, 1.443761E-03 
-2.529232E+00, 3.859890E-03 
-4.044986E+00, 1.811035E-03 
9.237128E+00, 4.515053E-05 
-7.251238E+00, 2.783326E-04 
5.153201E+00, 2.491804E-03 
-1.589251E-01, 2.830154E-03 
2.559773E+00, 4.295767E-03 
-4.310387E+00, 1.307993E-03 
-5.455947E+00, 7.665663E-04 
1.094318E+01, 2.349194E-05 
2.995615E+00, 2.405564E-03 
-7.509737E+00, 2.307125E-04 
5.414397E+00, 4.650143E-04 
-4.213640E+00, 1.376000E-03 
8.091431E+00, 2.758732E-04 
8.335441E+00, 1.692556E-04 
-5.491509E+00, 1.483882E-03 
-2.240289E+00, 2.815366E-03 
-7.833446E+00, 1.243154E-04 
-5.716794E-02, 4.439723E-03 
1.600360E+00, 2.908958E-03 
7.588069E+00, 2.041332E-04 
1.042007E+01, 2.448535E-05 
4.457443E+00, 2.290575E-03 
-6.851100E+00, 3.095194E-04 
3.710471E-01, 4.342694E-03 
2.433299E-01, 2.682421E-03 
-6.665912E+00, 3.309855E-05 
-1.479547E+00, 2.492606E-03 
1.067005E+01, 2.253744E-05 
-9.315001E+00, 1.487455E-05 
2.587969E+00, 2.850629E-03 
-3.507161E+00, 3.481947E-03 
-5.169599E+00, 1.408737E-03 
2.339341E+00, 4.338908E-03 
-8.244221E+00, 6.251482E-05 
1.104255E+01, 2.253744E-05 
-4.656204E+00, 4.295700E-04 
-1.203981E+01, 2.090321E-05 
4.593645E+00, 2.578435E-03 
9.721953E+00, 3.711423E-05 
4.751105E+00, 7.012995E-04 
-1.294953E+01, 1.504226E-05 
5.519796E+00, 9.332827E-04 
5.629019E+00, 7.278032E-04 
4.154657E-01, 3.485197E-03 
1.084247E+01, 3.028267E-05 
-8.331570E+00, 7.622990E-05 
-3.644188E+00, 1.433632E-03 
6.851531E-01, 4.182072E-03 
-3.048944E+00, 1.433632E-03 
6.772519E+00, 3.701750E-04 
1.392483E+01, 1.670830E-05 
-3.042222E+00, 3.670966E-03 
9.407222E+00, 4.495814E-05 
1.113398E+00, 3.928768E-03 
-1.117590E+01, 1.194912E-05 
-1.496575E+00, 3.812525E-03 
4.009797E+00, 2.023616E-03 
6.565433E+00, 2.781887E-04 
-7.772334E+00, 5.042214E-05 
-3.364908E+00, 1.266513E-03 
-6.531520E+00, 3.011091E-04 
1.615285E+00, 3.752058E-03 
8.232598E+00, 1.539126E-04 
8.341515E+00, 4.200859E-05 
1.691266E+00, 2.244820E-03 
-1.004423E+00, 5.039483E-03 
-8.438898E+00, 1.508039E-05 
-6.488848E+00, 3.930694E-04 
7.008004E+00, 1.882456E-04 
8.594975E+00, 4.893585E-05 
8.605007E+00, 6.398591E-05 
-1.163477E+01, 1.186226E-05 
1.559685E+00, 5.402579E-03 
-1.259741E+01, 1.044512E-05 
8.532636E+00, 1.222768E-04 
-6.169309E-01, 4.205118E-03 
9.814827E+00, 2.247588E-05 
2.364447E+00, 2.310130E-03 
-8.415031E+00, 1.072728E-05 
9.125104E+00, 4.655343E-05 
-5.762028E+00, 3.658875E-04 
-5.201041E+00, 1.141566E-03 
-6.631824E-01, 5.296555E-03 
3.549474E+00, 1.813492E-03 
-5.456292E+00, 8.180063E-04 
3.250125E+00, 1.574273E-03 
2.542717E+00, 2.861015E-03 
1.979611E+00, 4.816512E-03 
6.020785E+00, 1.176469E-03 
-6.363358E+00, 8.707690E-04 
2.062630E+00, 3.161406E-03 
-1.082383E+01, 1.680871E-05 
-8.488021E+00, 1.264589E-05 
-4.559859E+00, 1.866255E-03 
7.174747E+00, 3.596651E-04 
9.358246E+00, 3.401499E-05 
5.788506E+00, 9.332827E-04 
-8.396996E+00, 3.989356E-04 
5.799638E+00, 1.559817E-03 
9.114996E+00, 5.065983E-05 
-1.377137E+00, 3.927923E-03 
7.919935E+00, 7.899785E-05 
-8.836780E+00, 1.194912E-05 
-9.232206E+00, 1.036251E-05 
-1.019054E+01, 2.072502E-05 
2.955023E+00, 1.895927E-03 
-8.134058E+00, 1.862702E-04 
-8.394921E+00, 3.107885E-05 
-1.157475E+01, 2.078442E-05 
-8.881893E+00, 1.487455E-05 
-9.660076E+00, 1.339945E-05 
-8.812677E+00, 1.036251E-05 
-9.763170E+00, 9.635258E-06 
-9.528205E+00, 9.221533E-06 
-9.061189E+00, 7.661288E-06 
-9.771563E+00, 7.540197E-06 
-8.370234E+00, 1.862702E-04 
-5.090840E+00, 1.396270E-03 
-3.689868E+00, 1.266469E-03 
-3.660631E+00, 1.100649E-03 
-4.257898E+00, 1.027947E-03 
-3.818558E+00, 9.668050E-04 
-4.022432E+00, 9.363126E-04 
9.052755E-01, 3.395278E-03 
4.680683E-01, 2.872494E-03 
2.937212E-01, 2.854749E-03 
1.248450E+00, 2.728229E-03 
5.711860E-01, 2.643254E-03 
8.524630E-01, 2.580196E-03 
3.503919E+00, 2.099027E-03 
3.028978E+00, 2.001539E-03 
2.644220E+00, 1.745768E-03 
3.747488E+00, 1.677311E-03 
5.058307E+00, 6.980438E-04 
5.662207E+00, 1.008027E-03 
6.088224E+00, 9.332800E-04 
5.172979E+00, 7.012995E-04 
5.674848E+00, 7.004173E-04 
5.307642E+00, 6.980438E-04 
5.181426E+00, 6.980438E-04 
9.003272E+00, 6.431437E-05 
9.271817E+00, 4.979719E-05 
9.201838E+00, 4.979719E-05 
8.782778E+00, 4.625821E-05 
9.504587E+00, 3.587536E-05 
9.821334E+00, 2.464220E-05 
1.083443E+01, 2.253744E-05 
1.005505E+01, 2.247588E-05 
