-4.091008E+00, 4.134352E-04 
1.079468E+01, 5.464242E-06 
3.633057E+00, 4.485859E-04 
-5.523826E+00, 2.750660E-04 
5.003238E+00, 4.020595E-04 
9.375458E+00, 1.621086E-05 
-2.004051E+00, 1.594945E-03 
1.503525E+00, 1.347190E-03 
5.185731E+00, 6.058804E-04 
2.966808E+00, 6.341703E-04 
-3.456267E-01, 1.534915E-03 
-6.631602E-01, 1.182761E-03 
3.022594E+00, 7.808254E-04 
-3.114328E+00, 9.902232E-04 
1.030888E+01, 7.362818E-06 
9.460044E+00, 9.116776E-06 
3.895308E+00, 5.874900E-04 
3.145083E+00, 7.123665E-04 
5.961978E+00, 2.012425E-04 
6.026862E+00, 1.900057E-04 
2.418001E+00, 9.923276E-04 
-6.300248E+00, 1.392192E-04 
7.052195E-01, 1.666366E-03 
-5.143696E+00, 2.967323E-04 
6.058435E+00, 3.048921E-04 
1.555474E-01, 9.313667E-04 
-7.343825E-01, 1.209336E-03 
1.104984E+01, 9.397529E-06 
3.251549E+00, 7.084802E-04 
1.145202E+01, 5.061571E-06 
7.299936E+00, 9.972034E-05 
-7.860887E+00, 4.781374E-05 
8.032918E+00, 1.050748E-04 
-7.578769E+00, 5.188435E-05 
1.007902E+01, 4.838241E-06 
-9.874114E+00, 6.798128E-06 
4.257424E+00, 6.288382E-04 
-1.178222E-01, 9.508611E-04 
-1.120071E+01, 6.869780E-06 
5.880641E+00, 2.469252E-04 
2.194385E+00, 6.272053E-04 
-5.329080E+00, 3.098470E-04 
2.163317E+00, 1.102313E-03 
-2.078487E+00, 7.420061E-04 
-1.387612E+00, 1.240120E-03 
-4.568870E+00, 4.635160E-04 
9.160194E+00, 1.618318E-05 
7.251377E+00, 7.176406E-05 
1.610860E+00, 1.434897E-03 
6.896144E+00, 1.092032E-04 
2.537459E+00, 1.157502E-03 
-9.463998E+00, 1.131200E-05 
-6.623202E+00, 1.342254E-04 
1.347567E+00, 8.225445E-04 
-9.801176E-01, 1.169670E-03 
8.036841E+00, 9.679362E-05 
6.102602E+00, 1.481268E-04 
-1.188389E+01, 7.052082E-06 
-4.143827E+00, 8.009955E-04 
-1.690282E+00, 1.090138E-03 
-8.482557E+00, 4.877819E-05 
8.521293E+00, 1.832001E-05 
1.145589E+00, 1.385644E-03 
-2.143082E+00, 9.672699E-04 
-7.326716E+00, 7.609812E-05 
-5.068885E+00, 4.986070E-04 
5.165131E+00, 2.625250E-04 
2.818060E+00, 8.525991E-04 
6.770463E-01, 1.178998E-03 
7.316315E+00, 1.050399E-04 
-1.176599E+01, 9.956940E-06 
5.955221E+00, 2.251983E-04 
-1.796524E+00, 1.026025E-03 
9.851673E+00, 5.003645E-06 
7.224395E+00, 9.215500E-05 
8.097130E+00, 4.034243E-05 
9.749324E+00, 7.337534E-06 
1.181660E+01, 9.079431E-06 
2.086539E-01, 1.441242E-03 
-7.368435E+00, 4.539781E-05 
1.151984E+01, 4.735429E-06 
1.030594E+01, 8.529210E-06 
-4.025391E+00, 4.008930E-04 
1.036259E+01, 4.838241E-06 
-1.532651E+00, 1.051441E-03 
-1.007166E+01, 8.701192E-06 
3.575802E+00, 7.622034E-04 
5.400213E+00, 2.780177E-04 
-4.899206E+00, 4.132699E-04 
1.609122E+00, 1.489167E-03 
7.297226E+00, 9.120875E-05 
-5.464781E+00, 2.048083E-04 
-6.276666E+00, 8.095245E-05 
5.259570E+00, 3.412630E-04 
6.362876E+00, 2.030642E-04 
5.409773E+00, 2.701849E-04 
6.297773E+00, 2.205694E-04 
-2.768930E+00, 8.529387E-04 
-1.098139E+01, 5.279442E-06 
8.316394E+00, 1.970438E-05 
-1.244638E+00, 1.004710E-03 
9.220003E+00, 1.587593E-05 
-1.124287E+00, 1.678343E-03 
1.886444E-01, 1.444929E-03 
-3.429170E+00, 5.755009E-04 
2.750894E+00, 5.805814E-04 
4.932130E+00, 5.923664E-04 
-3.083019E+00, 5.862650E-04 
4.817603E-01, 1.641802E-03 
-6.927650E+00, 1.426962E-04 
-6.376285E-01, 1.016739E-03 
1.970755E+00, 1.374218E-03 
8.087217E+00, 3.282194E-05 
-1.062820E+01, 9.866603E-06 
-1.484244E+00, 1.008590E-03 
-2.988497E+00, 5.807734E-04 
9.875641E+00, 2.048663E-05 
-2.598833E-01, 1.321713E-03 
6.388092E+00, 9.925560E-05 
-3.456061E+00, 6.181858E-04 
-3.269073E+00, 6.024019E-04 
8.338372E+00, 5.440917E-05 
-2.304718E+00, 5.904064E-04 
-7.825858E+00, 6.290300E-05 
-3.943976E+00, 9.534155E-04 
2.813043E+00, 1.157705E-03 
-6.069733E+00, 1.682215E-04 
-1.083922E+01, 7.383064E-06 
2.821243E+00, 7.376311E-04 
-9.563133E+00, 8.856216E-06 
-5.986390E+00, 3.173587E-04 
5.807021E+00, 2.896938E-04 
6.935423E+00, 1.413162E-04 
1.896125E+00, 9.383444E-04 
4.067044E+00, 5.868183E-04 
-7.073823E-01, 1.081799E-03 
1.000745E+01, 9.136753E-06 
6.710246E+00, 1.055346E-04 
-8.552014E+00, 9.596675E-06 
2.627444E+00, 7.531048E-04 
1.361188E+00, 1.345730E-03 
2.130204E+00, 8.481616E-04 
7.554407E+00, 1.149981E-04 
-1.072179E+01, 9.230822E-06 
-7.837684E+00, 7.497979E-05 
-8.611901E+00, 2.632780E-05 
5.061836E+00, 5.102830E-04 
5.741024E+00, 3.635686E-04 
3.788005E-01, 1.633462E-03 
-2.248648E+00, 9.760619E-04 
-6.997282E+00, 8.269439E-05 
4.850471E+00, 4.579540E-04 
-3.296797E+00, 6.699537E-04 
4.021400E+00, 5.977461E-04 
4.170711E+00, 6.532258E-04 
8.446305E+00, 3.550176E-05 
2.617231E+00, 9.635142E-04 
6.227081E+00, 1.607016E-04 
7.775452E-01, 1.053100E-03 
7.980687E+00, 8.307069E-05 
-5.682989E+00, 2.671275E-04 
8.457950E+00, 2.956112E-05 
-5.935457E+00, 2.273812E-04 
-8.755429E+00, 8.830351E-06 
2.747421E+00, 7.808254E-04 
9.118888E+00, 1.989542E-05 
-3.799618E+00, 9.628342E-04 
6.971043E+00, 7.663502E-05 
3.979184E+00, 4.402067E-04 
-8.528765E+00, 4.001106E-05 
-1.563848E+00, 1.288493E-03 
-3.044587E+00, 5.800084E-04 
-1.011520E+01, 5.699010E-06 
-6.187436E+00, 9.078936E-05 
4.971856E+00, 3.713841E-04 
8.645897E+00, 2.829870E-05 
2.098604E+00, 8.064694E-04 
-4.446551E+00, 5.700271E-04 
1.947725E+00, 1.053134E-03 
5.435868E+00, 5.188939E-04 
-5.729082E+00, 2.177600E-04 
1.202740E+00, 1.157278E-03 
5.293094E-01, 1.566803E-03 
1.410467E+00, 1.098233E-03 
2.917457E+00, 1.170105E-03 
5.171701E+00, 3.230340E-04 
-8.304006E+00, 2.299135E-05 
4.232137E+00, 4.239256E-04 
6.376693E+00, 2.726872E-04 
-4.661059E+00, 5.895660E-04 
2.640416E+00, 7.380807E-04 
5.495482E+00, 3.098658E-04 
5.678184E+00, 3.035114E-04 
3.401327E+00, 6.968373E-04 
-7.708455E+00, 6.291322E-05 
2.810626E+00, 1.063966E-03 
3.633472E+00, 6.535297E-04 
-1.045522E+01, 5.674871E-06 
1.375656E+00, 1.469634E-03 
-9.022889E+00, 1.123784E-05 
9.810507E+00, 4.988714E-06 
4.547502E+00, 6.122923E-04 
-6.236325E+00, 1.257482E-04 
7.696391E+00, 5.659740E-05 
1.787550E+00, 8.507846E-04 
8.695155E-04, 1.032917E-03 
7.966382E+00, 6.814577E-05 
1.034595E+01, 6.753182E-06 
-1.995407E+00, 1.211084E-03 
5.883757E+00, 2.820255E-04 
3.668538E+00, 5.901735E-04 
-5.856463E+00, 3.339509E-04 
1.023208E+01, 5.464242E-06 
9.405888E+00, 1.587593E-05 
-5.878933E+00, 2.147329E-04 
4.082191E+00, 5.659578E-04 
2.848313E+00, 9.692331E-04 
3.100571E+00, 7.992811E-04 
1.018874E+01, 4.826051E-06 
3.914205E+00, 5.716917E-04 
-8.917287E+00, 1.333284E-05 
3.285433E+00, 5.274960E-04 
-1.879247E+00, 1.516692E-03 
6.072484E+00, 2.666888E-04 
5.578435E+00, 4.355480E-04 
-7.251512E+00, 5.712956E-05 
-4.924800E+00, 5.409385E-04 
3.597955E+00, 8.575176E-04 
2.478374E-01, 1.148912E-03 
5.465665E+00, 6.281881E-04 
1.539823E+00, 1.321852E-03 
7.305067E+00, 7.784894E-05 
8.573826E+00, 2.159683E-05 
-3.558366E+00, 6.477393E-04 
5.214751E+00, 3.186998E-04 
1.144654E+00, 8.521135E-04 
7.180439E+00, 1.427565E-04 
7.324383E+00, 9.222282E-05 
4.936552E+00, 4.598740E-04 
-5.745282E+00, 2.801292E-04 
9.480919E-01, 1.101338E-03 
4.814896E+00, 5.958478E-04 
7.487762E+00, 5.696337E-05 
-8.126189E+00, 8.675786E-05 
-1.014561E+01, 9.596675E-06 
2.024570E+00, 8.825941E-04 
-7.093974E+00, 6.966063E-05 
-3.273670E+00, 1.009261E-03 
-4.021165E+00, 3.798194E-04 
1.141265E+01, 5.401464E-06 
-4.622965E+00, 5.193113E-04 
9.609485E+00, 2.048663E-05 
1.207757E-01, 1.446562E-03 
-3.487895E+00, 5.263682E-04 
-1.409493E+01, 8.058841E-06 
-7.659697E+00, 5.023199E-05 
1.340077E+00, 8.686631E-04 
-8.524300E+00, 1.248276E-05 
-1.048957E+01, 5.527642E-06 
-1.069000E+00, 8.668799E-04 
8.656408E-02, 1.224111E-03 
-1.194478E+00, 1.669184E-03 
8.998877E+00, 1.865426E-05 
2.529813E+00, 1.026309E-03 
1.396323E+00, 7.893066E-04 
-1.019525E+01, 9.910629E-06 
-8.720891E+00, 1.811255E-05 
-1.056080E+01, 6.949862E-06 
6.346138E+00, 1.724928E-04 
3.971305E-01, 9.208430E-04 
-6.892060E+00, 5.888781E-05 
-2.598018E-01, 8.084226E-04 
-7.785515E+00, 1.092018E-04 
-9.977476E+00, 9.051110E-06 
-4.734469E+00, 3.090699E-04 
-8.677905E+00, 1.744839E-05 
1.012342E+01, 6.110498E-06 
-6.771351E+00, 9.854382E-05 
-8.553815E+00, 3.064036E-05 
6.803995E+00, 1.343588E-04 
-9.561191E+00, 1.202269E-05 
-2.552663E-01, 1.245489E-03 
1.374930E+00, 1.039425E-03 
9.752949E+00, 1.587593E-05 
6.498570E+00, 1.012556E-04 
6.374562E+00, 1.549329E-04 
2.354323E+00, 8.113369E-04 
4.977264E-01, 1.108471E-03 
1.386982E-01, 1.699264E-03 
-5.631122E+00, 2.628274E-04 
1.423128E+00, 8.225445E-04 
-8.457638E+00, 2.377150E-05 
-4.861838E+00, 2.199836E-04 
1.845238E+00, 1.148104E-03 
-3.728010E+00, 5.674757E-04 
7.255578E+00, 7.362429E-05 
-3.442354E+00, 5.956126E-04 
-5.786937E-01, 1.153582E-03 
9.676659E+00, 1.902600E-05 
1.784647E+00, 7.712268E-04 
5.185357E+00, 3.083372E-04 
-2.592986E+00, 8.083923E-04 
-6.368431E+00, 1.580983E-04 
9.734775E+00, 8.930691E-06 
-9.277974E+00, 1.101694E-05 
5.871983E+00, 2.603948E-04 
4.243789E+00, 1.040133E-03 
-3.004493E-01, 9.396945E-04 
7.944745E+00, 1.102061E-04 
1.688244E+00, 1.442044E-03 
7.997732E+00, 4.348550E-05 
-9.183772E-01, 1.025394E-03 
5.243106E+00, 3.161080E-04 
-7.128253E+00, 6.645484E-05 
7.468176E+00, 7.348247E-05 
8.785827E+00, 4.438587E-05 
-7.817553E+00, 5.526950E-05 
-8.893766E+00, 1.278835E-05 
-9.911782E-01, 1.592832E-03 
9.332157E+00, 1.204636E-05 
-6.176085E+00, 1.128954E-04 
-2.126169E+00, 5.890806E-04 
2.925973E+00, 7.092204E-04 
4.691298E+00, 3.800115E-04 
6.708290E+00, 1.722357E-04 
6.518500E+00, 1.383583E-04 
5.263975E+00, 3.513814E-04 
9.450254E+00, 1.341404E-05 
-9.879987E+00, 6.831636E-06 
6.450451E+00, 1.431341E-04 
6.467513E+00, 1.348837E-04 
6.413158E+00, 1.949741E-04 
9.607994E+00, 1.613058E-05 
-6.839029E+00, 9.822328E-05 
-5.029915E-01, 1.224590E-03 
4.614722E+00, 6.360462E-04 
-9.313650E+00, 7.324013E-06 
2.284163E+00, 7.578494E-04 
1.010265E+01, 4.721226E-06 
7.370815E+00, 6.652405E-05 
-9.224327E+00, 5.443973E-06 
-1.093387E+01, 5.318461E-06 
3.502164E-01, 1.175490E-03 
4.511135E+00, 6.119945E-04 
-8.798592E+00, 8.830351E-06 
-1.449511E+00, 1.169203E-03 
9.003400E+00, 1.832001E-05 
-1.346847E+00, 1.286928E-03 
1.053947E+01, 7.328966E-06 
-1.566302E+00, 1.051387E-03 
-9.672991E+00, 1.103313E-05 
-9.329356E+00, 9.120361E-06 
-1.374290E+00, 1.575258E-03 
1.885921E+00, 9.254983E-04 
-8.373557E+00, 2.645800E-05 
-2.705289E+00, 6.238407E-04 
-8.154365E+00, 3.567404E-05 
-1.100270E+01, 7.431700E-06 
2.305307E+00, 6.521827E-04 
-1.088202E+01, 6.868591E-06 
4.728028E+00, 4.223155E-04 
-8.575781E+00, 4.572313E-05 
5.263650E+00, 3.082489E-04 
-8.284288E+00, 1.327344E-05 
-7.128593E+00, 8.675786E-05 
1.125187E+01, 5.188253E-06 
8.054616E+00, 3.441752E-05 
1.956639E+00, 1.177909E-03 
-2.520966E+00, 6.238407E-04 
-4.607153E+00, 5.701824E-04 
-9.264631E+00, 8.995092E-06 
-2.002250E+00, 9.815578E-04 
-4.906244E-01, 1.521709E-03 
3.312498E+00, 1.005979E-03 
8.930357E+00, 2.846499E-05 
-1.148853E+00, 1.254875E-03 
-7.328140E+00, 7.588622E-05 
7.468282E+00, 1.050399E-04 
-6.198451E+00, 1.918884E-04 
8.775674E+00, 3.098060E-05 
-8.068538E+00, 9.626698E-05 
1.284156E-01, 1.405013E-03 
2.750867E+00, 9.117979E-04 
4.742449E+00, 5.412635E-04 
-7.442923E+00, 6.207955E-05 
9.785334E+00, 1.040745E-05 
8.298427E+00, 3.356406E-05 
5.891313E+00, 2.899296E-04 
-4.305853E+00, 6.690298E-04 
7.460216E+00, 1.216821E-04 
-9.535955E+00, 1.220365E-05 
-1.727704E+00, 1.267077E-03 
-7.215321E+00, 5.774246E-05 
7.671680E+00, 8.063474E-05 
-4.728502E-01, 1.327706E-03 
-1.109238E+01, 9.062269E-06 
-9.089890E+00, 9.587203E-06 
4.534411E+00, 3.579310E-04 
-3.644924E+00, 5.986301E-04 
-4.695652E+00, 3.685756E-04 
-9.949517E+00, 8.892210E-06 
5.729892E+00, 2.096175E-04 
4.288431E+00, 4.823910E-04 
-3.714670E+00, 5.568353E-04 
-1.773608E-01, 1.464656E-03 
1.052082E+01, 6.084078E-06 
2.243856E+00, 6.521827E-04 
-1.400158E+00, 1.278053E-03 
4.618940E+00, 5.839332E-04 
-3.525563E-01, 8.152260E-04 
-1.129893E+01, 5.744232E-06 
4.371523E+00, 5.355041E-04 
-6.363211E+00, 2.177600E-04 
4.423749E-01, 1.218388E-03 
-9.507536E+00, 6.620801E-06 
-2.494589E-01, 1.225545E-03 
-2.174082E+00, 1.068400E-03 
3.082691E+00, 5.852142E-04 
-8.270001E+00, 1.106912E-05 
5.238927E+00, 3.834412E-04 
-6.874894E+00, 1.223817E-04 
1.080205E+01, 6.060535E-06 
4.595432E+00, 4.500212E-04 
-6.648407E+00, 1.010808E-04 
9.169399E+00, 1.166975E-05 
-1.136774E+01, 6.571929E-06 
4.511425E+00, 5.141016E-04 
5.955483E-01, 1.445371E-03 
-3.679619E+00, 6.400995E-04 
3.626881E+00, 5.852142E-04 
7.556268E-01, 1.381035E-03 
-2.077787E+00, 7.217969E-04 
6.804966E+00, 2.294002E-04 
1.016622E+01, 6.019395E-06 
9.571122E+00, 1.076866E-05 
9.223396E+00, 2.071203E-05 
4.183149E+00, 4.438328E-04 
-8.147818E+00, 1.826245E-05 
8.397318E+00, 3.478752E-05 
8.254275E+00, 5.273779E-05 
-9.247939E+00, 8.323861E-06 
-6.828995E+00, 7.398378E-05 
8.674408E+00, 3.672562E-05 
-1.367194E-01, 9.010299E-04 
4.177966E+00, 3.727816E-04 
-3.444302E+00, 6.426949E-04 
-8.185474E+00, 2.961770E-05 
-9.250071E+00, 9.744271E-06 
5.936631E+00, 2.918955E-04 
-6.428903E+00, 1.711387E-04 
-3.764023E+00, 6.094710E-04 
8.400832E+00, 2.848168E-05 
6.027024E+00, 3.324235E-04 
-5.245272E+00, 2.959446E-04 
1.806009E+00, 7.708002E-04 
1.812716E-03, 8.581002E-04 
7.684719E+00, 7.763977E-05 
-9.417326E+00, 8.992690E-06 
4.374605E+00, 5.548910E-04 
-1.965764E+00, 7.782625E-04 
1.087585E+01, 4.780946E-06 
-6.778748E+00, 1.307023E-04 
-1.021547E+01, 5.368926E-06 
7.127459E+00, 7.985484E-05 
-2.204157E+00, 9.672699E-04 
5.398582E+00, 2.964113E-04 
-6.874131E+00, 9.757175E-05 
-7.386883E+00, 7.066476E-05 
5.422698E+00, 3.621490E-04 
2.275149E+00, 1.185364E-03 
-1.527872E-01, 9.543617E-04 
2.503700E+00, 1.152881E-03 
1.018868E+01, 8.423933E-06 
-1.832836E+00, 1.093006E-03 
1.871075E+00, 1.019143E-03 
-5.167673E+00, 5.535678E-04 
1.947569E+00, 1.158059E-03 
-5.874068E+00, 2.258790E-04 
6.793474E+00, 2.553660E-04 
-5.034296E+00, 2.301139E-04 
-7.264960E+00, 5.552685E-05 
5.610729E+00, 2.972386E-04 
1.320881E+00, 1.063115E-03 
-6.524685E-01, 8.937195E-04 
4.116156E+00, 9.239507E-04 
4.300752E-01, 1.422746E-03 
9.586924E+00, 1.510236E-05 
8.214334E+00, 6.113253E-05 
1.547681E+00, 8.085459E-04 
5.639623E+00, 2.625250E-04 
2.308532E+00, 9.692331E-04 
7.584508E+00, 7.920680E-05 
-5.866669E+00, 2.476633E-04 
9.841046E+00, 5.712232E-06 
-7.271071E+00, 4.680299E-05 
-7.304742E+00, 6.698958E-05 
3.196853E+00, 1.039517E-03 
4.132668E+00, 3.681651E-04 
-8.584562E+00, 9.038542E-06 
1.034598E+01, 6.787108E-06 
-2.284601E+00, 5.417503E-04 
-3.628172E+00, 6.784958E-04 
-5.171855E+00, 2.174784E-04 
-6.203616E+00, 1.530236E-04 
-5.606607E+00, 4.129253E-04 
3.321040E+00, 7.298900E-04 
-9.183408E+00, 9.268834E-06 
-3.716784E-01, 1.507813E-03 
-6.760206E+00, 1.523570E-04 
-3.222058E+00, 5.822522E-04 
1.503117E+00, 1.391241E-03 
-2.664324E+00, 1.051387E-03 
5.346784E+00, 3.502864E-04 
-1.243805E+00, 1.128069E-03 
-1.105710E+01, 6.613238E-06 
-8.282703E-01, 1.023060E-03 
1.589846E+00, 1.001920E-03 
-8.944972E+00, 4.795539E-05 
-1.403040E+00, 1.069711E-03 
4.631149E+00, 3.333348E-04 
-6.246215E+00, 1.109509E-04 
-4.381726E+00, 5.318909E-04 
-5.064063E+00, 2.340581E-04 
-8.408622E+00, 1.781959E-05 
-1.826719E+00, 5.970859E-04 
3.702107E+00, 5.584966E-04 
7.087115E+00, 1.282820E-04 
-3.116094E+00, 5.895660E-04 
5.582229E+00, 3.217571E-04 
-4.985898E+00, 3.636955E-04 
-9.705608E+00, 4.916188E-06 
1.703089E+00, 7.876857E-04 
6.632871E+00, 1.090601E-04 
-8.259409E+00, 4.519656E-05 
5.566035E+00, 3.887975E-04 
9.310210E+00, 1.175189E-05 
2.569242E+00, 9.111097E-04 
6.949571E+00, 1.227886E-04 
8.178828E+00, 4.170176E-05 
3.062451E+00, 6.792863E-04 
4.633375E+00, 3.379759E-04 
1.884989E+00, 7.796650E-04 
5.569000E+00, 2.595713E-04 
7.762255E+00, 6.856905E-05 
-6.943223E+00, 6.288122E-05 
6.734933E+00, 1.460519E-04 
-4.580436E+00, 3.896021E-04 
3.567882E+00, 6.284977E-04 
-6.432229E+00, 1.092018E-04 
2.851190E+00, 6.341703E-04 
-3.817848E+00, 6.174112E-04 
7.642009E+00, 7.517700E-05 
1.072941E+01, 6.365339E-06 
-8.953751E+00, 8.724193E-06 
5.868039E+00, 1.900057E-04 
-4.655966E-01, 8.411640E-04 
4.467953E-01, 1.689127E-03 
9.110071E+00, 1.942543E-05 
-1.102776E+01, 5.136880E-06 
-1.076599E+01, 5.571502E-06 
8.958809E+00, 1.980170E-05 
-5.009916E+00, 4.061435E-04 
-8.896046E+00, 2.061596E-05 
-8.006679E+00, 2.586936E-05 
-9.209135E+00, 8.637383E-06 
-1.526187E+00, 1.167401E-03 
-6.201380E+00, 1.603034E-04 
-6.085302E+00, 2.077145E-04 
-1.638071E+00, 1.231421E-03 
7.769642E+00, 6.370889E-05 
-9.147940E+00, 1.074372E-05 
8.627136E+00, 3.852684E-05 
6.738801E+00, 2.067318E-04 
1.150579E+01, 5.002523E-06 
-1.332391E+01, 8.620923E-06 
-9.235233E+00, 7.777506E-06 
1.098050E+01, 5.302455E-06 
7.248469E+00, 6.933876E-05 
-1.633197E+00, 1.370287E-03 
-2.979387E-01, 1.439942E-03 
-8.083732E+00, 2.940860E-05 
3.187144E-01, 1.086474E-03 
2.866364E+00, 6.423715E-04 
-9.195698E+00, 1.508994E-05 
6.305128E+00, 1.710636E-04 
-4.535992E+00, 3.984398E-04 
-2.510863E+00, 7.213167E-04 
-1.003123E+01, 8.700558E-06 
6.448028E+00, 1.411508E-04 
-4.673113E+00, 5.932357E-04 
7.199009E+00, 6.435091E-05 
8.059127E+00, 9.879699E-05 
9.041942E+00, 1.107038E-05 
1.690153E+00, 1.460375E-03 
-4.302236E+00, 6.904968E-04 
-8.634470E+00, 1.514346E-05 
7.587613E+00, 9.972034E-05 
9.239441E+00, 1.514424E-05 
-8.109652E+00, 6.317383E-05 
3.084752E+00, 7.623712E-04 
-1.255016E+01, 5.736159E-06 
8.863620E+00, 2.238915E-05 
3.327818E+00, 5.268001E-04 
9.700738E-01, 1.206873E-03 
-5.382400E+00, 2.763419E-04 
-5.179753E+00, 2.634685E-04 
-8.999866E+00, 9.587203E-06 
-5.269652E+00, 2.277700E-04 
-1.272666E+01, 5.352223E-06 
-7.717658E+00, 9.039312E-05 
-5.253378E+00, 2.225799E-04 
-5.172180E+00, 4.101855E-04 
-6.763854E+00, 1.391545E-04 
2.802963E+00, 7.509202E-04 
-8.153002E+00, 4.408508E-05 
4.184092E+00, 5.772382E-04 
9.787204E+00, 5.520968E-06 
1.146102E+01, 5.598561E-06 
-8.405898E+00, 1.615077E-05 
-3.660379E+00, 6.272341E-04 
-7.428617E-01, 1.442562E-03 
-2.511388E+00, 8.158816E-04 
4.298338E+00, 4.067042E-04 
-2.409154E+00, 5.477348E-04 
-4.003634E+00, 9.228266E-04 
6.571986E+00, 1.266228E-04 
8.078960E+00, 4.478805E-05 
-8.773271E+00, 3.902080E-05 
-3.431579E+00, 9.534155E-04 
-3.453968E+00, 1.008569E-03 
6.497562E+00, 1.549329E-04 
7.686190E+00, 8.956168E-05 
-2.122270E+00, 5.904064E-04 
-2.984957E+00, 6.066054E-04 
-2.875492E-01, 1.156183E-03 
-8.957035E+00, 1.056407E-05 
2.128092E+00, 7.016725E-04 
2.393172E+00, 1.116058E-03 
-8.961432E+00, 1.696250E-05 
-6.893915E+00, 9.349914E-05 
-8.811004E+00, 2.801123E-05 
-1.983230E+00, 8.934745E-04 
-4.397124E+00, 4.488421E-04 
-1.181570E+01, 5.025517E-06 
1.034534E+01, 5.384332E-06 
1.148266E+01, 4.775272E-06 
9.850064E+00, 1.183893E-05 
6.159112E+00, 1.662672E-04 
-5.783124E+00, 2.578025E-04 
-8.047670E+00, 4.519656E-05 
8.237858E+00, 6.524279E-05 
-5.742704E+00, 2.592519E-04 
-4.582295E+00, 4.050834E-04 
6.050570E+00, 1.349218E-04 
6.692116E+00, 9.680304E-05 
-5.296964E+00, 2.885795E-04 
3.494989E+00, 5.548910E-04 
6.388813E+00, 1.572271E-04 
9.900056E+00, 7.263236E-06 
5.069919E+00, 5.130696E-04 
7.000633E+00, 1.250716E-04 
-3.106911E+00, 7.417417E-04 
1.154347E+01, 5.587544E-06 
-8.394935E+00, 1.942031E-05 
-1.525604E+00, 1.325378E-03 
-4.462628E+00, 4.163884E-04 
-2.543398E+00, 9.038347E-04 
4.404617E-01, 9.419960E-04 
-5.654071E+00, 2.107240E-04 
1.045268E+01, 8.100160E-06 
3.503896E+00, 4.356154E-04 
6.037898E+00, 2.798001E-04 
9.613538E+00, 1.022568E-05 
-5.010462E+00, 3.704505E-04 
-3.092737E-01, 1.214246E-03 
2.739036E+00, 5.830664E-04 
8.159399E+00, 4.034243E-05 
-5.687978E+00, 2.121250E-04 
8.387979E+00, 3.852684E-05 
-4.112739E+00, 5.313550E-04 
-5.491337E-01, 1.350085E-03 
-5.730691E+00, 3.147036E-04 
9.878115E+00, 1.560425E-05 
-2.849353E+00, 7.415159E-04 
9.393161E-01, 1.421776E-03 
9.476342E+00, 6.206137E-06 
6.752920E-01, 1.037553E-03 
-1.149462E-01, 1.481860E-03 
-1.689908E+00, 1.008590E-03 
8.263475E+00, 3.550176E-05 
-5.989497E-01, 1.249697E-03 
4.049275E-01, 9.984378E-04 
8.779571E+00, 2.848168E-05 
6.207692E-01, 1.270930E-03 
1.587745E-01, 9.301730E-04 
-7.809200E+00, 3.181772E-05 
-3.296791E+00, 9.394098E-04 
-7.916605E+00, 7.134808E-05 
-9.630705E+00, 6.949237E-06 
2.572300E+00, 8.026555E-04 
-1.129925E+00, 1.363998E-03 
-6.037185E+00, 1.925340E-04 
8.704614E+00, 2.793572E-05 
-3.825076E-01, 1.509192E-03 
1.017678E+00, 1.172452E-03 
-1.194981E+01, 5.353998E-06 
-1.014077E+01, 7.000660E-06 
2.467022E+00, 1.092161E-03 
-7.983291E+00, 3.707995E-05 
9.443793E+00, 1.092848E-05 
-5.898140E+00, 2.128794E-04 
5.832820E+00, 2.974862E-04 
7.712732E+00, 7.787445E-05 
8.923174E+00, 1.980170E-05 
-3.963282E+00, 9.173236E-04 
-7.322668E+00, 5.773233E-05 
-7.845441E+00, 7.415989E-05 
9.174645E+00, 1.733480E-05 
4.727352E+00, 5.652738E-04 
-9.063968E+00, 1.373436E-05 
-6.238217E+00, 1.246834E-04 
9.981157E+00, 1.783108E-05 
3.783500E+00, 6.820931E-04 
-8.528107E+00, 2.238221E-05 
3.292459E+00, 6.792863E-04 
4.690801E+00, 3.520796E-04 
5.084408E+00, 3.546094E-04 
8.907131E+00, 2.790873E-05 
-1.512919E+00, 1.116912E-03 
6.474560E-01, 1.344730E-03 
-9.271423E+00, 6.394177E-06 
-3.435723E+00, 6.471622E-04 
5.294385E+00, 2.681395E-04 
-2.602057E+00, 5.409385E-04 
-8.180869E+00, 4.330772E-05 
8.908588E-01, 1.546394E-03 
-6.987638E+00, 2.347436E-04 
3.524302E+00, 6.599352E-04 
1.019939E+01, 4.863088E-06 
3.285484E+00, 7.705109E-04 
1.153398E+00, 7.613675E-04 
-3.451869E+00, 7.289893E-04 
3.314115E+00, 6.209527E-04 
2.271289E+00, 7.392562E-04 
-9.149920E+00, 1.277041E-05 
6.361177E+00, 1.350764E-04 
7.386302E+00, 7.144212E-05 
-1.020883E+01, 5.679280E-06 
7.481185E+00, 8.787187E-05 
-4.310078E+00, 6.683220E-04 
7.988372E+00, 9.019031E-05 
-4.560678E+00, 4.938730E-04 
-2.062482E+00, 6.794037E-04 
6.547306E+00, 1.760398E-04 
3.721695E+00, 7.695222E-04 
-7.762018E+00, 3.674453E-05 
-9.993402E+00, 6.353994E-06 
3.902853E+00, 5.453384E-04 
5.451723E+00, 3.412630E-04 
3.335715E+00, 6.449832E-04 
4.331262E+00, 4.402067E-04 
1.608443E+00, 1.183002E-03 
-1.010825E+01, 5.368926E-06 
-5.421623E+00, 2.281379E-04 
-2.045785E+00, 1.699165E-03 
4.903893E-01, 1.321672E-03 
-6.483299E+00, 1.477827E-04 
3.398732E+00, 5.347235E-04 
-7.190719E+00, 8.445315E-05 
-7.640679E+00, 7.588622E-05 
-8.403196E+00, 4.886534E-05 
2.152612E+00, 7.676847E-04 
1.303654E+00, 1.140244E-03 
7.110808E+00, 1.011839E-04 
-4.626389E+00, 4.289333E-04 
-2.158911E+00, 1.076286E-03 
-5.550070E+00, 2.982123E-04 
3.160515E+00, 5.547937E-04 
-1.368152E+00, 1.336688E-03 
2.330729E+00, 8.491806E-04 
3.159968E+00, 9.351615E-04 
-8.247148E+00, 3.548742E-05 
1.952986E+00, 6.101516E-04 
2.619147E+00, 9.299173E-04 
5.013771E+00, 6.030339E-04 
1.098211E+00, 8.042796E-04 
2.243437E+00, 6.865328E-04 
1.265022E+01, 5.723603E-06 
3.509711E+00, 6.261317E-04 
2.846744E-01, 1.328908E-03 
-2.923335E+00, 8.750813E-04 
7.677711E+00, 5.293125E-05 
-7.434675E+00, 9.626698E-05 
1.090799E+01, 7.716068E-06 
7.029848E+00, 1.719591E-04 
-6.598030E+00, 9.379451E-05 
5.935876E+00, 4.842253E-04 
-5.948174E+00, 1.510098E-04 
-7.999283E+00, 2.154519E-05 
-8.290190E+00, 4.910952E-05 
-3.870026E+00, 6.530618E-04 
9.312481E+00, 1.596932E-05 
8.181735E+00, 3.960340E-05 
8.164556E+00, 5.034494E-05 
8.685555E+00, 3.478752E-05 
-4.585632E+00, 4.344579E-04 
5.199076E+00, 3.510857E-04 
2.883030E+00, 9.725939E-04 
2.523229E+00, 1.064838E-03 
5.050927E-01, 1.159147E-03 
1.273444E+00, 8.602292E-04 
-3.707973E+00, 8.485644E-04 
7.118580E+00, 9.848166E-05 
2.002158E+00, 6.410264E-04 
8.897060E-01, 1.108090E-03 
-1.296682E+00, 1.721546E-03 
9.570873E+00, 1.945980E-05 
-6.904546E+00, 5.909548E-05 
6.788869E+00, 1.063636E-04 
-4.959426E+00, 2.628274E-04 
-7.343025E-01, 1.319307E-03 
9.753371E+00, 1.198848E-05 
5.512165E-01, 1.080226E-03 
-9.288076E+00, 8.443867E-06 
8.839533E+00, 3.473418E-05 
1.175868E+01, 8.147589E-06 
-8.463301E+00, 1.786225E-05 
9.232367E+00, 2.349227E-05 
-9.889329E+00, 8.080895E-06 
1.051101E+01, 7.735586E-06 
-2.476047E+00, 6.614504E-04 
3.010584E+00, 5.975325E-04 
3.362807E+00, 5.547937E-04 
1.136938E+01, 6.451242E-06 
1.107492E+01, 9.136753E-06 
1.054927E+01, 6.373497E-06 
-2.551941E-01, 8.152260E-04 
-1.389748E+00, 1.066762E-03 
-8.410908E+00, 2.940860E-05 
9.897734E+00, 4.815845E-06 
-1.069477E+00, 1.838050E-03 
-2.367043E+00, 7.450393E-04 
-2.252425E+00, 5.709350E-04 
7.641042E+00, 4.609131E-05 
4.396506E-01, 1.063991E-03 
-9.573353E-01, 1.280321E-03 
-5.395931E-01, 8.411640E-04 
2.611019E-01, 1.562527E-03 
-1.478474E+00, 1.920462E-03 
-1.145127E+01, 8.701192E-06 
-6.262350E+00, 1.286947E-04 
-2.282363E+00, 5.417503E-04 
-1.492356E+00, 1.212698E-03 
3.869249E+00, 6.707671E-04 
9.090584E+00, 1.942543E-05 
-5.668577E+00, 2.518350E-04 
-1.013717E+01, 5.920572E-06 
1.044205E+01, 7.638682E-06 
1.302947E+00, 8.507846E-04 
-6.570171E+00, 1.171376E-04 
-1.179465E+00, 1.328186E-03 
-3.890422E+00, 6.080546E-04 
7.508986E+00, 6.881536E-05 
-2.690448E+00, 8.657801E-04 
8.129800E+00, 4.478805E-05 
-9.470113E-01, 8.367917E-04 
-7.452682E+00, 8.340289E-05 
-9.003875E+00, 1.311388E-05 
-7.504766E+00, 1.082694E-04 
9.264690E+00, 1.107038E-05 
7.188055E+00, 7.663502E-05 
-8.435249E+00, 3.052964E-05 
7.591680E+00, 6.895451E-05 
6.804286E+00, 1.722357E-04 
3.490109E+00, 9.105871E-04 
5.278991E+00, 4.449901E-04 
-1.394533E+00, 1.715227E-03 
3.314927E-01, 7.854842E-04 
6.236353E+00, 2.090090E-04 
-1.083562E+01, 9.027204E-06 
-6.560334E-02, 1.341332E-03 
1.152624E+00, 1.087674E-03 
6.217509E+00, 1.131948E-04 
-1.021300E+01, 9.394370E-06 
-7.844430E-01, 1.528731E-03 
7.940976E+00, 6.297794E-05 
-4.206077E+00, 4.530425E-04 
3.576187E+00, 5.920377E-04 
-2.947989E+00, 8.990604E-04 
-1.300193E+01, 9.081949E-06 
-4.510178E+00, 4.391581E-04 
-2.259045E+00, 6.793956E-04 
8.251060E+00, 5.024247E-05 
1.925893E+00, 1.186769E-03 
-2.664772E+00, 6.614504E-04 
-5.906074E+00, 2.031759E-04 
3.059959E+00, 7.193955E-04 
9.285796E+00, 1.169573E-05 
3.981819E+00, 7.538442E-04 
8.606228E+00, 2.219294E-05 
-6.552481E+00, 6.882422E-05 
-6.613518E+00, 1.351669E-04 
-2.149353E-01, 1.291287E-03 
5.978499E+00, 1.530466E-04 
-8.134232E-01, 1.113769E-03 
-1.652599E+00, 1.143565E-03 
-4.634269E+00, 4.693346E-04 
9.888920E+00, 8.482517E-06 
3.423276E+00, 7.427250E-04 
3.398860E+00, 9.435896E-04 
6.014088E+00, 1.816266E-04 
-1.157497E+00, 1.585272E-03 
-2.349052E+00, 6.418332E-04 
4.766084E+00, 4.604927E-04 
5.233548E+00, 3.999685E-04 
-9.226069E+00, 1.229639E-05 
-1.717510E+00, 1.846446E-03 
-3.516351E+00, 7.431472E-04 
-9.909071E-01, 1.368257E-03 
-1.017523E+01, 7.769205E-06 
-4.689992E+00, 5.043207E-04 
-5.241647E+00, 3.418685E-04 
-3.362816E+00, 8.737516E-04 
6.685600E+00, 1.011839E-04 
9.619392E+00, 8.930691E-06 
-5.450209E+00, 2.412913E-04 
-3.219551E+00, 9.079159E-04 
4.675575E+00, 5.639582E-04 
-4.094547E-01, 8.673534E-04 
1.169799E+00, 1.083428E-03 
-2.588171E+00, 8.549984E-04 
-2.984931E+00, 6.833135E-04 
-4.758515E+00, 4.047520E-04 
7.231320E+00, 1.063636E-04 
6.490991E+00, 1.747363E-04 
-8.860310E+00, 1.020125E-05 
1.042122E+01, 5.527783E-06 
-5.298998E+00, 3.217219E-04 
2.644865E+00, 7.099579E-04 
-4.778226E+00, 3.650631E-04 
-9.685913E+00, 7.013087E-06 
8.145366E+00, 7.171981E-05 
9.008463E+00, 1.107038E-05 
-8.628458E+00, 2.915154E-05 
-1.949090E+00, 6.689621E-04 
-1.064089E+01, 6.831636E-06 
-1.097488E+01, 7.542120E-06 
-6.829187E+00, 5.582543E-05 
6.666499E+00, 1.122732E-04 
8.648825E+00, 2.474720E-05 
7.528916E+00, 7.364564E-05 
9.419091E+00, 1.076866E-05 
5.391618E+00, 3.126880E-04 
-2.112627E+00, 5.922635E-04 
8.604813E+00, 2.909502E-05 
1.875815E+00, 1.514253E-03 
-5.082937E-01, 1.526275E-03 
-1.637992E+00, 1.365408E-03 
-7.519288E+00, 5.963472E-05 
-9.782065E-02, 9.244331E-04 
4.430801E+00, 3.639354E-04 
3.937211E+00, 8.537106E-04 
-9.798002E+00, 5.379443E-06 
-2.314317E+00, 8.067303E-04 
-1.013086E+01, 5.679280E-06 
-5.950637E+00, 2.633344E-04 
-1.519668E+00, 1.364668E-03 
-3.622403E-01, 8.669022E-04 
-9.191584E+00, 1.220365E-05 
6.651547E+00, 1.219831E-04 
-6.298463E+00, 1.392192E-04 
-4.878036E+00, 2.347436E-04 
-6.686915E+00, 1.426322E-04 
-5.310226E+00, 5.188274E-04 
-1.018272E-01, 1.067197E-03 
-5.653946E+00, 3.350143E-04 
6.657085E+00, 1.917206E-04 
-8.776407E+00, 7.324013E-06 
5.195906E-01, 1.320623E-03 
6.620992E+00, 1.426739E-04 
-1.107814E+00, 1.470352E-03 
8.001266E-01, 1.705108E-03 
-6.705994E+00, 1.403681E-04 
4.274221E+00, 8.165622E-04 
-7.240483E+00, 1.204255E-04 
-9.320408E+00, 8.975032E-06 
-4.224943E+00, 5.271387E-04 
3.730448E+00, 5.120962E-04 
4.719823E+00, 5.324193E-04 
-3.011540E+00, 5.417139E-04 
-2.713571E-01, 1.745284E-03 
-1.054852E+01, 5.298291E-06 
5.623539E+00, 2.910849E-04 
8.240773E+00, 3.333043E-05 
-9.161625E+00, 4.790245E-06 
-6.170372E+00, 1.398845E-04 
7.135794E+00, 5.778080E-05 
-9.486148E+00, 8.080895E-06 
-9.936257E+00, 6.972250E-06 
-2.455619E+00, 8.486550E-04 
-6.044450E+00, 2.591436E-04 
4.591963E-01, 1.151268E-03 
7.248852E+00, 1.218647E-04 
-3.355148E+00, 7.289893E-04 
3.574353E+00, 7.404623E-04 
-4.133705E+00, 6.040955E-04 
2.783835E-01, 9.962756E-04 
-4.962274E+00, 3.601037E-04 
4.370683E+00, 7.678742E-04 
1.145752E+00, 1.241565E-03 
7.022776E+00, 1.187045E-04 
-7.182224E+00, 6.329594E-05 
6.116987E+00, 1.415879E-04 
5.255645E+00, 3.171302E-04 
2.930278E+00, 7.769894E-04 
6.270925E+00, 1.542466E-04 
-4.931936E+00, 2.225799E-04 
-1.223115E+00, 1.276348E-03 
-9.053555E+00, 1.480483E-05 
-8.120434E+00, 4.513915E-05 
-6.367311E+00, 1.367755E-04 
4.425164E+00, 4.468751E-04 
4.393756E+00, 4.331881E-04 
1.132707E+01, 5.251548E-06 
7.058672E+00, 1.446239E-04 
-6.258275E+00, 1.374049E-04 
7.236676E+00, 6.712813E-05 
5.772695E+00, 3.039775E-04 
6.308231E-01, 1.528948E-03 
-1.069799E+00, 1.641596E-03 
-6.107480E+00, 1.786703E-04 
-5.209089E+00, 3.435857E-04 
-1.856980E+00, 9.927166E-04 
4.833596E+00, 4.945700E-04 
-5.609904E+00, 2.493035E-04 
1.004129E+01, 7.848457E-06 
4.887422E+00, 3.288097E-04 
-1.551400E-01, 1.590460E-03 
-1.730696E+00, 1.201637E-03 
3.178018E+00, 7.381963E-04 
-6.991720E+00, 9.210710E-05 
-3.065644E+00, 7.145984E-04 
8.118708E+00, 6.906323E-05 
-2.404554E+00, 5.477348E-04 
4.669604E+00, 4.303869E-04 
-5.035642E+00, 2.992969E-04 
9.800474E+00, 6.980622E-06 
4.296805E+00, 4.604927E-04 
9.776249E-01, 1.176585E-03 
1.888119E+00, 1.199155E-03 
-1.753942E+00, 1.482441E-03 
1.174876E+00, 1.453059E-03 
6.452849E-01, 1.334307E-03 
1.207188E+01, 7.713173E-06 
7.157981E+00, 1.199647E-04 
-4.282677E+00, 3.815089E-04 
-2.637042E+00, 5.937760E-04 
-3.185476E+00, 9.973353E-04 
-8.025509E+00, 1.106912E-05 
9.267133E+00, 9.398778E-06 
4.055054E+00, 4.015316E-04 
-6.483526E+00, 1.198842E-04 
8.093657E+00, 3.655603E-05 
9.137106E+00, 1.314049E-05 
-6.704911E+00, 6.698958E-05 
7.781630E+00, 6.920588E-05 
-9.240658E+00, 7.324013E-06 
-9.133621E+00, 6.269353E-06 
-8.976535E+00, 9.038542E-06 
-4.111579E+00, 6.003074E-04 
1.169289E+01, 6.107119E-06 
4.584537E+00, 5.738949E-04 
2.650707E+00, 8.602292E-04 
2.011059E+00, 1.275237E-03 
1.973691E+00, 1.001529E-03 
-4.309740E+00, 4.408223E-04 
-7.829268E+00, 3.029930E-05 
-5.707106E+00, 3.198297E-04 
-6.275122E+00, 1.183396E-04 
5.451415E+00, 2.701849E-04 
-1.092117E+00, 1.118504E-03 
-5.086780E+00, 2.165387E-04 
9.934472E+00, 9.398778E-06 
9.055039E+00, 1.110705E-05 
-5.553966E+00, 3.853526E-04 
1.530069E+00, 1.005590E-03 
3.207664E+00, 5.347235E-04 
5.354464E+00, 2.641460E-04 
-6.014052E+00, 1.516220E-04 
6.357773E+00, 1.015927E-04 
-1.023428E+01, 6.994251E-06 
-1.051564E+01, 5.391015E-06 
1.102985E+01, 7.156365E-06 
-4.845951E+00, 4.855291E-04 
9.212153E-01, 8.042796E-04 
6.687732E+00, 1.003908E-04 
4.038398E-01, 1.127716E-03 
1.535623E-01, 1.206980E-03 
-6.817882E-01, 1.585183E-03 
-6.713180E+00, 6.482102E-05 
4.814156E+00, 6.542297E-04 
7.247080E+00, 7.985484E-05 
-4.174342E+00, 3.798194E-04 
-7.943162E+00, 4.795539E-05 
8.945288E+00, 2.099218E-05 
-3.182158E+00, 5.822522E-04 
4.497685E+00, 4.540989E-04 
2.973834E+00, 7.084802E-04 
-9.390003E+00, 8.075659E-06 
3.790733E-01, 1.329126E-03 
-7.929261E+00, 5.083556E-05 
-2.461724E+00, 6.004806E-04 
-9.136283E+00, 1.430543E-05 
1.375128E+00, 1.001362E-03 
-1.037182E+01, 6.035880E-06 
-7.219004E+00, 9.195949E-05 
-7.784569E+00, 5.188435E-05 
1.274244E+00, 1.134265E-03 
-9.955190E+00, 5.571502E-06 
-5.101499E+00, 3.229796E-04 
-6.833724E+00, 1.667204E-04 
-5.438783E+00, 3.301699E-04 
1.043544E+01, 7.253853E-06 
-3.893151E+00, 4.013371E-04 
-1.126712E+01, 6.177429E-06 
5.856688E+00, 2.516308E-04 
-2.454593E+00, 6.485221E-04 
6.384120E+00, 1.562239E-04 
-5.677314E-01, 1.469144E-03 
2.156960E+00, 6.920168E-04 
2.428481E+00, 8.530747E-04 
6.558593E+00, 1.505703E-04 
4.156818E+00, 5.671326E-04 
-5.227838E+00, 2.545134E-04 
-7.686301E+00, 1.122332E-04 
-7.237649E+00, 8.345749E-05 
6.694007E+00, 1.650717E-04 
-5.683599E+00, 3.015117E-04 
2.538773E+00, 9.727029E-04 
8.398931E+00, 3.236578E-05 
-9.981141E+00, 6.566945E-06 
-8.364557E-01, 1.311976E-03 
-9.839325E-01, 1.184614E-03 
-2.221209E+00, 6.241933E-04 
8.957040E+00, 2.595722E-05 
1.629225E+00, 1.347107E-03 
-6.950839E+00, 8.269439E-05 
-5.027838E+00, 4.979005E-04 
6.993847E+00, 1.662672E-04 
3.661342E-01, 1.284410E-03 
4.865588E+00, 5.176329E-04 
-6.513772E+00, 1.951742E-04 
-9.362437E+00, 1.047979E-05 
-1.201443E+00, 1.342161E-03 
1.212642E+01, 4.775272E-06 
9.787852E+00, 1.144555E-05 
2.518071E+00, 1.109840E-03 
1.445640E+00, 1.303031E-03 
1.246600E+00, 1.496741E-03 
-6.521065E+00, 7.588622E-05 
-9.990631E+00, 6.899563E-06 
-2.897546E+00, 6.586757E-04 
5.777118E+00, 4.695168E-04 
5.617427E+00, 3.157062E-04 
-2.079647E+00, 5.970859E-04 
3.932509E+00, 5.196237E-04 
-6.087005E+00, 3.434296E-04 
-7.713792E+00, 4.795539E-05 
-2.721717E+00, 5.519685E-04 
4.061678E+00, 6.267474E-04 
-4.282909E-01, 1.379726E-03 
1.801071E+00, 1.133841E-03 
-3.852190E+00, 4.071977E-04 
8.771277E+00, 2.397132E-05 
-4.445554E+00, 4.765452E-04 
3.466993E+00, 7.419428E-04 
7.965482E+00, 2.594467E-05 
3.878595E+00, 7.064853E-04 
-1.147823E+00, 1.138153E-03 
-1.033185E+01, 9.157893E-06 
-1.021676E+01, 6.353994E-06 
-3.089451E-02, 1.273177E-03 
-6.296469E+00, 1.785848E-04 
3.447849E+00, 5.716397E-04 
-8.926296E+00, 1.600755E-05 
-8.331208E+00, 4.172874E-05 
5.162666E+00, 3.494589E-04 
-2.621984E+00, 6.297133E-04 
-1.140761E+01, 6.134570E-06 
5.645464E-01, 1.508850E-03 
-1.811930E+00, 1.040824E-03 
-2.491237E+00, 7.265635E-04 
8.875776E+00, 2.026385E-05 
-6.176477E+00, 2.689832E-04 
-7.522080E+00, 6.902000E-05 
-4.150901E-01, 1.149084E-03 
-9.322589E+00, 7.920530E-06 
4.376544E+00, 4.447979E-04 
-3.508298E+00, 5.980832E-04 
-6.076596E+00, 1.436267E-04 
-5.678447E-01, 8.581002E-04 
-4.408256E-01, 1.617962E-03 
-7.113533E+00, 4.699153E-05 
-6.081162E+00, 1.367755E-04 
-5.633059E+00, 2.619653E-04 
7.152004E+00, 7.171981E-05 
-3.007767E+00, 5.894939E-04 
-6.223757E+00, 1.595101E-04 
5.198689E+00, 2.570150E-04 
4.726201E-01, 1.237472E-03 
-4.948268E+00, 4.612318E-04 
5.143331E+00, 3.388655E-04 
-5.171258E+00, 3.695681E-04 
-4.898809E-01, 1.395336E-03 
-9.594733E+00, 7.920530E-06 
-5.696324E+00, 4.197026E-04 
8.136346E+00, 6.313360E-05 
1.162375E+01, 5.127282E-06 
-7.017819E+00, 5.894041E-05 
3.246537E+00, 6.261627E-04 
-4.330784E+00, 6.179701E-04 
-6.913849E+00, 2.621633E-04 
5.061077E+00, 4.233954E-04 
8.782334E+00, 2.310282E-05 
4.215914E+00, 5.412635E-04 
-6.365774E+00, 2.084328E-04 
1.036133E+00, 8.429576E-04 
-2.421045E+00, 5.868578E-04 
8.556318E+00, 2.575220E-05 
-7.391908E-01, 1.353576E-03 
-4.178250E+00, 4.568634E-04 
-7.326289E+00, 4.701755E-05 
4.474857E-01, 1.245178E-03 
-2.353350E-01, 1.356746E-03 
7.238820E+00, 6.313360E-05 
-7.435265E+00, 5.023199E-05 
-3.376555E+00, 6.951887E-04 
2.709608E+00, 1.076308E-03 
2.370570E+00, 1.001050E-03 
-4.026696E-01, 1.475473E-03 
5.476153E+00, 2.862555E-04 
1.096326E+01, 7.868052E-06 
2.633843E+00, 7.352208E-04 
-7.353301E+00, 4.680299E-05 
-2.948473E+00, 8.351460E-04 
-3.767168E+00, 8.983841E-04 
-3.475857E+00, 1.010323E-03 
-5.089436E+00, 3.710080E-04 
-1.001180E+01, 1.019855E-05 
6.503559E+00, 6.605271E-05 
6.422068E+00, 1.724111E-04 
2.897487E+00, 6.310757E-04 
4.427407E+00, 3.388655E-04 
5.928571E+00, 2.090090E-04 
-3.954437E+00, 4.530425E-04 
-2.024488E+00, 5.958541E-04 
-7.603177E+00, 7.632484E-05 
-4.295395E-01, 1.294930E-03 
-1.649957E+00, 1.050974E-03 
8.541626E+00, 2.495042E-05 
-4.245650E+00, 4.046821E-04 
-7.480807E+00, 9.195949E-05 
3.074027E+00, 5.462925E-04 
9.104102E+00, 2.362847E-05 
1.040683E+01, 5.003645E-06 
-1.084521E+01, 8.424805E-06 
9.879862E+00, 5.188253E-06 
1.146422E+00, 9.688582E-04 
-5.463907E+00, 2.527542E-04 
8.666644E-01, 1.217148E-03 
-2.430822E+00, 8.750813E-04 
1.617097E+00, 1.372405E-03 
2.347057E+00, 6.441545E-04 
3.756760E+00, 5.079016E-04 
9.172346E+00, 1.276411E-05 
-5.553074E+00, 3.161311E-04 
4.639033E+00, 6.036540E-04 
1.224167E+01, 5.002523E-06 
6.490720E+00, 1.760398E-04 
9.040507E+00, 2.078091E-05 
1.057546E+01, 4.705866E-06 
-8.400489E+00, 1.893469E-05 
-8.700373E+00, 2.835551E-05 
9.954790E+00, 1.015597E-05 
-9.475397E+00, 1.096378E-05 
-3.086622E+00, 9.992430E-04 
-3.253598E+00, 6.568307E-04 
4.659718E+00, 4.823910E-04 
5.061464E+00, 2.820255E-04 
-1.006784E+01, 6.227107E-06 
4.842496E-01, 1.052121E-03 
7.291736E+00, 6.297794E-05 
2.416563E+00, 1.089973E-03 
-1.094742E+00, 1.348652E-03 
-9.477100E+00, 8.784235E-06 
-4.400956E+00, 3.871010E-04 
4.197319E+00, 6.662944E-04 
-5.796852E+00, 3.019371E-04 
-9.389732E+00, 9.038542E-06 
8.523572E+00, 3.217616E-05 
-3.362206E+00, 9.038329E-04 
-4.325183E+00, 5.242079E-04 
5.078159E+00, 2.862555E-04 
8.126860E+00, 7.094650E-05 
4.865776E+00, 5.731430E-04 
-1.014500E+01, 8.035367E-06 
2.993862E-01, 1.612338E-03 
5.989767E+00, 1.978305E-04 
9.493969E+00, 1.233146E-05 
-3.294189E+00, 7.827656E-04 
5.833196E-01, 1.399216E-03 
-1.225439E+00, 1.261810E-03 
-2.911280E+00, 9.064449E-04 
1.064551E+01, 6.286084E-06 
-5.520591E+00, 2.002878E-04 
-8.395138E+00, 2.869195E-05 
-4.215296E+00, 6.909199E-04 
8.988586E+00, 3.550176E-05 
9.779858E+00, 1.132337E-05 
-9.934938E+00, 9.332890E-06 
-7.287027E+00, 9.553708E-05 
-8.527823E+00, 3.731271E-05 
-8.317277E+00, 1.333284E-05 
4.948958E+00, 3.366934E-04 
-5.183987E+00, 3.107923E-04 
-9.178782E+00, 7.935089E-06 
-1.571025E+00, 1.016739E-03 
4.176852E+00, 7.417363E-04 
9.612969E+00, 1.203879E-05 
7.570418E+00, 6.370889E-05 
3.578986E+00, 6.460094E-04 
-5.513242E+00, 3.950643E-04 
-1.103913E+01, 9.002555E-06 
6.626091E+00, 2.451720E-04 
-1.156992E-01, 7.854842E-04 
-1.165614E+01, 5.196409E-06 
4.360596E+00, 4.500212E-04 
-3.667098E+00, 5.583418E-04 
9.886121E+00, 1.530918E-05 
-1.084562E+01, 9.002555E-06 
3.834091E+00, 6.310455E-04 
7.692506E+00, 7.621261E-05 
6.568219E+00, 8.163115E-05 
7.440943E+00, 8.407235E-05 
-3.287645E+00, 6.477393E-04 
1.375873E+00, 1.113872E-03 
-9.415630E+00, 9.394370E-06 
-8.069968E+00, 2.061596E-05 
-6.951813E+00, 4.879356E-05 
5.170645E+00, 5.189259E-04 
6.072098E+00, 2.260091E-04 
5.964449E+00, 3.482635E-04 
8.816521E-02, 1.536958E-03 
-5.967099E-01, 8.095399E-04 
9.127844E+00, 1.381739E-05 
3.308353E+00, 8.247221E-04 
6.709032E+00, 1.332943E-04 
1.179105E+00, 1.207257E-03 
-5.648908E+00, 2.609707E-04 
2.707490E-01, 1.127716E-03 
8.577970E+00, 3.185445E-05 
8.456165E+00, 4.170176E-05 
-6.943127E+00, 6.566919E-05 
8.491377E+00, 5.359790E-05 
-7.591844E+00, 5.587313E-05 
-4.481503E+00, 5.129576E-04 
-9.742920E+00, 1.228609E-05 
-4.042592E-01, 1.144558E-03 
-7.048916E+00, 4.727847E-05 
-8.746575E+00, 3.897857E-05 
1.579916E+00, 8.095536E-04 
9.442960E+00, 1.169573E-05 
-3.885014E+00, 3.688956E-04 
-1.108282E+01, 9.949375E-06 
8.422238E+00, 6.285892E-05 
-8.868413E+00, 9.282574E-06 
6.254898E+00, 1.700064E-04 
-7.257117E+00, 1.209566E-04 
8.959980E+00, 2.401755E-05 
-2.355682E+00, 6.426949E-04 
9.679922E+00, 1.149145E-05 
-3.542749E+00, 6.864197E-04 
6.420113E+00, 1.700064E-04 
2.547366E+00, 1.216349E-03 
5.484230E+00, 3.923268E-04 
-7.947116E+00, 3.325320E-05 
4.531853E+00, 5.721985E-04 
6.323469E+00, 1.445584E-04 
8.099690E+00, 8.496616E-05 
-2.782388E+00, 7.013899E-04 
6.847986E-01, 1.236971E-03 
-5.966574E+00, 3.430321E-04 
9.519845E+00, 1.109647E-05 
-8.143914E+00, 1.660200E-05 
-3.158470E+00, 5.800084E-04 
8.150458E+00, 3.651142E-05 
-2.367994E+00, 1.009894E-03 
-6.787056E+00, 1.082694E-04 
-1.694737E+00, 1.510681E-03 
-2.630876E+00, 7.415159E-04 
-1.537081E-01, 1.204027E-03 
3.440571E+00, 5.785527E-04 
-3.274612E-01, 1.157278E-03 
6.271735E+00, 1.443195E-04 
-3.186237E+00, 5.433398E-04 
8.533716E+00, 1.865426E-05 
-1.942462E+00, 1.565156E-03 
8.290633E+00, 5.015850E-05 
7.242961E+00, 1.437771E-04 
-1.153928E+01, 9.767815E-06 
-6.083924E+00, 1.580983E-04 
9.264616E+00, 1.097513E-05 
7.253871E+00, 7.853320E-05 
-3.686346E+00, 6.086535E-04 
1.080571E-01, 1.289936E-03 
4.289596E+00, 4.140095E-04 
1.185086E+00, 7.893066E-04 
1.012807E+00, 1.522277E-03 
3.972326E+00, 6.065770E-04 
1.551669E+00, 8.294473E-04 
7.151393E+00, 6.881536E-05 
3.836006E+00, 6.559226E-04 
5.200942E+00, 2.651429E-04 
-3.434601E+00, 5.583418E-04 
-3.279523E+00, 5.573347E-04 
4.629070E-01, 1.483749E-03 
-1.063028E+00, 1.463553E-03 
6.682044E+00, 9.875367E-05 
9.588176E+00, 1.028267E-05 
-3.008665E+00, 5.725040E-04 
-1.233804E+01, 5.686143E-06 
-9.990086E+00, 9.806241E-06 
-7.680951E+00, 5.265259E-05 
-2.762959E+00, 6.623455E-04 
5.683909E+00, 2.464684E-04 
1.058468E+00, 8.429576E-04 
9.544464E+00, 9.547278E-06 
-6.827592E-01, 9.588911E-04 
3.735944E+00, 7.442263E-04 
4.626403E+00, 3.903834E-04 
-9.033711E+00, 1.704935E-05 
3.703995E+00, 5.848878E-04 
4.811420E+00, 4.303869E-04 
-4.202965E+00, 4.830980E-04 
-5.457680E+00, 2.121250E-04 
7.489706E+00, 7.126571E-05 
-7.393034E+00, 6.290300E-05 
-3.633269E+00, 5.519685E-04 
3.217656E+00, 8.731899E-04 
4.354919E+00, 4.044887E-04 
4.027296E+00, 6.455732E-04 
4.034854E-01, 1.631701E-03 
2.512641E-01, 1.602059E-03 
-8.723073E+00, 1.906434E-05 
1.249581E+01, 5.086412E-06 
-8.811008E+00, 8.995092E-06 
-8.508182E+00, 7.800216E-06 
-7.419597E+00, 5.144649E-05 
1.088591E+01, 6.787108E-06 
1.691607E+00, 8.328860E-04 
-3.342108E+00, 5.862650E-04 
1.007582E+01, 5.384332E-06 
-8.792755E+00, 9.596675E-06 
-4.571605E+00, 4.134352E-04 
-2.211781E+00, 6.946735E-04 
6.659280E+00, 1.519691E-04 
-1.348024E+00, 1.438916E-03 
-3.404912E+00, 5.299794E-04 
-1.003364E+01, 8.974032E-06 
-3.904062E+00, 6.389947E-04 
-8.546256E+00, 2.801123E-05 
1.036989E+01, 6.947759E-06 
7.094645E+00, 1.009281E-04 
7.608332E+00, 7.238838E-05 
-7.036296E+00, 8.675786E-05 
-1.368562E-01, 1.462471E-03 
1.719550E+00, 8.005844E-04 
-5.097808E+00, 4.985388E-04 
2.806136E+00, 6.920168E-04 
9.355543E+00, 1.179368E-05 
6.435278E+00, 1.716067E-04 
-4.683366E+00, 5.122837E-04 
6.210490E+00, 2.067318E-04 
-2.864831E-01, 1.263328E-03 
-7.112364E+00, 1.010808E-04 
-3.667015E-01, 1.474096E-03 
-2.575902E+00, 5.814393E-04 
-7.257314E+00, 6.966063E-05 
-6.511823E+00, 1.575428E-04 
9.939745E+00, 1.129269E-05 
-5.489682E+00, 3.418685E-04 
6.112021E+00, 2.180921E-04 
7.881686E+00, 7.552282E-05 
1.066614E+01, 4.780946E-06 
5.750874E+00, 2.030642E-04 
-4.351142E-01, 9.363632E-04 
-6.289547E+00, 1.595101E-04 
-7.298357E+00, 4.955405E-05 
3.323377E+00, 9.478492E-04 
1.007858E+01, 4.963018E-06 
-3.021437E+00, 9.399888E-04 
5.554719E+00, 1.935243E-04 
6.364762E-01, 1.131004E-03 
8.068472E+00, 2.880990E-05 
-4.748747E+00, 5.569694E-04 
8.948749E-03, 1.204898E-03 
2.309404E+00, 7.099579E-04 
-4.580902E+00, 3.896021E-04 
4.691998E+00, 5.354411E-04 
-9.998689E+00, 5.674871E-06 
7.888835E+00, 7.415751E-05 
8.471800E+00, 1.989542E-05 
9.536516E+00, 1.092848E-05 
2.005465E+00, 8.729248E-04 
3.609019E+00, 7.337600E-04 
-1.165006E+01, 5.116676E-06 
1.751837E+00, 1.030487E-03 
4.178557E+00, 7.404623E-04 
3.713144E+00, 4.661222E-04 
-6.216808E+00, 1.685336E-04 
5.737914E+00, 3.738455E-04 
2.465356E+00, 6.361724E-04 
-1.391411E+00, 1.154509E-03 
7.964951E+00, 5.440917E-05 
-6.719830E+00, 1.397452E-04 
-5.079919E+00, 4.040059E-04 
-1.771535E+00, 1.254942E-03 
-4.479286E+00, 5.105693E-04 
-4.164768E+00, 4.488421E-04 
-2.431524E+00, 7.265635E-04 
-1.165300E+01, 6.899563E-06 
-5.426248E+00, 2.201929E-04 
5.420783E+00, 3.379759E-04 
1.863607E+00, 1.235312E-03 
4.935479E+00, 6.330626E-04 
1.565719E+00, 8.825941E-04 
-2.783887E+00, 6.241933E-04 
-9.381602E+00, 7.324013E-06 
-9.465964E+00, 1.110300E-05 
-7.680642E+00, 5.909548E-05 
9.096819E+00, 1.960960E-05 
1.574594E+00, 1.432511E-03 
5.529776E-01, 1.480656E-03 
2.588898E+00, 7.346503E-04 
9.658352E+00, 7.287756E-06 
-4.671668E+00, 4.563591E-04 
-4.994997E+00, 7.388600E-04 
8.366628E+00, 1.783108E-05 
8.986947E+00, 1.198571E-05 
-1.052179E+01, 5.699010E-06 
-2.401516E+00, 7.549766E-04 
-7.251547E+00, 7.299995E-05 
-9.568525E+00, 9.934409E-06 
-6.523338E+00, 1.411900E-04 
-1.983177E+00, 5.935135E-04 
-4.191983E+00, 4.238483E-04 
-7.668649E+00, 7.129111E-05 
1.001928E+01, 5.762111E-06 
-1.057788E+01, 8.730553E-06 
-4.466195E+00, 6.036830E-04 
-6.595086E+00, 1.575428E-04 
5.080261E+00, 5.113745E-04 
8.618298E+00, 2.896249E-05 
1.259898E+01, 6.337494E-06 
8.507828E+00, 6.121266E-05 
8.354749E+00, 4.037185E-05 
-1.761111E+00, 1.161737E-03 
-9.778176E+00, 6.764620E-06 
1.856942E+00, 8.328860E-04 
8.234393E+00, 3.651142E-05 
5.564769E+00, 2.528886E-04 
-1.135063E+01, 9.250502E-06 
-2.246250E+00, 1.047835E-03 
-7.026557E+00, 5.894041E-05 
9.562981E+00, 1.297959E-05 
-2.241459E+00, 7.782625E-04 
5.278395E+00, 2.681395E-04 
5.074922E+00, 4.931799E-04 
-9.747202E+00, 6.764620E-06 
2.655398E+00, 6.938699E-04 
-5.384541E+00, 2.273778E-04 
-4.921948E+00, 4.050834E-04 
1.945800E-01, 1.589783E-03 
-7.270864E+00, 7.978252E-05 
-4.728881E+00, 4.516386E-04 
-1.181254E+00, 1.522150E-03 
-8.293363E+00, 4.051052E-05 
-6.291062E+00, 1.246834E-04 
4.502246E+00, 4.474745E-04 
5.496517E-01, 1.115463E-03 
6.984301E+00, 1.004637E-04 
2.175735E+00, 7.648149E-04 
7.192078E+00, 1.240011E-04 
-1.055160E+01, 6.566945E-06 
6.249723E+00, 2.116977E-04 
1.052270E+01, 4.815845E-06 
-2.476695E+00, 1.065489E-03 
-1.199380E+01, 8.861645E-06 
-2.411493E-01, 1.149988E-03 
-1.015898E+01, 8.856216E-06 
-1.267961E+00, 1.111929E-03 
1.098275E+00, 1.239450E-03 
7.839138E+00, 6.930151E-05 
-4.903339E-01, 8.581002E-04 
4.569809E+00, 4.502224E-04 
2.111435E+00, 1.197220E-03 
-2.340566E+00, 6.418332E-04 
8.089133E+00, 3.351863E-05 
-3.932772E+00, 6.024019E-04 
-1.076844E+01, 8.892210E-06 
8.661148E-01, 1.252592E-03 
1.111635E+01, 7.716068E-06 
-4.013674E+00, 5.879141E-04 
6.742975E+00, 1.330493E-04 
9.909976E+00, 5.762111E-06 
9.430154E+00, 1.241456E-05 
6.336917E-02, 1.407607E-03 
-1.000029E+01, 7.371411E-06 
3.060520E-01, 1.630452E-03 
8.137439E+00, 5.659740E-05 
9.058167E+00, 1.166975E-05 
2.295188E+00, 1.067077E-03 
3.663447E-01, 9.214398E-04 
9.641661E-01, 1.077984E-03 
-1.872451E+00, 7.217969E-04 
1.088186E+01, 5.028681E-06 
8.063426E+00, 3.899031E-05 
-3.001923E+00, 7.690176E-04 
8.997736E-01, 1.278898E-03 
-3.622763E+00, 8.862505E-04 
-3.812389E+00, 5.521612E-04 
9.807704E+00, 1.502325E-05 
-6.433497E+00, 1.463847E-04 
-4.906845E+00, 4.317124E-04 
-1.971176E+00, 1.139924E-03 
8.114616E+00, 5.726626E-05 
-3.058597E+00, 5.299794E-04 
6.795142E+00, 1.415335E-04 
-8.110644E+00, 6.902000E-05 
-4.824624E+00, 4.071977E-04 
4.549404E+00, 3.805316E-04 
6.784437E+00, 7.149076E-05 
2.456973E+00, 1.155100E-03 
3.546104E+00, 7.495176E-04 
-4.259226E+00, 5.624757E-04 
3.599861E+00, 9.976274E-04 
-3.239491E+00, 7.430633E-04 
-6.719751E+00, 1.915474E-04 
-8.923816E+00, 9.544235E-06 
-5.625475E+00, 3.762921E-04 
-5.077360E+00, 4.248204E-04 
-2.121882E+00, 8.122096E-04 
1.858383E+00, 6.410264E-04 
-6.290802E+00, 1.128954E-04 
4.035129E+00, 5.567935E-04 
5.424042E+00, 3.036573E-04 
1.152811E-02, 1.496969E-03 
8.094352E+00, 7.740160E-05 
-4.890771E+00, 5.630133E-04 
-1.148822E+01, 5.163852E-06 
1.381803E+00, 8.646524E-04 
4.720960E+00, 4.658590E-04 
-6.871701E-01, 1.177843E-03 
1.065873E+01, 8.330388E-06 
9.853335E+00, 1.565510E-05 
-2.941835E+00, 5.868578E-04 
1.040756E+01, 6.325624E-06 
4.507726E+00, 3.333348E-04 
1.234894E+01, 6.679922E-06 
-8.314625E+00, 1.605432E-05 
-7.824749E+00, 7.231685E-05 
-9.739451E+00, 9.732982E-06 
-5.079022E-01, 8.668799E-04 
-6.478524E-01, 1.186395E-03 
4.587175E+00, 3.346138E-04 
-3.418515E+00, 7.658628E-04 
1.752956E-01, 9.419960E-04 
-6.147695E+00, 2.128794E-04 
9.653903E+00, 1.945980E-05 
6.243810E+00, 1.732632E-04 
-8.334808E+00, 1.514346E-05 
-5.406579E+00, 2.451481E-04 
-3.815382E+00, 4.440709E-04 
-2.255996E+00, 7.210484E-04 
2.543973E+00, 7.211992E-04 
7.152534E+00, 8.787187E-05 
5.541889E+00, 3.035507E-04 
1.090881E+01, 8.873013E-06 
9.791548E+00, 1.086773E-05 
-1.772996E+00, 1.550226E-03 
-1.172770E+01, 9.786363E-06 
2.788978E+00, 7.601331E-04 
-6.757052E+00, 1.760898E-04 
8.250718E+00, 3.871020E-05 
1.292212E+01, 5.086412E-06 
-8.865251E+00, 9.268834E-06 
1.702745E-01, 1.112970E-03 
-6.979832E+00, 5.713072E-05 
6.971489E+00, 1.140013E-04 
-2.538096E+00, 6.963907E-04 
1.084270E+00, 9.081356E-04 
-3.783650E+00, 1.035676E-03 
-1.915368E+00, 1.240236E-03 
4.259025E+00, 3.971218E-04 
8.056067E+00, 7.102110E-05 
5.655741E+00, 3.126880E-04 
-9.364837E-02, 1.093162E-03 
-4.013624E+00, 3.510502E-04 
3.355797E+00, 6.267474E-04 
7.171162E+00, 1.012556E-04 
8.711383E+00, 3.427572E-05 
-7.435273E+00, 6.207955E-05 
3.230445E+00, 7.708002E-04 
3.003778E+00, 6.996079E-04 
-4.602493E+00, 4.102462E-04 
-4.570330E+00, 5.602981E-04 
-6.290688E+00, 2.373147E-04 
-6.455490E+00, 1.257482E-04 
-4.473630E+00, 4.825892E-04 
-1.034280E+01, 7.755123E-06 
-3.007651E+00, 5.260931E-04 
7.202010E+00, 6.920588E-05 
-3.160685E+00, 7.404957E-04 
-3.090000E+00, 7.798637E-04 
3.884198E+00, 4.235988E-04 
-2.008692E+00, 6.689621E-04 
8.120438E+00, 1.064804E-04 
-1.049062E+01, 7.932163E-06 
5.171471E+00, 3.500679E-04 
-1.105836E+00, 1.425464E-03 
-8.617508E+00, 1.514346E-05 
4.681438E+00, 5.177639E-04 
3.412499E+00, 5.268001E-04 
1.064809E+01, 4.963018E-06 
5.019997E+00, 4.405760E-04 
-9.772097E+00, 7.233101E-06 
-2.276492E+00, 7.500533E-04 
5.662795E-01, 1.158599E-03 
-7.268132E-01, 1.507442E-03 
-2.455629E+00, 1.037553E-03 
-7.054012E+00, 1.194911E-04 
-1.035933E+01, 5.173129E-06 
-3.958583E+00, 8.790177E-04 
1.574445E-01, 1.128774E-03 
-3.445136E-02, 1.445638E-03 
1.101937E+01, 6.682804E-06 
-3.268823E+00, 5.266688E-04 
-8.916412E+00, 1.683780E-05 
1.136892E+01, 6.084078E-06 
-1.192439E+00, 9.363632E-04 
-1.169160E+00, 1.258227E-03 
-5.193287E+00, 2.334827E-04 
-4.140122E+00, 6.938125E-04 
-1.515751E+00, 1.377386E-03 
5.231688E+00, 5.149353E-04 
5.939551E-01, 1.421825E-03 
3.279817E+00, 7.189435E-04 
1.138062E+01, 4.885276E-06 
5.209974E+00, 4.506386E-04 
1.153189E+01, 5.028681E-06 
6.830890E-01, 1.616883E-03 
7.257576E+00, 1.006339E-04 
-9.115009E+00, 1.705545E-05 
-9.808680E+00, 5.083053E-06 
-6.509160E+00, 1.785848E-04 
-5.981262E+00, 3.744227E-04 
-9.118783E+00, 8.992690E-06 
2.360588E+00, 1.209718E-03 
-7.672325E+00, 7.009006E-05 
2.807154E+00, 8.361788E-04 
-6.675736E+00, 1.426322E-04 
-3.152053E+00, 8.589222E-04 
3.498528E+00, 6.449832E-04 
1.900686E+00, 8.772952E-04 
-3.415322E+00, 1.043033E-03 
2.360760E+00, 1.180436E-03 
-1.120333E+01, 5.136880E-06 
-3.640213E+00, 8.943595E-04 
-8.860262E+00, 8.724193E-06 
6.148315E+00, 1.055346E-04 
-5.317744E+00, 6.555749E-04 
-9.721538E+00, 6.394177E-06 
-1.208714E+01, 9.717747E-06 
-3.071834E+00, 7.052994E-04 
2.543587E+00, 6.282479E-04 
2.384117E+00, 6.282479E-04 
-7.600168E+00, 7.319445E-05 
-8.665363E+00, 1.311388E-05 
-6.613371E+00, 1.345353E-04 
4.894260E+00, 3.502864E-04 
1.329569E-01, 1.360015E-03 
7.509590E+00, 7.706648E-05 
8.673612E+00, 2.056829E-05 
9.061647E+00, 2.159683E-05 
-7.718947E+00, 8.628983E-05 
-4.876459E+00, 5.952572E-04 
7.043366E-01, 1.461786E-03 
-1.116784E+00, 4.183958E-04 
-3.942494E+00, 3.984398E-04 
4.279943E+00, 3.569452E-04 
-9.883083E+00, 1.228609E-05 
-2.943332E+00, 8.083923E-04 
8.393174E-01, 1.026444E-03 
1.803334E+00, 8.418567E-04 
-1.822577E+00, 1.239879E-03 
-6.937618E+00, 7.955056E-05 
-3.989361E+00, 6.586757E-04 
-8.869909E+00, 4.940959E-05 
-4.639203E+00, 3.570688E-04 
1.017742E+01, 8.736445E-06 
3.611296E+00, 8.511455E-04 
-7.199279E+00, 6.498465E-05 
-4.278057E-01, 1.300841E-03 
8.584153E+00, 3.550176E-05 
-6.460351E+00, 1.603034E-04 
-1.443524E+00, 1.024463E-03 
-9.661923E+00, 8.323861E-06 
5.495074E+00, 5.057349E-04 
-4.494540E+00, 5.401385E-04 
1.166220E+01, 6.795365E-06 
3.893153E+00, 5.805814E-04 
-8.424299E+00, 1.714816E-05 
-1.008421E+01, 9.038542E-06 
-2.081268E+00, 1.708723E-03 
3.299187E+00, 5.870765E-04 
-2.958240E+00, 5.814393E-04 
-9.406278E+00, 1.020125E-05 
7.472077E-01, 8.752362E-04 
-5.747276E+00, 2.866144E-04 
-8.924710E+00, 1.277041E-05 
-9.165036E+00, 9.268058E-06 
1.717229E+00, 8.729248E-04 
6.486983E+00, 1.691754E-04 
-8.778328E+00, 2.277747E-05 
-2.464095E+00, 1.046209E-03 
-7.628988E+00, 2.445878E-05 
3.718792E-01, 8.956906E-04 
3.475633E+00, 6.653718E-04 
5.780336E+00, 3.298845E-04 
2.457519E+00, 1.100169E-03 
-9.313670E+00, 1.001032E-05 
-4.031068E+00, 3.985705E-04 
1.170756E+01, 5.127282E-06 
-2.013447E+00, 7.952162E-04 
3.832731E+00, 6.241922E-04 
8.502374E+00, 2.140269E-05 
-2.681002E+00, 6.926293E-04 
-6.804863E+00, 7.141472E-05 
9.013292E+00, 1.107038E-05 
4.376065E+00, 4.272199E-04 
-2.261756E+00, 7.015575E-04 
9.582935E+00, 9.931508E-06 
-3.479305E+00, 6.166695E-04 
-5.237446E+00, 3.822968E-04 
6.526954E+00, 1.009281E-04 
1.228574E+00, 1.254786E-03 
-2.998235E+00, 5.997392E-04 
3.935745E-01, 1.063991E-03 
-3.750521E+00, 7.831464E-04 
1.087120E+01, 5.251548E-06 
-1.270318E+00, 1.123789E-03 
-1.664812E+00, 1.217447E-03 
3.456338E+00, 7.946384E-04 
-1.013168E+01, 6.868591E-06 
-1.018386E+00, 1.428491E-03 
-5.706259E+00, 2.201929E-04 
3.513863E+00, 6.299272E-04 
-1.012146E+01, 1.008528E-05 
7.290435E+00, 6.639715E-05 
-2.764060E-01, 1.342966E-03 
-1.814561E+00, 1.104012E-03 
-2.752969E+00, 7.176110E-04 
7.484694E+00, 7.450142E-05 
-7.840363E+00, 2.128064E-05 
-9.880207E+00, 6.177429E-06 
1.011609E+00, 1.397912E-03 
-1.010791E+01, 8.161311E-06 
9.226888E+00, 1.960960E-05 
1.588664E+00, 8.085459E-04 
8.282269E+00, 4.170176E-05 
-8.138976E+00, 3.548742E-05 
-8.775959E+00, 1.660200E-05 
8.640544E+00, 2.165559E-05 
-1.082177E+01, 7.464594E-06 
6.399568E+00, 1.372442E-04 
1.518880E+00, 1.507547E-03 
9.245789E+00, 1.600982E-05 
1.279828E+01, 4.885276E-06 
-4.591155E+00, 4.439147E-04 
6.874592E+00, 1.317890E-04 
1.049811E+01, 6.365339E-06 
1.811932E+00, 1.040780E-03 
-1.998925E-01, 9.078110E-04 
2.042129E+00, 9.153832E-04 
2.012920E+00, 8.702276E-04 
-9.837129E+00, 5.482806E-06 
-7.623159E+00, 7.399853E-05 
-5.385876E+00, 2.891582E-04 
3.185454E+00, 8.243455E-04 
-1.863320E+00, 1.402903E-03 
7.143774E-01, 1.071307E-03 
-8.928871E+00, 1.058360E-05 
-3.371493E+00, 7.861643E-04 
-1.969218E+00, 1.270795E-03 
8.991473E+00, 1.175189E-05 
1.129248E+01, 7.735586E-06 
-7.393633E+00, 5.909548E-05 
-2.330973E+00, 1.040728E-03 
1.287120E+00, 1.001362E-03 
-3.447980E+00, 5.693825E-04 
-7.736900E+00, 5.909548E-05 
6.279126E+00, 1.634132E-04 
9.660088E-02, 1.160583E-03 
1.025430E+01, 6.980622E-06 
-1.080377E+00, 1.507365E-03 
2.121877E+00, 8.525991E-04 
7.369332E+00, 8.525314E-05 
-7.504223E+00, 9.177915E-05 
-1.100785E+01, 5.116676E-06 
-6.886136E+00, 1.957140E-04 
8.992536E+00, 1.648565E-05 
9.294702E+00, 1.482532E-05 
-5.594753E+00, 2.414262E-04 
1.041265E+01, 6.599580E-06 
1.560547E+00, 1.347861E-03 
-5.627266E+00, 4.152641E-04 
9.882618E+00, 1.041119E-05 
-5.135112E+00, 3.512786E-04 
-1.742332E+00, 1.704255E-03 
1.019809E+00, 1.073666E-03 
1.443928E+00, 1.087674E-03 
-2.510229E+00, 6.466350E-04 
9.627234E+00, 1.162276E-05 
4.567966E+00, 3.442754E-04 
-8.480866E+00, 1.650804E-05 
-3.050763E+00, 6.940104E-04 
-3.358603E+00, 7.549766E-04 
4.509562E+00, 4.143190E-04 
-3.782750E+00, 6.963907E-04 
-7.664257E+00, 7.296242E-05 
-1.340844E+00, 1.057759E-03 
2.918329E+00, 6.003902E-04 
-5.766964E+00, 3.098470E-04 
9.770117E+00, 9.474368E-06 
3.205403E+00, 5.975325E-04 
-1.918201E+00, 1.182725E-03 
-3.919638E+00, 5.720551E-04 
-6.614736E+00, 1.398845E-04 
3.770013E+00, 5.479864E-04 
1.573094E+00, 1.158173E-03 
-5.933781E+00, 1.786703E-04 
5.641054E+00, 2.587816E-04 
8.087568E+00, 4.170176E-05 
2.524325E+00, 6.310757E-04 
-2.856205E+00, 5.922635E-04 
9.442295E+00, 1.129025E-05 
-6.755960E+00, 1.176563E-04 
-9.848969E+00, 6.430194E-06 
8.687672E+00, 1.993039E-05 
-3.553993E+00, 5.693825E-04 
1.077640E+01, 4.863088E-06 
1.208104E+00, 1.416960E-03 
-1.231047E+00, 1.762520E-03 
1.988006E+00, 1.174898E-03 
-7.780262E+00, 5.333500E-05 
-6.474790E-01, 1.620696E-03 
5.430449E+00, 2.972357E-04 
7.874545E+00, 6.709842E-05 
1.086800E+01, 5.693721E-06 
-4.855594E+00, 4.088565E-04 
-6.907313E+00, 5.612639E-05 
-6.189478E+00, 1.760898E-04 
-4.109851E+00, 4.282806E-04 
3.738624E+00, 5.785527E-04 
-4.264323E+00, 6.576249E-04 
-8.919207E+00, 2.160651E-05 
1.031978E+01, 7.263236E-06 
-1.067193E+01, 6.836388E-06 
9.861354E+00, 1.263192E-05 
1.027071E+01, 4.851890E-06 
-9.713169E+00, 1.129486E-05 
-5.432692E-03, 1.512686E-03 
7.257359E+00, 6.937165E-05 
-2.324268E+00, 6.863282E-04 
-3.269213E+00, 7.972494E-04 
-1.510922E+00, 1.279670E-03 
-4.928010E+00, 4.290982E-04 
-2.715260E+00, 5.997392E-04 
-6.813436E+00, 9.722730E-05 
3.605897E+00, 5.628588E-04 
-7.956118E+00, 3.452627E-05 
5.390844E+00, 4.273908E-04 
-1.081492E+01, 9.484758E-06 
2.019740E+00, 9.569923E-04 
5.352553E+00, 3.217571E-04 
-1.527490E+00, 1.363998E-03 
-2.569033E+00, 5.958541E-04 
5.059815E+00, 2.780177E-04 
-1.428104E+00, 1.143565E-03 
2.470855E+00, 7.131039E-04 
-3.602157E+00, 5.922683E-04 
4.107351E+00, 9.777413E-04 
8.787545E+00, 3.355885E-05 
8.288557E-01, 1.705108E-03 
-8.161862E-01, 1.117087E-03 
-1.108182E+01, 5.899071E-06 
-9.987284E+00, 7.850280E-06 
-5.571063E+00, 3.056003E-04 
3.967012E+00, 3.703655E-04 
2.931916E+00, 9.566171E-04 
5.337995E+00, 4.807545E-04 
4.401673E+00, 5.044531E-04 
4.253116E+00, 4.315833E-04 
7.502554E+00, 1.012556E-04 
9.302500E+00, 1.587593E-05 
7.485955E+00, 9.215500E-05 
9.083054E+00, 3.319943E-05 
-1.675078E+00, 1.343829E-03 
-1.159201E+01, 6.685912E-06 
-3.579729E+00, 5.491020E-04 
-2.925040E+00, 6.420782E-04 
8.364942E+00, 6.946835E-05 
-6.703618E+00, 1.351932E-04 
5.363472E-01, 9.396945E-04 
2.237935E+00, 1.178908E-03 
7.509170E+00, 6.174695E-05 
-5.263592E+00, 4.152641E-04 
-2.395623E+00, 9.871885E-04 
2.424988E+00, 8.885306E-04 
6.786799E+00, 1.510701E-04 
5.723769E+00, 1.975412E-04 
-6.562247E+00, 2.270085E-04 
-5.437853E+00, 2.662998E-04 
7.435321E+00, 8.683025E-05 
2.388051E+00, 7.655524E-04 
3.439498E+00, 6.340630E-04 
6.432432E-01, 1.499973E-03 
-4.515963E+00, 5.473900E-04 
6.961111E+00, 1.171464E-04 
2.386468E+00, 1.036601E-03 
-4.888572E+00, 6.467295E-04 
-7.792854E+00, 6.040487E-05 
4.293310E+00, 3.971218E-04 
9.598522E+00, 9.652103E-06 
-7.838389E+00, 7.311947E-05 
1.036885E-01, 1.414071E-03 
-7.728615E+00, 5.067301E-05 
-5.490601E+00, 3.800705E-04 
-9.111292E+00, 1.074372E-05 
-1.438291E+00, 1.462195E-03 
1.588605E-01, 1.108471E-03 
1.065798E+01, 5.332017E-06 
-5.674618E+00, 2.595291E-04 
-2.561457E+00, 7.366638E-04 
7.359914E+00, 6.930151E-05 
-9.079299E+00, 7.857943E-06 
4.989866E-01, 1.581283E-03 
1.523647E+00, 1.217694E-03 
2.219120E+00, 6.578487E-04 
8.048312E+00, 5.963611E-05 
-6.305512E+00, 2.195650E-04 
-2.371055E+00, 5.709350E-04 
2.866925E+00, 7.254207E-04 
8.506742E+00, 3.535372E-05 
-9.357114E+00, 6.620801E-06 
8.586049E+00, 5.163979E-05 
-5.297186E+00, 2.270085E-04 
-9.524443E+00, 6.798128E-06 
-5.728570E+00, 2.958892E-04 
5.180115E+00, 5.840332E-04 
3.372712E+00, 6.423715E-04 
5.405385E+00, 4.180758E-04 
5.760162E+00, 3.320583E-04 
-1.902035E+00, 1.007476E-03 
-1.610647E+00, 1.384779E-03 
7.477090E+00, 6.738361E-05 
8.548559E+00, 3.410242E-05 
1.701202E+00, 1.036507E-03 
-6.921450E+00, 9.078936E-05 
5.418031E+00, 4.807841E-04 
-1.181948E+01, 8.767051E-06 
5.336188E-01, 1.307882E-03 
-1.198416E+01, 7.976764E-06 
1.084786E+00, 1.388894E-03 
-8.466646E+00, 1.552433E-05 
-6.393546E+00, 2.373147E-04 
-1.052626E+01, 8.700558E-06 
6.199204E+00, 1.435791E-04 
2.526725E+00, 7.076533E-04 
8.780556E+00, 1.130070E-05 
3.246090E+00, 7.168392E-04 
-7.194197E+00, 4.674957E-05 
-9.966739E+00, 5.194500E-06 
-2.479515E+00, 5.860147E-04 
1.510658E+00, 1.537731E-03 
-6.402231E+00, 1.104417E-04 
9.494832E+00, 1.814916E-05 
-4.053071E+00, 5.740891E-04 
-4.485259E+00, 4.102902E-04 
-1.012028E+01, 8.974032E-06 
-1.053525E+01, 7.932163E-06 
-4.713355E+00, 2.301139E-04 
-3.538316E+00, 6.086535E-04 
-1.601664E+00, 1.434541E-03 
-1.453547E-01, 1.215845E-03 
4.820950E-01, 8.678089E-04 
-9.508700E+00, 6.430194E-06 
-8.438955E+00, 4.420906E-05 
-1.039043E+01, 7.424653E-06 
2.894644E+00, 5.920552E-04 
7.515231E+00, 7.907495E-05 
2.379969E+00, 1.206846E-03 
5.535288E+00, 3.988345E-04 
3.274285E+00, 5.603571E-04 
-1.290088E+00, 1.032917E-03 
3.955404E+00, 5.079016E-04 
-9.085207E+00, 9.332890E-06 
6.852223E+00, 1.479508E-04 
6.721606E+00, 1.361150E-04 
8.230890E+00, 2.594610E-05 
-9.649288E+00, 8.784235E-06 
9.246270E+00, 1.761677E-05 
-6.867115E+00, 1.122332E-04 
-1.810756E-01, 1.085780E-03 
-7.157101E-01, 1.065767E-03 
8.848951E+00, 3.433853E-05 
1.025529E+01, 9.079431E-06 
-7.364692E+00, 6.290300E-05 
-4.348133E+00, 5.895520E-04 
6.483891E+00, 1.542466E-04 
-8.679567E+00, 1.658445E-05 
-1.210332E+00, 1.855065E-03 
6.428802E+00, 2.451720E-04 
-4.428104E+00, 5.912009E-04 
-8.408691E+00, 2.693482E-05 
4.988484E+00, 4.661222E-04 
-5.065209E-01, 1.517772E-03 
-1.046535E+01, 5.791108E-06 
2.843473E+00, 1.120511E-03 
-9.515547E+00, 6.899563E-06 
9.421252E+00, 1.348344E-05 
-4.927798E+00, 3.229796E-04 
9.286366E+00, 1.112041E-05 
-9.405480E+00, 1.087424E-05 
-9.819322E+00, 6.764620E-06 
9.907996E+00, 1.284341E-05 
-8.582386E+00, 1.587459E-05 
-8.688415E+00, 1.958324E-05 
9.915914E+00, 4.988714E-06 
-1.106332E+01, 6.836388E-06 
9.486449E+00, 1.970438E-05 
-1.017539E+01, 6.035880E-06 
-9.095247E+00, 9.587203E-06 
9.073570E+00, 2.377448E-05 
-8.153006E+00, 3.567404E-05 
-7.751338E+00, 7.625501E-05 
-8.439862E+00, 2.869195E-05 
-7.591494E+00, 5.194796E-05 
-8.461444E+00, 2.632630E-05 
-9.030786E+00, 1.508994E-05 
-9.032582E+00, 9.282574E-06 
-8.567203E+00, 4.408508E-05 
-8.534799E+00, 4.051052E-05 
-8.087304E+00, 3.707995E-05 
-7.279172E+00, 7.588622E-05 
-6.544566E+00, 1.351669E-04 
-4.176791E+00, 3.815089E-04 
-3.846859E+00, 3.688956E-04 
-4.784844E+00, 3.685756E-04 
-4.687286E+00, 3.601037E-04 
-4.339834E+00, 3.570688E-04 
-4.157742E+00, 3.510502E-04 
-2.221066E+00, 8.934745E-04 
-2.021429E+00, 6.794037E-04 
-2.027254E+00, 5.935135E-04 
5.033510E-01, 9.214398E-04 
1.813743E-01, 9.208430E-04 
2.027653E-01, 8.956906E-04 
6.738016E-01, 8.752362E-04 
4.056521E-01, 8.678089E-04 
2.388567E+00, 6.578487E-04 
2.106322E+00, 6.272053E-04 
2.434490E+00, 6.101516E-04 
2.991859E+00, 6.003902E-04 
3.277214E+00, 5.716397E-04 
3.438828E+00, 5.603571E-04 
3.251542E+00, 5.274960E-04 
3.173897E+00, 5.268001E-04 
3.354616E+00, 5.268001E-04 
6.449062E+00, 2.205694E-04 
6.221772E+00, 2.116977E-04 
5.860510E+00, 1.978305E-04 
6.177973E+00, 1.710636E-04 
6.206802E+00, 1.481268E-04 
7.053186E+00, 1.092032E-04 
7.115368E+00, 7.706648E-05 
9.938664E+00, 7.848457E-06 
1.038723E+01, 6.947759E-06 
1.001217E+01, 6.019395E-06 
1.026546E+01, 4.721226E-06 
1.071788E+01, 4.705866E-06 
