-1.771453E+00, 9.981133E-04 
-3.574957E+00, 5.452155E-04 
-2.328355E+00, 8.981837E-04 
1.341921E+00, 1.317238E-03 
3.298170E+00, 1.077576E-03 
4.974222E+00, 3.952137E-04 
2.913054E+00, 1.324950E-03 
-3.404304E+00, 5.887743E-04 
2.927986E+00, 1.358648E-03 
6.193776E+00, 2.711863E-04 
8.885041E+00, 2.939727E-05 
-1.141767E+00, 8.819068E-04 
-6.101470E+00, 1.518778E-04 
-7.395112E+00, 8.062798E-05 
-6.406004E+00, 1.399826E-04 
4.633859E+00, 5.434487E-04 
1.178399E+00, 1.136255E-03 
4.309347E+00, 8.707431E-04 
5.429821E+00, 2.216272E-04 
-4.407825E+00, 4.498384E-04 
-3.381529E+00, 5.047151E-04 
-1.694246E+00, 1.342367E-03 
-4.325426E+00, 5.621409E-04 
-1.949924E+00, 7.871921E-04 
9.167300E-01, 9.395957E-04 
6.688739E+00, 1.378101E-04 
-1.963786E+00, 6.037416E-04 
8.439073E+00, 5.390511E-05 
2.632551E+00, 1.132544E-03 
1.060268E+00, 9.967870E-04 
-1.114865E+01, 5.924456E-06 
-7.391837E-01, 1.108631E-03 
2.652945E+00, 6.597726E-04 
9.419029E-01, 1.274215E-03 
3.057696E+00, 5.461083E-04 
4.729899E+00, 3.429604E-04 
2.182383E+00, 1.418458E-03 
4.643247E+00, 4.831383E-04 
1.059333E+01, 7.210731E-06 
1.027579E+01, 5.100786E-06 
2.197535E+00, 8.132972E-04 
5.636249E-03, 1.032083E-03 
1.780206E+00, 1.078756E-03 
3.719914E+00, 4.645600E-04 
1.352067E+00, 1.380003E-03 
-9.146965E+00, 9.890224E-06 
-7.005106E+00, 1.124612E-04 
9.213639E-01, 1.404892E-03 
5.529820E-01, 1.042997E-03 
-5.377785E+00, 2.773652E-04 
2.863220E+00, 8.487144E-04 
-5.477492E+00, 1.802095E-04 
2.303010E-01, 1.024679E-03 
1.062302E+01, 5.471789E-06 
9.920858E-01, 1.420609E-03 
-5.368148E+00, 2.845944E-04 
-9.153738E+00, 1.987938E-05 
-2.094829E+00, 8.767299E-04 
-1.539133E+00, 9.359515E-04 
2.546500E+00, 9.008894E-04 
-1.097415E+01, 8.434864E-06 
1.132481E+00, 9.686029E-04 
9.606631E+00, 1.496513E-05 
1.076251E+01, 4.455062E-06 
-6.059690E-01, 8.477684E-04 
-8.403382E+00, 3.507181E-05 
9.977770E+00, 7.041420E-06 
-9.781018E+00, 9.613085E-06 
8.149675E+00, 4.295945E-05 
4.447040E+00, 3.371382E-04 
-7.290785E+00, 5.404817E-05 
1.000111E+01, 7.107548E-06 
-1.130968E+01, 7.643248E-06 
-7.648160E+00, 5.616425E-05 
-6.041644E+00, 1.378391E-04 
7.377488E+00, 8.331294E-05 
8.346734E+00, 4.165647E-05 
1.264160E+00, 1.116851E-03 
7.996148E+00, 3.792111E-05 
-1.101732E+01, 1.063406E-05 
-2.336501E+00, 1.070122E-03 
9.027568E+00, 2.267458E-05 
-2.618467E+00, 7.625518E-04 
-5.755515E+00, 3.479526E-04 
-2.544507E-01, 1.223937E-03 
7.285944E+00, 5.923574E-05 
3.289449E+00, 5.772094E-04 
-8.225612E-01, 1.149507E-03 
6.040340E+00, 1.348718E-04 
2.717729E+00, 8.117180E-04 
-7.916958E+00, 7.527418E-05 
3.466152E+00, 7.919209E-04 
-6.797615E+00, 7.379634E-05 
6.255119E+00, 1.394654E-04 
9.942138E+00, 8.244484E-06 
-2.796896E-01, 8.852843E-04 
-6.539222E+00, 1.031904E-04 
-2.523017E+00, 9.229117E-04 
5.635160E+00, 2.258848E-04 
2.365449E+00, 1.306576E-03 
7.151026E+00, 8.269683E-05 
-4.554563E+00, 4.584435E-04 
-2.039982E+00, 1.291174E-03 
5.120081E+00, 3.647651E-04 
1.056140E+01, 7.718809E-06 
9.311108E+00, 2.267458E-05 
-7.744874E+00, 4.305826E-05 
-7.072326E+00, 7.904978E-05 
-2.258315E+00, 7.492138E-04 
-1.180814E+00, 1.361878E-03 
-2.244519E+00, 8.872710E-04 
3.500030E+00, 7.063706E-04 
-1.434122E-02, 1.071676E-03 
-7.869729E+00, 5.189621E-05 
4.243667E+00, 3.753557E-04 
-5.940305E+00, 1.333754E-04 
6.267462E+00, 2.168309E-04 
-6.360728E+00, 1.218188E-04 
9.170157E+00, 1.072199E-05 
7.096789E+00, 5.130303E-05 
-9.144876E-02, 1.153196E-03 
1.174074E+01, 6.746326E-06 
-4.701783E+00, 4.239859E-04 
4.944874E+00, 2.795055E-04 
-1.050625E+01, 6.642590E-06 
3.572048E+00, 8.709698E-04 
9.366525E+00, 3.616075E-05 
1.611068E+00, 1.483452E-03 
4.614275E+00, 3.399867E-04 
-9.933629E+00, 9.397718E-06 
-7.340644E+00, 9.102417E-05 
3.590141E+00, 5.043689E-04 
-3.187643E+00, 4.521725E-04 
2.931449E+00, 8.767454E-04 
-2.589148E+00, 1.088131E-03 
-5.966875E+00, 2.541261E-04 
7.743106E+00, 2.611907E-05 
1.186290E+00, 1.083835E-03 
-6.661808E+00, 1.349762E-04 
1.025463E+01, 6.538201E-06 
-2.464207E+00, 1.147804E-03 
-2.599959E+00, 5.958580E-04 
-7.932367E+00, 3.162705E-05 
-1.080979E+01, 7.344644E-06 
-4.782544E+00, 3.378107E-04 
6.160954E+00, 3.316296E-04 
9.754670E+00, 5.822783E-06 
1.124710E+01, 7.083777E-06 
-1.052631E+01, 7.643248E-06 
4.977255E+00, 5.760333E-04 
2.137130E+00, 1.194629E-03 
1.263204E+01, 4.969529E-06 
1.733993E+00, 9.847654E-04 
-7.675205E+00, 6.275341E-05 
-4.752843E+00, 2.782779E-04 
-6.768182E+00, 1.204952E-04 
1.043379E+01, 5.159199E-06 
-1.289114E-01, 1.600598E-03 
2.567661E+00, 1.119223E-03 
8.210726E+00, 2.336615E-05 
-1.724276E+00, 1.194830E-03 
-1.033445E+01, 9.212061E-06 
-7.810959E+00, 4.877027E-05 
-9.698991E+00, 1.229194E-05 
-3.938484E+00, 3.383070E-04 
-7.494468E+00, 4.850124E-05 
9.522217E+00, 2.592557E-05 
6.983756E+00, 9.521249E-05 
6.482615E+00, 2.754266E-04 
9.073869E+00, 9.717548E-06 
1.033092E+01, 6.290464E-06 
-1.544723E+00, 9.233349E-04 
4.012072E+00, 5.729298E-04 
-7.136376E+00, 7.661438E-05 
7.370689E+00, 8.668843E-05 
9.919141E+00, 7.305595E-06 
1.084071E+01, 6.260666E-06 
-4.568048E-01, 1.051207E-03 
-4.330646E+00, 4.992941E-04 
-6.651335E+00, 9.210287E-05 
7.049102E+00, 1.970980E-04 
-1.541040E+00, 1.632446E-03 
7.267546E+00, 6.454155E-05 
3.373950E+00, 7.699795E-04 
7.780099E+00, 7.658448E-05 
4.790448E+00, 3.375360E-04 
1.337259E-01, 1.739386E-03 
-6.365269E+00, 9.451115E-05 
-3.958015E-01, 1.617999E-03 
3.863049E+00, 5.835344E-04 
2.159517E+00, 1.201050E-03 
-5.300852E-01, 8.838807E-04 
4.264687E+00, 5.672220E-04 
-8.018142E+00, 6.031758E-05 
5.722316E+00, 2.580698E-04 
1.000045E+00, 1.128164E-03 
-7.079669E-01, 1.091043E-03 
-8.266438E+00, 6.690428E-05 
-8.501366E+00, 3.467635E-05 
-5.349633E-02, 1.314591E-03 
-4.081783E+00, 4.971482E-04 
9.633103E+00, 1.871558E-05 
1.049495E+01, 6.445219E-06 
2.239649E+00, 9.606397E-04 
-2.063307E+00, 9.005160E-04 
-1.951227E+00, 1.424018E-03 
-8.535101E+00, 1.951808E-05 
7.000328E+00, 7.758820E-05 
9.749203E+00, 1.248384E-05 
-9.547343E+00, 8.245097E-06 
-1.019681E+01, 6.024822E-06 
2.019628E+00, 1.324950E-03 
-3.714431E+00, 4.712812E-04 
-8.597644E+00, 3.116794E-05 
-1.771362E+00, 1.519059E-03 
-2.551850E+00, 8.909373E-04 
-8.699758E+00, 3.053214E-05 
-9.925975E+00, 1.191575E-05 
-8.596936E+00, 1.874802E-05 
3.683195E+00, 5.400154E-04 
-5.683146E+00, 3.169545E-04 
-8.817854E+00, 1.323744E-05 
-4.496560E+00, 3.561426E-04 
-3.017080E+00, 6.559238E-04 
-1.605348E+00, 9.965124E-04 
1.332047E+01, 7.499708E-06 
-2.593026E+00, 1.077947E-03 
4.419240E+00, 3.216306E-04 
1.014945E+01, 6.263016E-06 
-5.403968E+00, 2.131044E-04 
-7.141403E-01, 1.067294E-03 
7.960788E+00, 3.580924E-05 
1.611546E+00, 1.165773E-03 
-9.036754E+00, 1.603720E-05 
7.271649E+00, 9.201347E-05 
5.140688E+00, 2.795055E-04 
5.115454E+00, 2.663083E-04 
8.008176E+00, 3.444826E-05 
-4.991486E+00, 2.603316E-04 
5.355993E+00, 3.479251E-04 
6.071196E+00, 1.515679E-04 
9.568022E+00, 1.892450E-05 
-4.958853E+00, 2.291501E-04 
-9.855310E+00, 8.882411E-06 
3.668873E+00, 6.506165E-04 
-4.133320E+00, 3.481788E-04 
1.227346E+00, 7.836974E-04 
7.623047E+00, 7.611736E-05 
1.041389E+01, 6.192089E-06 
-4.878502E+00, 2.172795E-04 
4.672679E+00, 4.391988E-04 
1.111174E+01, 6.284641E-06 
5.023696E+00, 3.802535E-04 
1.012599E+01, 4.877241E-06 
-7.553764E+00, 5.270859E-05 
-1.268183E+00, 9.199740E-04 
-6.343769E+00, 1.117279E-04 
8.351213E+00, 4.680353E-05 
-4.804826E+00, 4.124246E-04 
4.203823E+00, 5.402218E-04 
2.064458E+00, 7.637901E-04 
-6.601980E+00, 7.155087E-05 
-6.598048E+00, 1.045660E-04 
2.736526E+00, 1.205240E-03 
1.287219E+01, 5.407631E-06 
-3.691351E+00, 5.230050E-04 
4.598911E+00, 3.397093E-04 
4.333525E+00, 3.685267E-04 
5.229422E+00, 3.842245E-04 
1.456392E+00, 1.318168E-03 
9.751221E+00, 7.227352E-06 
1.120043E+01, 6.044758E-06 
7.678648E+00, 4.476578E-05 
-7.619676E+00, 6.309384E-05 
3.058667E+00, 1.412431E-03 
-1.119617E-01, 9.233349E-04 
6.595647E+00, 1.707159E-04 
1.762528E+00, 1.020532E-03 
7.059628E+00, 6.878744E-05 
8.219171E+00, 4.399601E-05 
6.786026E+00, 1.417515E-04 
7.509554E+00, 7.880709E-05 
-7.013740E+00, 5.945638E-05 
-1.017454E+01, 6.537062E-06 
9.710805E+00, 1.668084E-05 
6.090757E+00, 1.295241E-04 
-5.938462E-01, 9.320323E-04 
-2.024787E+00, 1.108631E-03 
-8.886765E+00, 2.471387E-05 
5.053928E+00, 3.355774E-04 
-1.615925E+00, 1.152129E-03 
9.025400E+00, 2.199372E-05 
-7.581903E+00, 5.344877E-05 
2.609485E+00, 1.025073E-03 
6.716976E+00, 1.906089E-04 
8.240457E+00, 2.291439E-05 
7.393217E+00, 7.750915E-05 
5.231346E+00, 2.087334E-04 
-3.227052E+00, 5.509838E-04 
5.473775E+00, 2.871887E-04 
-5.375144E+00, 3.437736E-04 
9.870005E+00, 7.867622E-06 
2.153111E+00, 1.256529E-03 
5.524026E+00, 3.412356E-04 
9.917571E+00, 7.661754E-06 
7.501294E+00, 5.213209E-05 
2.413986E+00, 9.111818E-04 
-6.866773E+00, 7.379634E-05 
-8.561029E+00, 2.815728E-05 
8.270977E+00, 2.888945E-05 
9.317974E+00, 1.877666E-05 
-1.102876E+01, 1.011051E-05 
3.210172E+00, 8.516559E-04 
-4.041208E+00, 4.112170E-04 
1.073689E+00, 1.176395E-03 
4.729306E+00, 4.760563E-04 
-9.221556E+00, 1.694782E-05 
-1.697100E+00, 9.229117E-04 
-9.016847E+00, 1.603720E-05 
-3.024094E+00, 6.425596E-04 
-9.057961E+00, 7.959988E-06 
-8.767620E+00, 1.014991E-05 
3.591622E+00, 7.179824E-04 
-3.804074E+00, 6.390365E-04 
-1.139087E+01, 1.037069E-05 
7.229960E+00, 1.783416E-04 
-2.504839E+00, 5.938036E-04 
6.126473E-01, 1.137696E-03 
-1.010449E+01, 7.282307E-06 
4.399026E+00, 3.453773E-04 
-4.510368E+00, 3.647862E-04 
-5.100859E+00, 3.262438E-04 
1.491202E+00, 9.198873E-04 
1.176016E+01, 6.094239E-06 
1.904850E+00, 1.219109E-03 
2.199676E+00, 1.275115E-03 
-7.137312E+00, 1.380717E-04 
8.860501E-01, 8.752876E-04 
9.173221E+00, 1.300934E-05 
7.663260E+00, 9.576679E-05 
-4.238162E+00, 5.677409E-04 
-7.374248E+00, 5.018746E-05 
-4.374412E+00, 4.518151E-04 
6.866016E+00, 1.635960E-04 
-9.199426E+00, 1.579332E-05 
-1.599089E+00, 8.940611E-04 
8.056230E+00, 4.574880E-05 
3.947368E+00, 6.689254E-04 
-7.288709E+00, 5.896041E-05 
-6.368842E+00, 1.046366E-04 
-7.567237E+00, 1.403029E-04 
1.076727E+01, 6.616583E-06 
3.775477E+00, 5.527040E-04 
-7.375893E+00, 5.363888E-05 
-1.832272E+00, 1.015126E-03 
6.848564E-01, 1.365146E-03 
2.590078E+00, 1.289401E-03 
9.146971E+00, 3.245635E-05 
4.822047E+00, 3.332503E-04 
-5.956285E+00, 1.520615E-04 
-5.446621E+00, 2.946282E-04 
7.990110E+00, 7.144111E-05 
-5.725886E+00, 1.490647E-04 
4.091311E+00, 4.827902E-04 
3.640572E+00, 5.820390E-04 
-5.986443E+00, 8.062798E-05 
1.106959E+01, 8.038921E-06 
6.343445E+00, 1.481326E-04 
-5.073943E+00, 2.938145E-04 
-2.258357E+00, 6.018187E-04 
7.152079E+00, 6.717317E-05 
-7.001398E+00, 7.494332E-05 
1.208742E+01, 6.063021E-06 
-9.818320E+00, 8.357319E-06 
8.045464E-01, 1.475262E-03 
-1.904194E+00, 1.053525E-03 
3.313137E+00, 6.723259E-04 
8.933081E-01, 1.181383E-03 
4.513299E+00, 3.810761E-04 
3.102613E+00, 1.247131E-03 
-8.903342E+00, 1.987938E-05 
5.333083E+00, 2.065636E-04 
-2.619095E-01, 9.505019E-04 
-9.083633E+00, 2.347143E-05 
1.035072E+01, 7.873480E-06 
-7.298864E+00, 1.211906E-04 
-2.255402E+00, 1.119360E-03 
2.511063E+00, 9.484811E-04 
9.293321E+00, 2.419807E-05 
3.121868E+00, 9.709815E-04 
9.304683E+00, 6.808885E-06 
7.745452E+00, 5.692265E-05 
-4.336618E+00, 4.024365E-04 
-5.648477E+00, 2.562064E-04 
3.366818E+00, 8.000378E-04 
-1.627739E+00, 1.664597E-03 
5.966042E+00, 2.372230E-04 
-2.545084E+00, 6.227175E-04 
-3.256212E+00, 7.233979E-04 
-5.657804E-01, 1.269787E-03 
-1.042301E+01, 6.067436E-06 
-1.023417E+00, 1.365511E-03 
1.118342E+01, 6.445174E-06 
-6.964980E+00, 4.974025E-05 
5.710142E+00, 2.112707E-04 
6.878568E+00, 1.646220E-04 
7.010749E+00, 7.187735E-05 
-8.013313E+00, 5.415980E-05 
9.593666E+00, 1.274847E-05 
4.079317E+00, 8.098984E-04 
1.020997E+01, 6.286033E-06 
9.059006E+00, 3.146088E-05 
-2.464709E+00, 5.856296E-04 
-2.019912E+00, 6.018187E-04 
2.515722E-02, 1.518021E-03 
2.436722E+00, 8.516559E-04 
-1.922408E+00, 9.621485E-04 
-9.120720E+00, 3.805920E-05 
4.424939E+00, 3.544713E-04 
4.403146E+00, 3.281437E-04 
4.179698E+00, 3.588286E-04 
-1.026372E+01, 6.224319E-06 
-9.315749E+00, 1.009832E-05 
4.781596E+00, 4.719871E-04 
3.855917E+00, 6.760122E-04 
-1.374440E+00, 8.394608E-04 
-3.867502E+00, 4.371321E-04 
-9.069839E+00, 3.283882E-05 
-1.595073E+00, 8.821265E-04 
9.744121E+00, 1.248384E-05 
1.891916E-01, 1.315571E-03 
-6.294662E-01, 8.430211E-04 
2.642866E+00, 8.132972E-04 
-5.321108E+00, 1.958881E-04 
-1.518737E+00, 1.245535E-03 
-6.783295E+00, 9.890572E-05 
5.520824E+00, 2.358653E-04 
2.862594E+00, 1.250774E-03 
2.011841E+00, 9.847654E-04 
9.733277E+00, 7.115187E-06 
-6.176206E+00, 1.864048E-04 
-1.008762E+01, 6.762343E-06 
5.578548E-01, 1.200830E-03 
4.162995E+00, 6.448182E-04 
-8.170879E+00, 3.523979E-05 
3.332629E+00, 5.884283E-04 
-7.838227E-01, 8.477684E-04 
3.032439E+00, 7.877327E-04 
6.386489E+00, 2.611425E-04 
9.412533E+00, 1.443081E-05 
-3.087957E+00, 5.432543E-04 
-7.108304E+00, 6.846740E-05 
4.499881E+00, 3.294838E-04 
-1.080491E+00, 1.272971E-03 
7.464164E+00, 6.926187E-05 
5.633904E+00, 3.316296E-04 
-1.127017E+01, 6.617605E-06 
8.780741E+00, 2.095146E-05 
-5.081310E+00, 2.943754E-04 
1.331057E+01, 5.890452E-06 
-3.729875E+00, 5.739325E-04 
3.914581E+00, 6.935544E-04 
2.576667E-01, 1.683937E-03 
1.970762E+00, 1.245868E-03 
-9.065966E+00, 6.171236E-06 
8.546586E+00, 3.696295E-05 
-4.960068E+00, 3.257278E-04 
5.886571E+00, 1.593072E-04 
5.911844E+00, 2.082653E-04 
-1.437062E+00, 1.673682E-03 
-1.081679E+01, 6.305084E-06 
-4.970645E+00, 1.977720E-04 
-7.426246E+00, 7.667527E-05 
8.622571E+00, 4.770140E-05 
1.521032E+00, 1.538462E-03 
-7.370724E+00, 5.675881E-05 
-3.193280E+00, 5.958580E-04 
8.567900E-01, 1.389001E-03 
5.697974E+00, 3.630914E-04 
3.466105E+00, 6.554223E-04 
1.015989E+01, 9.822155E-06 
-7.372927E+00, 4.698675E-05 
-3.011813E+00, 4.770747E-04 
6.111237E-01, 1.051207E-03 
-4.243989E+00, 5.612394E-04 
3.745939E-01, 1.219109E-03 
2.407723E+00, 1.450364E-03 
8.678898E+00, 2.586884E-05 
-6.456841E+00, 1.002955E-04 
-2.272936E+00, 7.496368E-04 
-6.760624E+00, 1.079664E-04 
-6.249585E+00, 9.829144E-05 
8.755717E+00, 2.744531E-05 
-4.135088E+00, 5.119996E-04 
8.276318E+00, 2.275937E-05 
-1.989794E+00, 1.560953E-03 
-4.687826E+00, 3.515656E-04 
1.385197E+00, 1.184841E-03 
-3.012119E+00, 9.398030E-04 
6.955578E+00, 7.868660E-05 
-8.011412E+00, 2.356792E-05 
4.664432E+00, 3.104626E-04 
1.213674E+01, 4.969529E-06 
9.063275E-01, 1.644969E-03 
-3.930126E+00, 4.743547E-04 
-4.506187E+00, 3.346320E-04 
-3.370630E+00, 5.759355E-04 
4.865693E+00, 3.067379E-04 
-1.307882E+00, 1.554401E-03 
5.684875E+00, 3.775919E-04 
1.000021E+01, 5.822783E-06 
-8.842931E+00, 2.044685E-05 
-3.870849E+00, 4.692288E-04 
-3.603780E-01, 1.104607E-03 
-1.076839E+01, 8.803797E-06 
-5.596686E+00, 2.503852E-04 
2.605122E+00, 1.207483E-03 
3.708382E+00, 6.358842E-04 
7.373361E+00, 7.370665E-05 
-3.386813E+00, 6.746181E-04 
8.949147E+00, 2.818483E-05 
9.090273E+00, 1.490252E-05 
9.917991E+00, 1.215390E-05 
-4.534784E+00, 4.112170E-04 
-1.037569E+01, 5.660114E-06 
1.226781E+00, 9.117057E-04 
4.894692E+00, 3.482930E-04 
-4.134176E+00, 4.436066E-04 
1.019488E+01, 6.290464E-06 
9.287688E-01, 1.195747E-03 
9.241897E+00, 3.040275E-05 
8.118960E-01, 1.022453E-03 
-4.429493E+00, 3.864436E-04 
-7.962804E+00, 9.301949E-05 
-2.610545E+00, 9.359515E-04 
-4.234943E+00, 4.481315E-04 
-5.121545E+00, 2.261990E-04 
2.832214E+00, 1.499168E-03 
-3.332961E+00, 7.792740E-04 
-8.426581E+00, 3.396999E-05 
-6.310334E+00, 1.479318E-04 
-7.183861E+00, 9.795517E-05 
2.456546E+00, 1.434283E-03 
-3.104535E-01, 8.586071E-04 
2.301078E+00, 1.257591E-03 
9.598805E+00, 1.740235E-05 
3.661597E+00, 9.012260E-04 
6.227438E+00, 2.562466E-04 
-9.437409E+00, 1.460111E-05 
-2.885941E+00, 5.797137E-04 
4.107890E+00, 4.683369E-04 
-2.717771E+00, 7.572793E-04 
-1.493501E-01, 1.033019E-03 
-2.421186E+00, 1.121004E-03 
-6.114481E+00, 1.090780E-04 
1.541036E+00, 1.362500E-03 
-2.338380E+00, 1.035826E-03 
-8.607677E+00, 2.273191E-05 
-4.176297E+00, 4.159425E-04 
-9.265680E+00, 8.348494E-06 
-2.750194E+00, 5.993422E-04 
-2.763365E+00, 5.879993E-04 
-3.248292E+00, 4.555025E-04 
4.267213E+00, 4.341548E-04 
1.509761E+00, 1.323967E-03 
4.033305E+00, 5.008214E-04 
1.161664E+00, 1.304070E-03 
-1.319425E+00, 1.071676E-03 
9.205859E+00, 1.416958E-05 
-9.813204E+00, 8.545554E-06 
-4.562138E+00, 4.024365E-04 
-1.966026E+00, 8.807831E-04 
7.946997E+00, 6.612035E-05 
6.179973E+00, 1.675350E-04 
8.751386E+00, 2.500137E-05 
-4.290010E+00, 4.765842E-04 
7.778913E+00, 3.396074E-05 
9.821698E+00, 1.263736E-05 
-3.275714E+00, 5.923624E-04 
-4.299551E+00, 5.508256E-04 
-2.688466E+00, 6.000762E-04 
9.823464E-01, 1.379879E-03 
8.209942E+00, 2.153818E-05 
-7.298400E+00, 4.840879E-05 
-9.800416E+00, 6.772226E-06 
8.881079E-01, 1.080937E-03 
-3.078584E+00, 4.541106E-04 
-5.610073E+00, 3.155151E-04 
-1.287706E+00, 1.512839E-03 
-1.302225E+01, 6.681870E-06 
3.201794E+00, 9.374609E-04 
-4.221265E+00, 3.943074E-04 
-1.568421E+00, 1.158378E-03 
-2.778751E+00, 7.553802E-04 
6.805612E+00, 8.476121E-05 
3.515247E+00, 5.461083E-04 
7.422695E+00, 5.131298E-05 
4.720172E+00, 4.456477E-04 
2.595240E+00, 8.209638E-04 
8.440166E+00, 4.349063E-05 
9.464559E+00, 6.700525E-06 
3.475476E-01, 1.006113E-03 
-7.107488E+00, 8.046943E-05 
5.541653E+00, 3.491824E-04 
-4.805051E+00, 3.280324E-04 
-1.172544E-01, 1.178833E-03 
2.008873E-01, 1.093417E-03 
1.189487E+00, 1.016386E-03 
-1.053661E+01, 6.645062E-06 
7.175571E+00, 8.701669E-05 
-8.753227E+00, 3.645057E-05 
2.776270E+00, 1.301034E-03 
1.017475E+01, 9.757667E-06 
-9.807416E+00, 1.154897E-05 
4.148321E-01, 1.277110E-03 
-7.608696E+00, 8.773513E-05 
5.676450E+00, 2.416272E-04 
4.435661E-01, 1.232808E-03 
6.692562E-01, 1.322225E-03 
4.724540E+00, 3.807871E-04 
-3.647541E+00, 4.578219E-04 
-4.791507E+00, 3.816876E-04 
-5.395098E+00, 1.587034E-04 
-3.101100E+00, 6.089965E-04 
-6.529141E+00, 1.342029E-04 
1.151090E+01, 8.863811E-06 
6.631605E+00, 1.295241E-04 
-8.750053E+00, 3.597596E-05 
-4.233863E+00, 3.476907E-04 
-5.850896E+00, 1.720023E-04 
-5.063417E+00, 3.293791E-04 
-1.021350E+01, 9.146204E-06 
4.291070E+00, 3.880649E-04 
5.706239E+00, 3.240685E-04 
3.545610E+00, 1.055734E-03 
-3.975706E+00, 5.280754E-04 
1.145666E+00, 1.064314E-03 
8.744266E+00, 2.071393E-05 
-8.810960E+00, 4.798334E-05 
-3.457734E+00, 6.519730E-04 
-7.848016E+00, 9.226992E-05 
9.219460E+00, 1.722413E-05 
1.084956E+01, 5.159199E-06 
6.670037E-01, 1.248691E-03 
-3.719462E-01, 1.078756E-03 
1.098484E+01, 8.302615E-06 
-1.066071E+00, 1.461054E-03 
6.380037E+00, 1.223364E-04 
1.182026E+01, 5.910854E-06 
5.150891E+00, 2.515363E-04 
-5.093558E+00, 2.724537E-04 
6.723021E+00, 1.895481E-04 
3.575033E+00, 5.995609E-04 
6.303149E+00, 1.867963E-04 
-5.960718E+00, 2.071228E-04 
-8.038895E+00, 5.286494E-05 
-2.719297E+00, 1.048484E-03 
6.046080E+00, 2.962856E-04 
-1.896773E-01, 1.590249E-03 
7.489624E+00, 6.509699E-05 
7.122624E+00, 9.022398E-05 
8.881253E+00, 2.827767E-05 
9.911330E+00, 6.431220E-06 
1.396744E+00, 1.098908E-03 
3.900930E+00, 5.740938E-04 
4.183810E+00, 3.756982E-04 
-2.487978E+00, 7.464919E-04 
3.291448E+00, 9.159420E-04 
1.817675E+00, 9.862543E-04 
-8.747730E+00, 2.970926E-05 
9.495686E+00, 1.701136E-05 
-1.285036E+00, 9.478948E-04 
1.067964E+00, 1.337992E-03 
7.699161E+00, 9.819245E-05 
-4.810569E+00, 3.522989E-04 
2.439083E+00, 1.127176E-03 
-1.092640E+01, 5.664289E-06 
-7.516747E-01, 8.600495E-04 
5.881482E+00, 2.028218E-04 
-5.656382E+00, 2.726223E-04 
8.609428E+00, 5.923574E-05 
-3.441546E+00, 6.585710E-04 
-3.377611E-01, 1.120516E-03 
-9.051867E+00, 2.603530E-05 
3.168472E+00, 1.380018E-03 
2.454747E+00, 8.117180E-04 
1.926929E+00, 1.208961E-03 
-6.441632E+00, 2.021807E-04 
-5.819788E-01, 9.071708E-04 
-8.405053E+00, 3.507181E-05 
-3.371078E+00, 6.128807E-04 
-5.587119E+00, 2.620936E-04 
-7.230605E+00, 4.899016E-05 
-6.184045E+00, 1.860773E-04 
6.714351E+00, 2.274188E-04 
1.039573E+00, 1.272990E-03 
7.083695E-01, 1.034730E-03 
-7.299121E+00, 5.343028E-05 
-1.355216E+00, 1.219467E-03 
-4.249225E+00, 4.115567E-04 
-5.769643E+00, 1.479619E-04 
7.846428E+00, 3.848474E-05 
5.514598E+00, 3.103520E-04 
1.129235E+01, 5.897279E-06 
-8.079394E+00, 4.759315E-05 
1.270304E+00, 1.265907E-03 
-2.167793E-01, 1.178833E-03 
7.421076E+00, 8.562480E-05 
3.948831E+00, 4.359884E-04 
5.895073E-01, 1.006113E-03 
-7.684759E+00, 5.945638E-05 
7.168986E+00, 9.082791E-05 
-1.110736E+01, 6.165623E-06 
-9.850618E+00, 7.945999E-06 
-5.057415E+00, 2.574265E-04 
9.058012E+00, 2.366311E-05 
1.116167E+01, 7.866517E-06 
6.319865E+00, 1.465758E-04 
-2.134881E+00, 1.028732E-03 
4.959753E+00, 5.629249E-04 
-2.500904E+00, 7.844111E-04 
-5.604907E-01, 9.061713E-04 
-9.089451E+00, 1.694782E-05 
9.019543E+00, 1.248384E-05 
7.418400E+00, 6.423150E-05 
9.566486E+00, 1.285064E-05 
-6.102429E+00, 1.305987E-04 
-9.944816E+00, 1.139200E-05 
7.384017E+00, 5.013543E-05 
-6.810848E+00, 1.319042E-04 
5.157048E+00, 3.750623E-04 
2.318969E+00, 1.441321E-03 
-2.486728E+00, 1.124283E-03 
2.758365E+00, 1.529871E-03 
-9.363541E+00, 1.521585E-05 
9.903111E+00, 6.973177E-06 
-4.714884E+00, 2.533024E-04 
-1.715326E-02, 1.665608E-03 
4.737987E+00, 5.351807E-04 
-2.025793E+00, 6.795209E-04 
-3.802270E-01, 8.852843E-04 
3.641119E+00, 9.586076E-04 
6.562818E+00, 1.602867E-04 
9.360976E-01, 1.567395E-03 
6.511409E-01, 1.755005E-03 
1.078923E+01, 6.057011E-06 
-8.418802E+00, 3.053367E-05 
-7.137016E+00, 8.123893E-05 
6.155256E+00, 2.372230E-04 
-4.774949E+00, 5.253002E-04 
1.010788E+01, 5.477083E-06 
-1.094487E+01, 7.753288E-06 
1.353837E+00, 1.118717E-03 
-6.933234E-01, 8.769109E-04 
2.292637E+00, 8.479706E-04 
-1.174503E+01, 6.681870E-06 
5.668157E+00, 1.601740E-04 
-8.274420E+00, 2.614825E-05 
-2.906537E+00, 6.553600E-04 
-4.841762E+00, 3.090435E-04 
-6.776668E+00, 9.019863E-05 
-9.052852E+00, 1.180311E-05 
7.792356E+00, 7.370665E-05 
-3.787757E+00, 6.100663E-04 
4.521748E+00, 4.737760E-04 
-8.445914E+00, 5.606226E-05 
-1.107724E+01, 7.077080E-06 
-4.123721E+00, 5.084067E-04 
5.436122E+00, 2.023154E-04 
6.191479E+00, 1.854671E-04 
-6.775616E+00, 1.304286E-04 
9.209311E-01, 1.273570E-03 
7.576643E+00, 8.171712E-05 
-6.004440E-01, 1.431236E-03 
4.687314E+00, 5.034298E-04 
5.754726E+00, 2.363017E-04 
1.337938E+00, 1.287309E-03 
-3.864138E+00, 3.671738E-04 
6.961239E+00, 1.293601E-04 
-6.262180E+00, 1.730963E-04 
-7.243704E+00, 8.934897E-05 
-4.806312E+00, 2.231382E-04 
-1.025543E+01, 8.545554E-06 
8.671623E+00, 4.037692E-05 
7.505093E+00, 6.488106E-05 
9.843522E+00, 1.300232E-05 
6.084921E+00, 2.931515E-04 
-3.759377E+00, 4.692402E-04 
-8.423614E+00, 4.308684E-05 
3.278888E+00, 8.571030E-04 
6.301944E+00, 2.245669E-04 
-1.049434E+01, 8.554280E-06 
-4.292579E+00, 3.812758E-04 
-8.493225E+00, 4.167694E-05 
4.738229E+00, 3.884885E-04 
-8.478346E+00, 3.037034E-05 
4.685969E+00, 3.530864E-04 
-5.317095E+00, 3.659671E-04 
5.539077E+00, 3.342098E-04 
7.825806E+00, 7.371724E-05 
-6.837214E-01, 8.649111E-04 
4.337512E+00, 5.124932E-04 
-5.477946E+00, 2.543956E-04 
-1.367658E+00, 9.899858E-04 
3.470612E+00, 8.070825E-04 
5.707050E+00, 2.673132E-04 
-2.999697E+00, 7.095865E-04 
-5.290893E+00, 1.990211E-04 
-7.741610E+00, 6.773331E-05 
1.082836E+01, 5.910854E-06 
5.497501E+00, 3.682555E-04 
9.215418E+00, 2.389766E-05 
-8.005794E+00, 9.245764E-05 
2.588479E+00, 7.529890E-04 
-9.448157E+00, 1.320959E-05 
-3.543770E+00, 8.117847E-04 
-1.232479E+01, 8.061370E-06 
-3.803155E+00, 4.555025E-04 
-9.389038E+00, 1.382766E-05 
-3.162540E+00, 6.065690E-04 
-9.683836E+00, 1.167656E-05 
5.343056E+00, 2.333708E-04 
-1.077243E+01, 6.165623E-06 
-9.755158E+00, 1.252472E-05 
2.990941E+00, 1.022291E-03 
8.324329E+00, 3.311388E-05 
-6.443327E+00, 1.793879E-04 
-6.256521E+00, 1.107284E-04 
-4.344484E+00, 4.294927E-04 
9.291474E+00, 1.431528E-05 
1.148282E+00, 8.066033E-04 
-9.846643E+00, 7.650780E-06 
9.390064E+00, 1.684139E-05 
-2.097677E+00, 1.193171E-03 
-7.022297E+00, 1.399802E-04 
-1.962457E+00, 7.871921E-04 
8.465308E+00, 4.680353E-05 
4.153932E-01, 1.166273E-03 
7.484636E-01, 8.958259E-04 
4.724664E+00, 3.467772E-04 
-4.963516E-01, 1.306199E-03 
8.834670E-01, 1.035826E-03 
7.675317E+00, 9.201347E-05 
1.012167E+01, 6.963578E-06 
-7.119920E+00, 6.846740E-05 
-7.964648E+00, 6.453847E-05 
3.005144E+00, 9.252855E-04 
-1.396602E-01, 1.479998E-03 
-8.655096E+00, 3.473163E-05 
1.547961E+00, 1.461395E-03 
-1.072074E+01, 9.933793E-06 
6.374019E+00, 2.476544E-04 
8.456119E-01, 1.517549E-03 
3.736530E+00, 5.663678E-04 
-1.052948E+01, 5.894267E-06 
3.124064E+00, 9.289477E-04 
-5.044846E+00, 2.343429E-04 
-1.075726E+01, 5.838281E-06 
-9.589522E+00, 1.171640E-05 
-8.502561E+00, 3.455883E-05 
6.876226E+00, 1.311695E-04 
-9.679718E+00, 1.238275E-05 
4.601370E+00, 6.074412E-04 
-2.238774E+00, 6.227175E-04 
-6.735658E-02, 1.361575E-03 
5.976741E+00, 1.706103E-04 
-4.031884E+00, 5.567609E-04 
-1.007611E+01, 9.232233E-06 
-1.030401E+01, 6.390706E-06 
4.607005E+00, 3.432217E-04 
6.552347E+00, 1.597895E-04 
-6.528339E+00, 1.137301E-04 
-2.748582E+00, 7.207530E-04 
9.582813E+00, 1.072408E-05 
2.099906E+00, 9.399760E-04 
-1.440049E+00, 1.676370E-03 
-5.127692E+00, 2.261990E-04 
2.605724E+00, 1.184343E-03 
3.193848E+00, 9.315789E-04 
-8.078246E+00, 5.004866E-05 
-7.544014E+00, 7.778017E-05 
-1.557243E+00, 1.552025E-03 
1.117978E+01, 5.477083E-06 
-1.920389E+00, 1.123775E-03 
-7.109438E+00, 9.191629E-05 
-3.414750E+00, 7.357313E-04 
8.259565E+00, 5.270209E-05 
1.559504E+00, 8.701078E-04 
5.876666E+00, 3.169811E-04 
-5.480334E+00, 1.810794E-04 
-5.973429E+00, 1.989332E-04 
-2.610394E+00, 1.082947E-03 
-3.010626E+00, 5.216215E-04 
6.342089E+00, 3.371382E-04 
2.670529E+00, 1.124951E-03 
4.354977E+00, 4.837841E-04 
1.148155E-01, 1.627314E-03 
-8.979198E+00, 1.278141E-05 
5.464791E-02, 8.924746E-04 
-1.007300E+01, 1.304623E-05 
-1.559829E-02, 1.178833E-03 
-5.578209E+00, 2.872199E-04 
-3.378591E+00, 8.613935E-04 
8.104792E+00, 6.663962E-05 
8.157181E+00, 3.889611E-05 
-2.467264E+00, 7.637994E-04 
-1.355241E+00, 1.178833E-03 
-6.756545E+00, 9.191629E-05 
-6.093778E+00, 1.295001E-04 
-2.026625E+00, 1.029149E-03 
4.747245E+00, 5.042908E-04 
9.683478E+00, 1.363397E-05 
1.132308E+00, 9.117057E-04 
8.176278E+00, 4.786298E-05 
7.582720E+00, 6.171731E-05 
-3.318564E+00, 5.633823E-04 
-2.004221E+00, 9.746473E-04 
-8.939436E-01, 1.524163E-03 
-2.033493E+00, 1.551746E-03 
-7.123334E+00, 4.945286E-05 
9.990823E-01, 9.669832E-04 
-3.884630E+00, 4.115763E-04 
4.521166E+00, 5.727821E-04 
8.441364E-01, 1.322326E-03 
-7.598262E+00, 5.970428E-05 
7.631862E-01, 1.426383E-03 
1.587297E+00, 8.171426E-04 
6.046174E+00, 2.489687E-04 
-4.364525E+00, 5.724540E-04 
-1.007091E+00, 1.311706E-03 
8.188689E-01, 1.195650E-03 
3.678314E+00, 9.108868E-04 
-8.803491E-02, 1.545972E-03 
-7.636170E+00, 4.698675E-05 
8.824919E+00, 1.126579E-05 
7.014705E+00, 1.448576E-04 
-9.114605E-01, 8.838807E-04 
-9.554059E+00, 1.175707E-05 
-7.892153E+00, 6.973782E-05 
-4.752656E+00, 3.278129E-04 
-6.241405E+00, 1.093776E-04 
9.906640E+00, 7.655575E-06 
2.938113E+00, 8.000378E-04 
3.779460E+00, 5.642332E-04 
-1.019809E+01, 6.136811E-06 
-7.476002E+00, 7.527418E-05 
7.297434E-01, 1.319114E-03 
6.278192E+00, 1.394654E-04 
-4.725605E+00, 3.197436E-04 
-5.250402E+00, 2.390120E-04 
1.131826E+01, 4.877241E-06 
7.087033E+00, 1.383770E-04 
7.798135E+00, 8.131343E-05 
-7.543378E+00, 8.934897E-05 
8.261591E+00, 5.517024E-05 
-5.700833E+00, 2.451038E-04 
-1.293290E+01, 7.981085E-06 
-2.305831E+00, 9.547975E-04 
-7.192223E+00, 5.810778E-05 
1.741256E+00, 1.202302E-03 
4.776541E+00, 6.301517E-04 
7.569073E+00, 8.562480E-05 
-4.826427E+00, 2.152212E-04 
-9.282632E+00, 1.304623E-05 
8.498383E+00, 2.475299E-05 
1.777330E+00, 1.052937E-03 
-2.166304E+00, 6.941252E-04 
-9.857967E+00, 6.262359E-06 
5.306974E+00, 2.258848E-04 
-5.622389E+00, 2.259154E-04 
1.062960E+01, 8.204742E-06 
-9.053577E+00, 1.234247E-05 
7.017175E+00, 2.184823E-04 
-8.180695E+00, 2.209143E-05 
-9.519079E+00, 9.931987E-06 
-7.804445E+00, 5.054817E-05 
-3.500805E+00, 5.619372E-04 
-9.864784E-02, 1.373141E-03 
9.306123E+00, 1.868586E-05 
6.997758E-01, 1.303905E-03 
3.483221E+00, 5.820390E-04 
7.880168E+00, 4.435579E-05 
6.417407E-01, 1.294829E-03 
3.465109E-02, 9.470040E-04 
-2.880629E+00, 4.581451E-04 
7.147384E+00, 7.868660E-05 
8.403406E+00, 2.767250E-05 
-9.811671E+00, 1.205185E-05 
3.688171E+00, 6.510774E-04 
8.617623E+00, 2.066140E-05 
-3.246751E+00, 4.496271E-04 
-4.707983E+00, 4.371761E-04 
-4.882356E+00, 2.306720E-04 
7.155960E+00, 9.178316E-05 
9.437863E+00, 2.267458E-05 
3.946123E+00, 6.013067E-04 
-6.439863E+00, 7.733221E-05 
2.599539E-01, 1.319022E-03 
1.131280E+00, 1.210043E-03 
-2.065392E-01, 1.650624E-03 
-9.747031E+00, 1.616596E-05 
5.324572E+00, 2.595859E-04 
-7.261558E+00, 5.646538E-05 
6.776477E+00, 1.601740E-04 
-9.374070E+00, 1.345893E-05 
7.225378E+00, 1.654560E-04 
-5.509335E+00, 2.700125E-04 
1.489213E+00, 1.205240E-03 
9.696597E+00, 1.543762E-05 
3.880229E+00, 1.012899E-03 
3.165760E+00, 6.870662E-04 
-4.461053E+00, 3.406358E-04 
4.780031E+00, 3.765732E-04 
5.736655E-01, 1.210044E-03 
-1.459709E+00, 1.454981E-03 
-1.133992E+01, 7.753288E-06 
-4.020760E+00, 6.520629E-04 
-3.331258E+00, 5.509838E-04 
3.020670E+00, 5.660574E-04 
-7.490466E-01, 1.613367E-03 
-7.273906E+00, 8.089656E-05 
8.227678E+00, 6.175102E-05 
-8.692441E+00, 1.014991E-05 
6.834808E+00, 1.721989E-04 
1.020473E+01, 1.367257E-05 
-4.728869E+00, 5.607907E-04 
-5.435443E+00, 1.378391E-04 
-2.346733E+00, 9.906517E-04 
5.436920E+00, 3.177843E-04 
4.039881E+00, 9.369614E-04 
-2.339583E+00, 6.910200E-04 
1.111464E+01, 5.760823E-06 
-3.443421E+00, 4.673420E-04 
9.488231E+00, 2.827767E-05 
-7.239564E+00, 4.850124E-05 
-6.151476E+00, 1.255068E-04 
6.172456E+00, 1.234346E-04 
-2.101344E+00, 6.489853E-04 
7.079732E+00, 6.355593E-05 
-2.344809E+00, 1.045661E-03 
-7.981063E+00, 2.415940E-05 
2.402145E+00, 9.935966E-04 
8.708116E+00, 2.227136E-05 
1.071608E+01, 6.886179E-06 
-8.862208E+00, 1.999482E-05 
8.194436E+00, 2.151991E-05 
2.409702E-01, 1.251383E-03 
-2.924283E+00, 5.944093E-04 
-9.168918E+00, 1.018751E-05 
-3.502485E+00, 7.694752E-04 
-1.874056E+00, 6.017092E-04 
-6.257616E+00, 1.193244E-04 
-6.692699E+00, 8.721557E-05 
-4.851218E+00, 5.066055E-04 
8.203997E+00, 6.829425E-05 
2.532291E-01, 1.736501E-03 
-2.445243E+00, 6.045985E-04 
1.061387E+01, 7.369269E-06 
-1.034666E-01, 1.249014E-03 
4.424839E+00, 4.205178E-04 
-7.105827E-01, 8.459778E-04 
8.030447E+00, 6.665668E-05 
-3.780275E+00, 5.792486E-04 
1.316610E+00, 7.912687E-04 
5.223054E+00, 1.788657E-04 
3.748615E+00, 6.073378E-04 
-6.269581E+00, 2.041936E-04 
-4.990597E+00, 5.452155E-04 
6.765562E+00, 2.305300E-04 
-2.821929E+00, 7.073958E-04 
7.332317E+00, 4.854295E-05 
9.568299E+00, 9.566498E-06 
-4.088656E+00, 4.004739E-04 
8.529034E+00, 3.132934E-05 
-7.025281E+00, 8.527841E-05 
-1.054058E+00, 1.554973E-03 
2.363503E-01, 9.920325E-04 
1.066657E+01, 6.565249E-06 
2.144664E+00, 8.873277E-04 
3.841093E+00, 7.944141E-04 
-5.863662E+00, 2.362256E-04 
6.864086E+00, 1.665435E-04 
8.431123E+00, 2.984400E-05 
6.768976E+00, 1.511376E-04 
-6.422826E+00, 1.157110E-04 
7.203717E+00, 2.090000E-04 
-3.280139E+00, 7.824989E-04 
-2.285413E-01, 1.049959E-03 
-6.915895E+00, 9.741200E-05 
1.052920E+01, 4.578150E-06 
8.039376E+00, 7.652503E-05 
-2.204551E+00, 6.089965E-04 
-9.544501E+00, 1.299311E-05 
8.865115E+00, 2.665156E-05 
-1.070071E+01, 5.774485E-06 
1.576567E+00, 9.996770E-04 
4.649850E+00, 3.891855E-04 
-9.226871E+00, 1.188314E-05 
6.180704E+00, 2.425684E-04 
-7.966430E+00, 9.168571E-05 
-8.762175E+00, 1.138936E-05 
-5.598547E+00, 3.561426E-04 
3.098397E+00, 4.732230E-04 
2.034318E+00, 1.072300E-03 
1.151924E+01, 5.804035E-06 
-6.287851E+00, 1.137171E-04 
-9.875154E+00, 1.334976E-05 
-1.049514E+01, 5.766749E-06 
-7.223790E+00, 9.929989E-05 
-4.093066E+00, 5.130208E-04 
-9.344560E+00, 1.171436E-05 
-9.372306E-01, 1.177894E-03 
3.604568E+00, 9.508791E-04 
-8.710504E+00, 2.469711E-05 
3.437899E-01, 9.924228E-04 
2.414271E+00, 8.209638E-04 
8.477210E+00, 2.449480E-05 
1.921087E+00, 1.274789E-03 
-9.324491E+00, 1.261437E-05 
-1.159223E+01, 5.861127E-06 
-8.035064E+00, 4.305826E-05 
6.586864E+00, 1.257839E-04 
3.399900E-01, 1.034730E-03 
3.524319E+00, 6.085136E-04 
4.687498E+00, 3.295311E-04 
3.986636E+00, 6.373611E-04 
2.269005E+00, 9.235094E-04 
-1.039967E+01, 6.704697E-06 
2.247123E+00, 1.121106E-03 
1.101294E+01, 6.135195E-06 
-6.059924E+00, 1.193244E-04 
-6.395999E-01, 1.238083E-03 
-3.921598E+00, 4.133922E-04 
-8.257714E+00, 2.128986E-05 
3.055222E+00, 8.850399E-04 
6.423994E+00, 1.749594E-04 
8.548370E+00, 4.989719E-05 
6.081798E-01, 1.776556E-03 
3.763912E-01, 1.234876E-03 
3.809389E+00, 5.710600E-04 
4.696859E+00, 3.586225E-04 
-9.434674E+00, 1.424829E-05 
-7.782033E-01, 1.416859E-03 
9.271683E+00, 1.251205E-05 
1.099013E+00, 8.958259E-04 
-1.716567E+00, 8.701398E-04 
9.652083E+00, 1.431932E-05 
9.086692E+00, 1.256928E-05 
4.846492E+00, 3.702362E-04 
-5.038390E+00, 1.919905E-04 
9.578129E+00, 1.255894E-05 
-2.145816E+00, 1.288094E-03 
9.536728E+00, 7.413965E-06 
-3.795174E+00, 7.168858E-04 
-7.181471E-01, 1.369721E-03 
-8.381620E+00, 3.053214E-05 
2.935668E+00, 9.225178E-04 
3.961504E+00, 4.101970E-04 
1.461134E+00, 1.018564E-03 
-8.719373E+00, 1.022342E-05 
4.010385E+00, 7.123338E-04 
6.050810E+00, 1.324288E-04 
3.993254E+00, 6.448182E-04 
8.544422E+00, 2.158738E-05 
1.007763E+01, 7.305595E-06 
5.509292E+00, 1.635960E-04 
-7.361492E+00, 6.432558E-05 
-3.596272E+00, 7.368669E-04 
2.884965E+00, 6.467022E-04 
-5.643735E+00, 2.831424E-04 
-5.132767E+00, 2.938145E-04 
6.574971E+00, 2.042718E-04 
8.220693E+00, 5.777890E-05 
-7.798732E-01, 1.178094E-03 
-4.231374E+00, 5.856811E-04 
1.157873E+00, 9.627390E-04 
7.396367E+00, 5.013543E-05 
-7.081904E+00, 5.221397E-05 
8.798155E+00, 2.624074E-05 
3.174588E+00, 5.658891E-04 
2.369082E+00, 1.077121E-03 
-3.719517E+00, 6.655692E-04 
-4.439274E+00, 4.080632E-04 
-6.300761E+00, 1.208193E-04 
-5.193317E+00, 2.813411E-04 
-4.691623E+00, 3.492734E-04 
4.910817E+00, 4.667890E-04 
-9.069651E+00, 1.299438E-05 
-5.456549E+00, 3.545097E-04 
-1.602761E+00, 1.515608E-03 
7.726830E-01, 1.311837E-03 
3.210312E+00, 5.885351E-04 
5.627091E+00, 3.930103E-04 
1.076548E+01, 7.302333E-06 
-1.094267E+01, 7.351731E-06 
-5.978459E+00, 1.875328E-04 
3.958170E+00, 5.185706E-04 
-9.804787E+00, 9.887212E-06 
-4.825797E+00, 3.879104E-04 
-6.160228E+00, 1.634111E-04 
-8.326359E-01, 1.262116E-03 
4.965768E+00, 4.887956E-04 
-8.072053E+00, 4.046412E-05 
-2.667262E+00, 6.037416E-04 
-2.968227E+00, 1.019545E-03 
4.038148E+00, 1.000171E-03 
-2.275874E+00, 7.346824E-04 
2.438390E+00, 8.533334E-04 
2.170649E-01, 9.061713E-04 
-9.869050E+00, 1.175537E-05 
-6.759436E+00, 7.733221E-05 
-4.688165E+00, 3.392931E-04 
2.680466E+00, 9.804401E-04 
8.097697E+00, 4.673230E-05 
2.854429E-01, 1.193470E-03 
3.282747E+00, 6.052163E-04 
1.298437E+00, 1.401194E-03 
-8.339898E+00, 2.857741E-05 
1.126122E+00, 1.256205E-03 
-5.583568E+00, 1.919905E-04 
-8.233200E+00, 2.575218E-05 
-7.978176E+00, 6.548530E-05 
7.551446E+00, 6.478871E-05 
-5.714608E+00, 1.397541E-04 
9.047004E+00, 1.072408E-05 
-1.013106E+01, 1.017062E-05 
-1.173968E+01, 5.646669E-06 
-6.356946E+00, 1.129208E-04 
-7.900161E+00, 8.937580E-05 
-3.417999E+00, 5.534655E-04 
-8.893061E+00, 1.999482E-05 
3.744781E+00, 6.723259E-04 
-5.701529E+00, 2.002159E-04 
6.476110E+00, 1.511376E-04 
-2.799254E+00, 7.586398E-04 
-8.325781E+00, 6.760719E-05 
1.571028E+00, 1.286727E-03 
7.740275E+00, 6.861817E-05 
-6.463688E+00, 7.494332E-05 
-1.275076E+01, 5.973560E-06 
2.907790E+00, 9.529063E-04 
-9.973010E+00, 1.008190E-05 
-7.875133E+00, 7.715579E-05 
1.369924E-01, 1.389352E-03 
9.462661E+00, 2.257134E-05 
-7.293494E-01, 8.649111E-04 
-2.939502E+00, 9.413834E-04 
-9.727876E+00, 1.254470E-05 
-8.278276E+00, 3.622854E-05 
9.100346E+00, 3.234398E-05 
-9.153696E+00, 1.521585E-05 
5.057228E+00, 1.996278E-04 
-2.956297E+00, 7.261880E-04 
9.100886E+00, 1.215390E-05 
3.605746E+00, 5.895922E-04 
5.954359E+00, 2.472331E-04 
5.143667E+00, 2.931515E-04 
9.958186E+00, 6.997150E-06 
-1.048867E+01, 6.224319E-06 
-1.644610E+00, 1.504368E-03 
1.036541E+01, 8.207822E-06 
5.456560E+00, 2.571768E-04 
4.989971E+00, 4.875478E-04 
4.450158E+00, 3.556134E-04 
-5.548461E+00, 2.311347E-04 
-7.443162E+00, 5.753708E-05 
-6.312836E+00, 1.237890E-04 
7.029978E+00, 8.684024E-05 
6.327029E+00, 1.575532E-04 
8.978645E+00, 1.332578E-05 
-5.646834E+00, 2.306069E-04 
-6.466225E+00, 1.190712E-04 
2.187451E+00, 1.407454E-03 
-7.391709E+00, 8.303902E-05 
7.778228E+00, 4.044271E-05 
-3.943253E+00, 5.691846E-04 
-4.899253E-01, 1.474325E-03 
3.289499E+00, 9.186924E-04 
8.247958E+00, 4.802304E-05 
-1.786710E+00, 1.616802E-03 
6.158989E+00, 1.857903E-04 
1.997268E+00, 8.430800E-04 
-3.306840E+00, 6.853757E-04 
2.042782E+00, 9.295184E-04 
-7.592131E+00, 8.356236E-05 
-9.447573E+00, 1.274765E-05 
5.305470E+00, 2.363017E-04 
1.140048E+01, 7.257658E-06 
7.538994E-01, 1.250207E-03 
8.761377E+00, 3.168501E-05 
6.494888E+00, 1.731049E-04 
1.060171E+01, 5.849326E-06 
2.557296E+00, 9.419815E-04 
-1.559593E+00, 1.546344E-03 
1.539291E+00, 1.003664E-03 
-2.935555E+00, 7.685334E-04 
-1.524258E+00, 1.325550E-03 
-1.164759E+01, 6.285915E-06 
5.191697E+00, 2.203545E-04 
1.905530E+00, 8.701078E-04 
-1.055031E+00, 1.585539E-03 
2.103159E+00, 1.279611E-03 
-1.194181E+01, 6.487041E-06 
8.565095E-01, 1.191301E-03 
2.385946E+00, 1.320667E-03 
-6.232870E+00, 1.812604E-04 
-1.135208E+00, 1.364989E-03 
5.471398E+00, 2.607674E-04 
-8.445016E+00, 2.509373E-05 
-5.869017E+00, 1.494484E-04 
-9.631479E+00, 8.803797E-06 
6.122876E+00, 3.021613E-04 
-1.122231E+01, 5.439242E-06 
7.880575E+00, 5.923574E-05 
5.356142E+00, 2.974669E-04 
1.116439E+01, 6.067372E-06 
1.931718E+00, 1.295555E-03 
2.669237E+00, 8.489385E-04 
-1.001622E+01, 9.729854E-06 
-3.816502E+00, 5.004407E-04 
-6.054110E+00, 1.875328E-04 
9.650333E+00, 1.304214E-05 
1.941868E+00, 8.707431E-04 
6.232069E+00, 1.232720E-04 
-3.694552E-01, 1.386172E-03 
4.850694E+00, 2.607308E-04 
5.720714E-01, 1.161860E-03 
-5.475870E+00, 2.652727E-04 
5.150615E-01, 1.221287E-03 
-6.265416E+00, 9.798737E-05 
1.181398E+01, 6.445174E-06 
2.311819E+00, 8.499147E-04 
1.072470E+00, 1.382594E-03 
1.997542E+00, 1.376867E-03 
-9.140974E+00, 1.084903E-05 
6.615481E+00, 1.858463E-04 
-1.899350E+00, 8.743955E-04 
-1.115326E+01, 5.507314E-06 
1.117011E+01, 6.133068E-06 
6.095747E+00, 1.791152E-04 
5.749462E+00, 2.168309E-04 
1.820769E+00, 8.955131E-04 
-9.446591E-01, 1.495222E-03 
-4.804346E+00, 3.492734E-04 
3.700295E+00, 8.767454E-04 
-4.595389E-01, 1.010706E-03 
-1.057461E+00, 1.153196E-03 
7.012835E+00, 6.454155E-05 
2.325843E-02, 1.302794E-03 
-3.918701E+00, 4.486844E-04 
6.399035E+00, 1.522347E-04 
-1.794826E-02, 1.642669E-03 
-5.357177E+00, 2.819651E-04 
-2.660992E+00, 8.739317E-04 
1.495868E+00, 1.165431E-03 
5.258844E+00, 2.571768E-04 
3.642379E+00, 5.894762E-04 
-3.516275E+00, 5.691846E-04 
2.922554E+00, 1.421378E-03 
-2.865335E+00, 1.148354E-03 
-1.335928E+00, 1.386789E-03 
-1.542817E+00, 1.080272E-03 
1.093449E+01, 4.578150E-06 
1.032261E+01, 6.286033E-06 
5.932963E+00, 3.162705E-04 
2.911950E+00, 8.486856E-04 
-1.050924E+01, 5.410574E-06 
-2.313123E+00, 6.048840E-04 
-2.386264E-01, 1.239000E-03 
6.659888E+00, 1.799928E-04 
8.545758E+00, 3.396074E-05 
3.272417E+00, 6.568202E-04 
6.290697E+00, 2.224038E-04 
4.140227E+00, 3.810761E-04 
-9.945754E+00, 1.019442E-05 
6.516167E+00, 1.653937E-04 
8.790068E+00, 2.899096E-05 
1.301346E+00, 1.167139E-03 
6.613003E+00, 2.407320E-04 
9.607743E+00, 1.892450E-05 
7.498731E+00, 8.462244E-05 
-7.201562E+00, 6.237374E-05 
-5.093522E+00, 3.246492E-04 
-7.717839E+00, 4.841957E-05 
-9.855142E+00, 1.005007E-05 
7.003956E+00, 1.482577E-04 
3.051021E+00, 7.878626E-04 
1.014438E+01, 5.100786E-06 
-7.501587E-01, 1.215234E-03 
1.646906E-01, 1.074734E-03 
-2.820292E+00, 9.581516E-04 
1.272145E+01, 5.407631E-06 
-1.561545E-01, 1.101517E-03 
2.521806E+00, 8.850399E-04 
4.381810E+00, 6.052163E-04 
-7.211397E+00, 1.696014E-04 
-4.454754E+00, 4.839744E-04 
1.160459E+00, 1.010309E-03 
5.313425E+00, 2.349476E-04 
-1.456641E+00, 1.512150E-03 
-1.038294E+01, 5.774485E-06 
-1.955937E+00, 6.716973E-04 
-6.914734E+00, 1.254697E-04 
-4.157028E+00, 5.757367E-04 
1.036455E+01, 7.413965E-06 
1.188446E+00, 1.190508E-03 
-6.762309E+00, 1.177332E-04 
-6.347387E+00, 9.451115E-05 
-3.082599E+00, 6.526757E-04 
-7.883111E+00, 4.945286E-05 
5.200566E-01, 9.487529E-04 
1.231943E+01, 6.212170E-06 
2.150986E-02, 1.113788E-03 
5.952950E+00, 2.112707E-04 
8.765025E+00, 2.850016E-05 
-6.714598E+00, 1.518778E-04 
-8.757535E+00, 2.390806E-05 
2.917103E+00, 8.376112E-04 
3.336952E+00, 1.170892E-03 
-5.883726E+00, 3.204285E-04 
8.543995E+00, 4.129636E-05 
5.549296E-01, 1.001918E-03 
-2.358940E+00, 9.374207E-04 
-8.635174E-01, 9.146867E-04 
2.935823E+00, 5.772094E-04 
-7.900138E+00, 5.511785E-05 
7.738275E+00, 8.002085E-05 
7.187913E+00, 7.611736E-05 
-7.068663E+00, 7.781822E-05 
-6.390144E+00, 1.314949E-04 
-1.151748E+01, 6.264815E-06 
-9.074075E+00, 9.887212E-06 
7.357212E+00, 1.301862E-04 
6.050953E+00, 2.669598E-04 
6.525063E+00, 1.970980E-04 
3.444312E+00, 8.210151E-04 
7.261547E+00, 9.669450E-05 
1.297919E+00, 9.679408E-04 
-3.388134E+00, 4.704041E-04 
-2.507675E+00, 6.848724E-04 
1.134538E+01, 5.471789E-06 
-3.656443E+00, 7.032670E-04 
-7.295047E+00, 1.453367E-04 
4.816103E+00, 5.269581E-04 
9.231609E+00, 1.775318E-05 
7.726611E-01, 1.339876E-03 
-4.685258E+00, 6.229642E-04 
7.939942E+00, 6.559781E-05 
-1.549993E+00, 1.398377E-03 
-1.238703E+00, 1.003009E-03 
-3.226277E+00, 7.704787E-04 
-5.622887E+00, 1.060176E-04 
-2.739550E+00, 7.571127E-04 
7.863177E+00, 6.994405E-05 
5.069022E+00, 2.307556E-04 
-7.498045E+00, 7.145120E-05 
3.173710E+00, 1.400050E-03 
1.799001E+00, 8.888720E-04 
6.161189E+00, 2.752842E-04 
-8.477946E-01, 1.688999E-03 
-7.599849E+00, 4.899016E-05 
-5.195256E+00, 3.302587E-04 
1.088190E+01, 7.523925E-06 
9.741804E+00, 8.334240E-06 
-1.219162E+01, 6.325138E-06 
6.419052E+00, 1.334484E-04 
6.913523E+00, 1.675500E-04 
-6.399896E+00, 1.037659E-04 
-6.334705E+00, 1.178702E-04 
2.568090E+00, 9.128562E-04 
5.517958E+00, 1.390010E-04 
5.572961E-03, 1.682461E-03 
-2.296562E+00, 7.432559E-04 
7.576956E+00, 5.617080E-05 
6.820418E+00, 1.737826E-04 
7.517894E+00, 7.668389E-05 
-7.477736E+00, 7.874513E-05 
-9.620949E+00, 1.246039E-05 
-1.372235E+00, 1.613516E-03 
-9.655673E+00, 1.491558E-05 
5.978575E+00, 1.992252E-04 
1.808202E-01, 1.142772E-03 
-6.033330E+00, 1.187609E-04 
9.416062E+00, 1.459067E-05 
9.422192E+00, 1.153600E-05 
-1.031484E+01, 6.106926E-06 
-8.888315E+00, 1.022342E-05 
8.886092E+00, 2.613666E-05 
-2.969725E+00, 5.797137E-04 
1.592986E+00, 9.805343E-04 
9.158576E+00, 1.612196E-05 
8.051272E+00, 6.631812E-05 
-3.852476E+00, 5.092034E-04 
-7.058223E+00, 1.037659E-04 
2.115732E+00, 1.155047E-03 
6.706225E-01, 1.508058E-03 
-3.195471E+00, 6.662978E-04 
9.079643E+00, 2.924232E-05 
-8.252567E+00, 3.689371E-05 
8.794764E+00, 2.151991E-05 
-6.238889E+00, 1.059984E-04 
-1.775189E+00, 1.018541E-03 
-4.199759E+00, 3.812097E-04 
3.343917E+00, 6.000650E-04 
5.143786E+00, 3.067379E-04 
8.478169E+00, 5.517024E-05 
-6.301123E+00, 1.006324E-04 
4.134149E+00, 9.223371E-04 
6.260726E+00, 2.746900E-04 
6.582282E+00, 1.825229E-04 
-8.557083E+00, 2.615379E-05 
7.784971E+00, 7.142507E-05 
-1.002351E+01, 6.171236E-06 
4.061807E+00, 7.729208E-04 
-8.267802E+00, 3.523979E-05 
-5.645696E+00, 2.131044E-04 
-3.795068E+00, 6.364230E-04 
-4.781606E+00, 3.598529E-04 
5.503686E+00, 2.787840E-04 
-5.232017E+00, 2.699401E-04 
-8.959260E+00, 7.981085E-06 
-7.222381E+00, 5.896041E-05 
9.621073E+00, 1.328514E-05 
6.018776E+00, 1.684642E-04 
-8.047675E-01, 1.567112E-03 
4.583445E+00, 3.891017E-04 
-1.678856E+00, 1.586769E-03 
-5.929442E+00, 1.193937E-04 
-6.154825E+00, 7.741649E-05 
1.700507E+00, 8.363532E-04 
5.155934E+00, 2.605804E-04 
7.912452E+00, 3.808588E-05 
-3.274054E+00, 4.832383E-04 
-2.932349E-01, 1.329815E-03 
-6.130305E+00, 1.520615E-04 
-1.196247E+00, 9.186101E-04 
-1.738244E+00, 1.094754E-03 
-5.991456E+00, 1.059984E-04 
-3.292670E+00, 7.586398E-04 
4.736835E-01, 1.709393E-03 
-5.745638E+00, 3.109155E-04 
-4.606416E+00, 5.917804E-04 
-1.404450E+00, 1.477770E-03 
-9.876843E+00, 1.637711E-05 
-8.280348E+00, 2.609599E-05 
-6.543228E-01, 8.586071E-04 
-8.642288E+00, 2.338558E-05 
-6.819138E-01, 1.042997E-03 
-1.113457E+00, 1.159804E-03 
-5.130035E+00, 5.940939E-04 
-4.706334E+00, 5.395997E-04 
7.681164E-01, 1.228975E-03 
4.904325E+00, 5.124773E-04 
-9.396384E+00, 1.171640E-05 
3.745909E+00, 6.709978E-04 
5.090114E+00, 3.819720E-04 
-1.804169E+00, 7.154746E-04 
-1.060109E+00, 1.012715E-03 
7.151304E+00, 9.576679E-05 
9.176009E+00, 2.490915E-05 
-7.830799E+00, 6.363010E-05 
-1.377326E+00, 1.070438E-03 
3.732584E-01, 1.445351E-03 
-3.724507E+00, 8.204872E-04 
-9.912128E+00, 5.754713E-06 
9.662843E+00, 2.240890E-05 
1.617019E+00, 1.227942E-03 
7.437712E-01, 1.256088E-03 
-5.673277E+00, 3.048660E-04 
7.830510E-01, 1.307873E-03 
-1.187132E+01, 9.098968E-06 
4.280650E+00, 5.663678E-04 
-7.795794E+00, 4.840879E-05 
8.659172E+00, 2.393171E-05 
-9.223188E+00, 8.974472E-06 
-3.958114E+00, 4.390630E-04 
1.551216E+00, 1.355589E-03 
-8.361851E+00, 7.105832E-05 
5.415015E+00, 3.330743E-04 
-3.593106E+00, 8.612077E-04 
1.001633E+01, 6.508106E-06 
8.665456E+00, 2.678763E-05 
1.089923E+01, 8.205880E-06 
-6.357295E-01, 1.260301E-03 
-1.681440E-01, 1.554540E-03 
7.642721E+00, 7.658448E-05 
6.387469E+00, 1.837923E-04 
-3.422357E+00, 6.915008E-04 
-9.277529E+00, 1.846166E-05 
-5.098778E+00, 2.652727E-04 
3.430435E+00, 6.750719E-04 
-9.172880E+00, 1.301765E-05 
-9.390934E+00, 1.151366E-05 
7.437714E+00, 6.353007E-05 
-1.232405E+01, 5.849558E-06 
-5.793327E+00, 1.582306E-04 
6.206830E+00, 1.697380E-04 
-4.186529E+00, 4.262088E-04 
3.182315E+00, 7.878626E-04 
-8.541723E-01, 1.566963E-03 
-8.286741E+00, 2.989434E-05 
-8.451661E+00, 3.603280E-05 
5.321202E+00, 2.163157E-04 
-8.396183E+00, 2.410902E-05 
-4.769259E+00, 3.671738E-04 
1.064177E+01, 7.604700E-06 
-1.024264E+01, 7.209123E-06 
9.742227E+00, 1.073959E-05 
6.058627E+00, 1.805072E-04 
5.280921E+00, 2.307556E-04 
2.120458E+00, 1.136237E-03 
-1.321452E+00, 8.940611E-04 
1.551700E+00, 1.449728E-03 
2.747034E+00, 9.375189E-04 
8.138768E+00, 3.870240E-05 
-2.362903E+00, 7.660020E-04 
1.025114E+01, 6.284641E-06 
6.927700E+00, 5.517024E-05 
9.545418E-01, 1.231435E-03 
5.692298E+00, 3.244228E-04 
1.037108E+01, 8.323988E-06 
2.534928E+00, 1.330296E-03 
2.699447E+00, 1.046362E-03 
-3.011549E+00, 7.850850E-04 
-9.490319E-01, 8.660616E-04 
6.840271E+00, 1.860549E-04 
-2.198847E+00, 7.210495E-04 
-3.728841E+00, 5.843748E-04 
-8.590323E+00, 4.067454E-05 
8.016972E+00, 7.280720E-05 
8.974990E+00, 2.291439E-05 
-5.483292E+00, 1.349762E-04 
-1.493754E+00, 1.205081E-03 
3.056149E+00, 1.100449E-03 
2.232908E+00, 8.900422E-04 
2.473041E+00, 1.079111E-03 
-5.112179E+00, 2.470259E-04 
-8.963417E+00, 2.660350E-05 
-7.075015E+00, 1.190712E-04 
-8.354623E-01, 9.771717E-04 
-1.328589E+00, 1.589189E-03 
-1.473179E+00, 1.567022E-03 
5.104168E+00, 2.966622E-04 
9.367011E+00, 1.758642E-05 
6.386898E+00, 2.987267E-04 
1.242742E+00, 1.147348E-03 
-6.409514E+00, 1.259364E-04 
6.645115E+00, 1.381051E-04 
-4.671398E+00, 3.315250E-04 
8.007136E+00, 4.399601E-05 
-1.377652E+00, 1.115990E-03 
-6.177729E+00, 1.300430E-04 
9.989399E+00, 4.783368E-06 
8.428778E-01, 1.238369E-03 
7.880225E+00, 5.213209E-05 
-7.393400E+00, 7.379634E-05 
-1.041778E+01, 7.812809E-06 
-4.433862E+00, 3.476907E-04 
-2.150183E+00, 6.017092E-04 
-1.008270E+01, 6.137990E-06 
-2.057689E+00, 9.997971E-04 
-1.118861E+00, 9.707876E-04 
-1.031369E+00, 8.873421E-04 
-6.841097E+00, 8.995739E-05 
7.171253E+00, 5.130303E-05 
9.188509E-01, 1.306149E-03 
-1.129948E+00, 1.273221E-03 
4.072023E+00, 6.224637E-04 
-6.015417E+00, 2.464463E-04 
-6.844394E-01, 1.352627E-03 
4.016487E+00, 3.588286E-04 
7.097252E+00, 7.387082E-05 
-1.297165E+00, 9.707876E-04 
5.715458E+00, 3.000325E-04 
7.863488E+00, 3.906898E-05 
-7.550718E+00, 6.575199E-05 
-2.013717E-01, 9.378326E-04 
-8.747261E+00, 2.345154E-05 
7.216915E+00, 8.615213E-05 
2.735581E+00, 1.329373E-03 
-9.543130E+00, 1.307412E-05 
8.681349E+00, 1.364516E-05 
4.363862E+00, 4.101970E-04 
1.077724E+01, 5.514903E-06 
6.929819E+00, 8.251579E-05 
3.680938E+00, 5.305109E-04 
5.730578E+00, 3.397093E-04 
-3.951115E+00, 8.599649E-04 
-3.392455E+00, 5.047151E-04 
2.647494E+00, 1.373190E-03 
-1.142868E+01, 9.232233E-06 
3.552631E+00, 8.479706E-04 
5.364577E-01, 1.256627E-03 
9.051918E+00, 1.609023E-05 
-3.832732E-01, 1.533884E-03 
3.484109E+00, 5.676479E-04 
1.028682E+01, 4.944683E-06 
-1.000413E+01, 9.901035E-06 
-4.409690E+00, 3.659671E-04 
-4.488438E+00, 5.489006E-04 
7.419534E+00, 7.506321E-05 
-7.226646E+00, 1.427370E-04 
2.761995E+00, 1.298335E-03 
-1.859907E+00, 9.570922E-04 
-7.894946E-01, 1.029149E-03 
9.449323E+00, 1.392250E-05 
2.101020E+00, 8.489385E-04 
3.777917E+00, 8.290759E-04 
1.174656E+00, 1.158424E-03 
-1.046549E+01, 8.974472E-06 
-8.687377E+00, 2.773743E-05 
-5.951598E+00, 1.901980E-04 
7.752583E-02, 9.487529E-04 
8.675908E+00, 2.230878E-05 
3.406319E+00, 5.894762E-04 
-4.871123E+00, 1.958881E-04 
8.508106E+00, 3.306914E-05 
-9.670302E+00, 1.045144E-05 
4.807096E+00, 3.334618E-04 
-5.842358E+00, 1.345373E-04 
-1.314684E+00, 1.405224E-03 
-4.512737E+00, 5.474198E-04 
-2.963643E+00, 8.202811E-04 
7.577373E+00, 6.861817E-05 
3.149818E+00, 1.309649E-03 
2.775927E+00, 1.076862E-03 
9.396801E+00, 1.930834E-05 
-5.649882E+00, 3.389693E-04 
1.859410E-01, 1.144304E-03 
-4.030744E+00, 8.757651E-04 
-4.663434E+00, 4.794175E-04 
7.413616E-01, 1.209111E-03 
-6.399336E+00, 7.661438E-05 
4.086702E+00, 6.349413E-04 
-8.231637E+00, 4.052220E-05 
-3.756945E+00, 7.937215E-04 
-2.946505E+00, 8.202811E-04 
-2.097937E+00, 1.138983E-03 
-1.234601E+00, 8.981837E-04 
-5.493821E+00, 2.172795E-04 
8.338737E+00, 3.520570E-05 
-3.756489E+00, 5.785158E-04 
1.705360E+00, 9.369614E-04 
7.512873E+00, 6.250211E-05 
-8.498400E+00, 4.877027E-05 
7.794984E+00, 5.270209E-05 
-3.558870E+00, 4.998811E-04 
-1.798030E+00, 1.398552E-03 
-9.196002E+00, 1.169035E-05 
-5.885393E+00, 2.722245E-04 
-2.322288E+00, 7.937312E-04 
-2.625434E+00, 6.115518E-04 
-7.865375E+00, 2.769280E-05 
-9.909750E+00, 1.014991E-05 
-3.683620E+00, 6.522551E-04 
-3.679608E+00, 4.998811E-04 
-9.937906E+00, 8.357319E-06 
3.492744E+00, 7.403732E-04 
1.026732E+01, 5.684380E-06 
1.762576E-01, 1.870893E-03 
-7.460725E+00, 6.518370E-05 
4.169327E+00, 4.837841E-04 
2.189319E+00, 1.393574E-03 
-1.092919E+01, 7.505221E-06 
-8.088123E+00, 3.192631E-05 
1.010897E+01, 5.233304E-06 
8.767856E+00, 4.502047E-05 
-5.393412E+00, 2.259154E-04 
-7.765992E+00, 8.258572E-05 
5.463257E+00, 2.084432E-04 
-6.683981E+00, 1.042872E-04 
-9.307163E+00, 1.345893E-05 
4.129628E+00, 5.347149E-04 
8.671885E+00, 3.492253E-05 
-3.106318E+00, 5.920930E-04 
-3.308220E+00, 6.155465E-04 
5.374010E+00, 3.803614E-04 
9.106785E+00, 2.275937E-05 
1.011142E+01, 6.963578E-06 
-5.570052E+00, 1.490753E-04 
3.794493E+00, 6.568202E-04 
9.662687E+00, 2.071393E-05 
1.779743E+00, 8.117180E-04 
-5.950600E+00, 3.327818E-04 
3.016292E+00, 1.212574E-03 
6.741124E+00, 1.983424E-04 
-1.043944E+01, 8.545554E-06 
5.695158E+00, 1.390010E-04 
-1.012280E+01, 8.803797E-06 
-1.938805E+00, 9.375374E-04 
2.751491E-01, 1.597492E-03 
-8.805331E+00, 2.128986E-05 
3.190130E+00, 8.238373E-04 
-7.841672E+00, 5.555651E-05 
8.166130E+00, 5.692265E-05 
6.974461E+00, 6.398723E-05 
-8.250051E+00, 2.736395E-05 
-1.746296E+00, 1.003391E-03 
4.542536E+00, 3.471281E-04 
-4.957995E+00, 5.764636E-04 
2.476163E+00, 1.312177E-03 
9.781931E+00, 1.805718E-05 
2.270901E+00, 9.787391E-04 
4.608628E+00, 6.094884E-04 
-3.874435E+00, 5.428089E-04 
2.997192E+00, 1.244142E-03 
1.255068E-01, 1.686618E-03 
7.533893E+00, 6.559781E-05 
-4.911444E+00, 3.638029E-04 
-2.158363E-01, 1.001782E-03 
-5.966544E+00, 3.237884E-04 
8.792975E+00, 6.701941E-05 
-7.454901E-01, 1.407343E-03 
-1.097685E-01, 1.193171E-03 
-2.129719E-01, 9.097821E-04 
1.948142E+00, 1.074430E-03 
-6.548213E+00, 1.575928E-04 
2.433230E+00, 1.119223E-03 
-8.760413E+00, 3.911135E-05 
1.210492E+01, 5.890452E-06 
2.691312E+00, 1.022146E-03 
-9.766855E+00, 1.382766E-05 
-9.646501E-01, 1.033019E-03 
-5.846294E+00, 2.219831E-04 
4.486089E+00, 4.205178E-04 
1.067963E+01, 7.661754E-06 
-8.493009E+00, 2.696585E-05 
-8.721867E+00, 2.487012E-05 
2.374133E+00, 9.998302E-04 
-6.692664E+00, 1.139217E-04 
8.731709E+00, 2.743439E-05 
8.837345E+00, 1.586919E-05 
5.569482E+00, 2.220926E-04 
-5.758615E+00, 2.389647E-04 
6.601120E+00, 1.787339E-04 
4.822703E+00, 3.847710E-04 
6.010472E+00, 1.854872E-04 
9.935989E+00, 7.655575E-06 
-9.884132E+00, 8.609745E-06 
-1.173888E+01, 9.729854E-06 
9.138254E+00, 1.256928E-05 
4.159474E+00, 5.893583E-04 
-6.739409E+00, 1.187609E-04 
-6.575955E+00, 1.634111E-04 
-9.615726E+00, 1.329012E-05 
-7.709524E+00, 8.504748E-05 
-8.162162E+00, 2.935319E-05 
7.832846E+00, 7.508151E-05 
-4.932384E+00, 2.724537E-04 
6.466000E+00, 1.425813E-04 
-3.713538E+00, 5.541889E-04 
-7.416506E+00, 7.162468E-05 
8.593137E+00, 1.216504E-05 
8.472810E+00, 5.723109E-05 
-3.794577E+00, 4.578219E-04 
6.527270E+00, 1.855815E-04 
-6.598683E+00, 1.083909E-04 
-5.198143E-02, 1.093417E-03 
-6.165222E+00, 1.342946E-04 
-1.014755E+01, 6.522125E-06 
2.412109E+00, 1.077165E-03 
-2.314164E+00, 7.346824E-04 
2.898224E+00, 1.217800E-03 
-1.551847E+00, 1.528542E-03 
5.965467E+00, 1.593072E-04 
-7.905342E+00, 4.759315E-05 
6.224810E+00, 1.715397E-04 
-7.320087E+00, 5.753708E-05 
6.872896E+00, 1.348718E-04 
-6.735564E+00, 1.445668E-04 
-5.036849E+00, 2.291501E-04 
-1.563438E+00, 1.463988E-03 
-3.872821E-01, 1.184859E-03 
6.658840E+00, 1.444916E-04 
7.394377E+00, 6.250211E-05 
9.392745E+00, 1.179704E-05 
-9.252601E+00, 1.299438E-05 
6.223538E+00, 1.383181E-04 
4.790194E+00, 4.887956E-04 
-8.215885E+00, 2.691069E-05 
5.966726E+00, 2.358653E-04 
-4.995680E-01, 1.063062E-03 
-4.534267E+00, 2.962024E-04 
1.285858E+00, 1.038682E-03 
3.063641E-01, 1.353015E-03 
7.347045E+00, 7.371724E-05 
-4.745484E+00, 3.437736E-04 
-4.673792E+00, 4.431193E-04 
-1.178865E+00, 8.581226E-04 
-5.871937E+00, 2.375219E-04 
3.986690E+00, 5.884283E-04 
-3.037465E+00, 4.723512E-04 
-1.025866E+01, 7.453073E-06 
6.049622E+00, 3.958680E-04 
2.858705E+00, 1.302808E-03 
1.055574E+01, 6.431220E-06 
5.471540E+00, 2.216272E-04 
-9.550001E+00, 1.005007E-05 
-6.154156E+00, 2.032580E-04 
-5.611812E-01, 1.002239E-03 
4.399000E+00, 3.402661E-04 
-8.772720E+00, 2.639967E-05 
-5.630590E+00, 1.853543E-04 
-8.448441E+00, 4.404579E-05 
8.839046E+00, 4.037692E-05 
-7.013110E+00, 7.781822E-05 
1.857588E+00, 1.501704E-03 
4.447303E+00, 5.026016E-04 
-1.705900E+00, 1.317766E-03 
-4.170481E+00, 6.113526E-04 
6.848628E+00, 8.690733E-05 
-1.986133E+00, 1.429857E-03 
9.323050E+00, 1.805718E-05 
-1.120883E+00, 1.286084E-03 
-4.371771E+00, 3.479526E-04 
-6.302053E+00, 1.090780E-04 
-1.855356E+00, 1.241530E-03 
-6.086339E+00, 1.060176E-04 
-4.185250E+00, 3.594964E-04 
8.928870E+00, 2.135164E-05 
-7.615562E+00, 5.344877E-05 
-9.795283E-03, 1.352670E-03 
3.987056E+00, 6.007378E-04 
-6.093320E+00, 1.378090E-04 
-8.546825E+00, 4.009850E-05 
1.044799E+01, 5.804035E-06 
3.273419E+00, 9.008894E-04 
-3.136121E+00, 6.522551E-04 
8.346746E+00, 4.061416E-05 
-7.100042E+00, 8.721557E-05 
1.051949E+01, 4.408749E-06 
-1.136723E+01, 8.545554E-06 
-1.118149E+01, 8.882411E-06 
-3.575593E+00, 7.069572E-04 
-7.431734E+00, 6.031758E-05 
9.449026E+00, 1.306175E-05 
8.084049E+00, 2.336615E-05 
1.411997E+00, 1.346328E-03 
9.792945E+00, 1.693119E-05 
-8.230630E+00, 5.018746E-05 
1.182411E+00, 9.158571E-04 
-3.173081E+00, 7.689974E-04 
5.845654E+00, 1.232720E-04 
1.870655E+00, 1.173291E-03 
-6.160717E-01, 1.113150E-03 
2.068649E+00, 1.491722E-03 
-3.678822E+00, 7.860762E-04 
-2.976877E+00, 4.982727E-04 
1.685461E+00, 9.197177E-04 
1.177734E+00, 8.907771E-04 
-1.032236E+01, 9.112781E-06 
9.841934E+00, 8.443233E-06 
-1.820614E+00, 9.771717E-04 
-1.116622E+01, 8.068041E-06 
5.712786E-01, 1.322336E-03 
-1.131222E+01, 8.312958E-06 
6.047577E+00, 1.519621E-04 
-4.140516E+00, 3.383070E-04 
1.003650E+01, 7.867622E-06 
-3.219712E+00, 8.536381E-04 
-1.418345E-01, 1.163512E-03 
1.423203E+00, 1.233890E-03 
-8.300025E+00, 7.014362E-05 
-2.958058E+00, 5.879993E-04 
5.597695E+00, 1.647353E-04 
6.367576E+00, 2.429860E-04 
-1.049752E+01, 6.082245E-06 
-5.151589E+00, 1.827225E-04 
-5.687920E+00, 2.265966E-04 
6.271810E+00, 1.311695E-04 
8.128093E+00, 6.171731E-05 
-6.419790E+00, 1.455791E-04 
8.567415E+00, 3.677309E-05 
-4.743237E+00, 2.160102E-04 
-3.702679E+00, 4.912185E-04 
-8.110905E+00, 5.675881E-05 
-9.534794E+00, 1.195453E-05 
6.061868E+00, 3.281517E-04 
4.732876E+00, 4.412051E-04 
8.288766E+00, 2.665156E-05 
9.310407E+00, 1.847381E-05 
2.654097E+00, 1.306226E-03 
-7.276858E+00, 1.129183E-04 
-3.445109E+00, 8.363681E-04 
-8.322330E+00, 7.362024E-05 
8.085910E+00, 7.158578E-05 
3.378512E+00, 7.464014E-04 
-2.035746E+00, 1.125656E-03 
4.904818E+00, 5.825439E-04 
2.417017E+00, 1.058214E-03 
-1.005911E+01, 1.411407E-05 
7.699835E+00, 5.655535E-05 
4.263509E+00, 7.877327E-04 
-9.932099E-01, 8.880012E-04 
5.890214E+00, 3.031794E-04 
-2.989562E+00, 5.835026E-04 
9.428633E+00, 1.351551E-05 
-1.825025E+00, 1.302333E-03 
-6.259001E+00, 1.137171E-04 
5.098065E+00, 2.562466E-04 
9.205783E+00, 2.267458E-05 
-2.572230E+00, 8.929367E-04 
7.752403E+00, 6.175102E-05 
-3.715173E+00, 5.550239E-04 
5.547813E+00, 1.805072E-04 
-1.014918E+01, 7.291081E-06 
-5.183224E+00, 3.817697E-04 
-7.256507E-01, 1.025032E-03 
8.288662E-01, 1.181383E-03 
-8.488625E+00, 2.260814E-05 
3.493682E+00, 5.173441E-04 
-1.094173E+00, 1.277710E-03 
-2.606340E+00, 6.489853E-04 
-7.009256E+00, 8.303902E-05 
-9.282497E+00, 1.443552E-05 
1.318814E+00, 1.395046E-03 
2.537576E+00, 8.499147E-04 
5.501035E+00, 3.495422E-04 
8.330844E+00, 3.780738E-05 
-7.203875E+00, 7.741649E-05 
-4.463664E+00, 3.621831E-04 
5.519519E-01, 1.103938E-03 
8.986082E-01, 9.686029E-04 
-1.292218E+01, 1.073551E-05 
1.120111E+01, 7.165230E-06 
8.469028E+00, 3.135117E-05 
1.160173E+01, 5.684380E-06 
-8.869587E+00, 2.378752E-05 
-5.140223E+00, 2.464463E-04 
-9.472339E+00, 7.812809E-06 
2.496595E+00, 1.081014E-03 
-1.821108E+00, 1.322650E-03 
-4.562681E+00, 6.519217E-04 
8.229658E+00, 4.080629E-05 
-9.431342E-01, 1.070122E-03 
2.533259E+00, 7.529890E-04 
7.472048E+00, 6.908711E-05 
-1.413333E+00, 1.324808E-03 
8.912291E-01, 1.215370E-03 
6.018797E+00, 1.647353E-04 
2.081193E+00, 1.023818E-03 
-3.933393E+00, 6.425596E-04 
-9.571268E+00, 1.323744E-05 
6.135062E+00, 1.324451E-04 
6.011942E-01, 1.301366E-03 
8.318593E+00, 4.030867E-05 
1.218791E+00, 9.627390E-04 
-1.030011E+00, 1.287659E-03 
5.485466E+00, 3.609266E-04 
1.000743E+01, 5.100786E-06 
7.937639E+00, 4.198660E-05 
-7.867310E+00, 6.438552E-05 
-1.712820E+00, 1.101517E-03 
-4.374117E+00, 3.337473E-04 
-1.139519E+01, 6.087432E-06 
1.217507E+01, 7.163276E-06 
4.895543E+00, 3.467772E-04 
-6.422202E+00, 9.018216E-05 
-6.395034E+00, 1.490753E-04 
4.323651E+00, 4.976459E-04 
9.591732E+00, 1.142891E-05 
-8.167855E+00, 2.929720E-05 
8.255279E+00, 2.300904E-05 
-8.995613E+00, 1.398843E-05 
-3.019981E+00, 6.110206E-04 
7.943184E+00, 4.349063E-05 
9.136484E+00, 2.907933E-05 
-6.297552E+00, 1.258662E-04 
-5.487278E-01, 9.746473E-04 
-9.619259E+00, 7.217762E-06 
3.257547E+00, 8.430800E-04 
6.366910E+00, 9.289513E-05 
1.086567E+01, 5.990848E-06 
-5.170118E+00, 2.845944E-04 
3.389818E+00, 9.849279E-04 
-5.055449E+00, 4.213109E-04 
1.020595E+01, 5.100786E-06 
1.008299E+01, 4.783368E-06 
1.851246E+00, 8.676366E-04 
-2.342228E+00, 6.496806E-04 
-1.850583E+00, 9.186101E-04 
-2.175016E+00, 8.338397E-04 
-8.264567E+00, 2.759454E-05 
5.519649E+00, 1.293107E-04 
-1.041881E+01, 9.901035E-06 
6.765135E+00, 1.498789E-04 
-6.869918E-01, 1.252313E-03 
3.948660E+00, 7.071718E-04 
-4.627665E+00, 3.910760E-04 
8.045149E+00, 7.144111E-05 
1.317821E+01, 7.154094E-06 
2.216394E+00, 1.299666E-03 
-1.037554E+01, 8.903621E-06 
9.681725E-01, 1.545972E-03 
7.744229E+00, 4.476578E-05 
6.013038E+00, 1.791152E-04 
2.261326E+00, 8.396881E-04 
-3.496257E+00, 5.953487E-04 
9.687715E+00, 1.248384E-05 
7.527565E+00, 5.223828E-05 
-1.453464E+00, 8.660616E-04 
7.439497E+00, 8.668843E-05 
8.599995E-02, 1.320533E-03 
-7.586020E+00, 7.874513E-05 
-3.344357E+00, 4.448552E-04 
-1.101212E+01, 1.037069E-05 
-4.443080E+00, 5.708344E-04 
1.019218E+01, 6.508106E-06 
9.717522E+00, 1.257970E-05 
2.087186E+00, 8.396881E-04 
5.614166E+00, 2.590481E-04 
-1.092018E+01, 5.664289E-06 
1.052816E+01, 5.897279E-06 
9.452433E+00, 1.490252E-05 
-6.902409E+00, 1.093776E-04 
-3.627878E+00, 5.084067E-04 
5.187518E+00, 3.000302E-04 
4.651531E+00, 6.249633E-04 
1.065278E+01, 8.207822E-06 
2.580416E+00, 1.266583E-03 
-1.000311E+01, 1.077050E-05 
-1.135116E+01, 1.063406E-05 
8.158723E+00, 2.624074E-05 
-7.997500E-01, 1.501850E-03 
-2.307573E+00, 7.270330E-04 
-5.151547E+00, 2.122087E-04 
3.263780E+00, 1.077165E-03 
-6.981983E+00, 1.012181E-04 
-4.090779E-01, 1.160576E-03 
-9.439249E+00, 1.460111E-05 
4.956078E+00, 4.874010E-04 
6.799442E+00, 1.990047E-04 
5.600965E-01, 1.582056E-03 
5.858972E+00, 1.795586E-04 
5.712334E+00, 2.526843E-04 
-8.865402E+00, 1.044710E-05 
8.531458E+00, 5.951342E-05 
8.702149E-01, 1.688255E-03 
9.300396E+00, 1.433722E-05 
-3.864791E+00, 4.874953E-04 
-7.049745E+00, 1.127542E-04 
7.312230E+00, 6.509699E-05 
-7.115909E-01, 9.906041E-04 
4.097294E+00, 4.237219E-04 
9.505440E+00, 9.310053E-06 
1.334759E+00, 1.612676E-03 
-9.322406E+00, 9.613085E-06 
-9.542788E+00, 9.397718E-06 
-8.561627E+00, 1.845833E-05 
-9.503078E+00, 9.212061E-06 
-9.806405E+00, 9.112781E-06 
-9.063247E+00, 1.931572E-05 
-1.877476E+00, 6.496806E-04 
-9.894956E+00, 8.903621E-06 
-7.124109E+00, 7.379634E-05 
-7.137496E+00, 5.404817E-05 
-6.862092E+00, 1.088833E-04 
-5.472177E+00, 2.603316E-04 
-1.020550E+01, 6.537062E-06 
-1.005767E+01, 6.262359E-06 
-1.011039E+01, 6.137990E-06 
-9.972895E+00, 6.136811E-06 
-1.047687E+01, 5.838281E-06 
-1.023754E+01, 5.774485E-06 
-1.004593E+01, 7.217762E-06 
-1.169103E+01, 5.646669E-06 
-1.131141E+01, 5.507314E-06 
-1.129914E+01, 5.439242E-06 
-1.076310E+01, 5.410574E-06 
-8.493749E+00, 4.009850E-05 
-8.604494E+00, 3.689371E-05 
6.482965E+00, 4.644756E-05 
6.532125E+00, 4.644756E-05 
-5.047537E+00, 2.813411E-04 
-5.069412E+00, 2.306720E-04 
-4.937744E+00, 2.261990E-04 
-5.018348E+00, 2.231382E-04 
-3.751597E+00, 4.115763E-04 
-3.976040E+00, 3.594964E-04 
-4.352636E+00, 3.337473E-04 
-1.764178E+00, 8.821265E-04 
-1.959113E+00, 8.701398E-04 
-1.107555E+00, 8.581226E-04 
-1.035552E+00, 8.394608E-04 
1.825495E+00, 8.363532E-04 
1.631257E+00, 8.171426E-04 
1.674974E+00, 8.117180E-04 
8.119755E-01, 8.066033E-04 
1.039016E+00, 9.158571E-04 
1.010164E+00, 7.912687E-04 
1.406755E+00, 7.836974E-04 
5.216130E+00, 2.163157E-04 
5.303664E+00, 2.084432E-04 
5.140397E+00, 2.065636E-04 
5.651907E+00, 2.023154E-04 
5.427500E+00, 1.996278E-04 
8.364729E+00, 4.786298E-05 
7.948548E+00, 4.574880E-05 
8.426428E+00, 4.061416E-05 
8.055736E+00, 4.030867E-05 
1.013473E+01, 5.233304E-06 
