-9.191993E+00, 1.306019E-05 
-8.058887E+00, 3.925006E-05 
-5.229452E+00, 2.130373E-04 
-7.876368E+00, 6.600615E-05 
4.957280E+00, 1.893148E-04 
1.109070E+01, 5.009373E-06 
2.481951E+00, 6.508040E-04 
-2.474926E+00, 1.235509E-03 
5.534950E+00, 3.263124E-04 
-7.173672E+00, 4.047965E-05 
6.942188E+00, 1.222805E-04 
2.870970E+00, 1.027208E-03 
-2.188153E+00, 1.088699E-03 
2.811854E+00, 6.723688E-04 
-9.206214E-01, 1.625456E-03 
-9.516531E+00, 1.373709E-05 
-8.685778E+00, 2.141730E-05 
-8.986003E+00, 3.178706E-05 
5.675794E+00, 2.034070E-04 
2.359297E+00, 7.630624E-04 
3.078657E+00, 5.839029E-04 
8.182813E+00, 4.166698E-05 
-4.402220E+00, 3.910617E-04 
-8.984805E+00, 1.489824E-05 
-5.379191E+00, 4.029187E-04 
-5.070594E+00, 3.005076E-04 
-7.259419E+00, 5.065384E-05 
-1.014754E+00, 1.420644E-03 
1.399033E+00, 8.564804E-04 
1.647002E+00, 7.340520E-04 
6.334642E+00, 1.124478E-04 
5.921691E+00, 1.849086E-04 
-6.691132E+00, 1.178791E-04 
-8.764407E+00, 1.994362E-05 
-7.532261E+00, 3.925006E-05 
-6.219821E+00, 3.025438E-04 
5.157593E+00, 3.296619E-04 
-5.994494E+00, 2.259128E-04 
1.233493E+00, 7.499800E-04 
-4.187551E+00, 3.563504E-04 
3.848987E+00, 5.616516E-04 
2.003636E+00, 1.035941E-03 
-6.571370E+00, 1.193322E-04 
9.881370E+00, 6.380631E-06 
7.020032E+00, 6.854285E-05 
7.097992E+00, 7.795850E-05 
5.988992E+00, 9.538739E-05 
2.794564E+00, 7.110014E-04 
-1.099358E+01, 4.518788E-06 
-2.526742E+00, 1.291599E-03 
-1.072640E+01, 6.496932E-06 
-4.151694E+00, 7.924380E-04 
8.054325E-01, 1.488216E-03 
-8.933169E+00, 2.020760E-05 
-2.603923E+00, 8.850933E-04 
-1.040702E+01, 6.659309E-06 
6.126918E+00, 2.825021E-04 
-4.162298E+00, 4.896234E-04 
3.153956E+00, 5.077999E-04 
-1.019350E+01, 5.273016E-06 
-6.950970E+00, 1.297733E-04 
-1.016665E+01, 5.458609E-06 
-7.401271E-01, 1.556476E-03 
-3.970782E+00, 8.972835E-04 
2.791591E+00, 5.850629E-04 
-6.425154E+00, 1.116523E-04 
-6.346573E+00, 7.169946E-05 
-2.801624E+00, 1.460366E-03 
-2.568660E+00, 8.517232E-04 
1.043616E+01, 5.313649E-06 
-1.359173E+00, 8.615113E-04 
8.435540E+00, 4.251399E-05 
9.370214E+00, 1.080640E-05 
4.752405E+00, 4.905140E-04 
2.862863E+00, 1.064760E-03 
5.498628E+00, 2.221809E-04 
-9.465948E+00, 1.259657E-05 
-9.179571E+00, 1.910028E-05 
-8.556243E+00, 1.936928E-05 
4.839044E+00, 2.876014E-04 
-1.903278E+00, 1.367810E-03 
1.003768E+01, 7.445239E-06 
9.673757E-01, 8.811331E-04 
-7.790476E-01, 1.715753E-03 
2.092471E+00, 8.401192E-04 
9.131247E+00, 1.137137E-05 
-4.410044E+00, 3.106756E-04 
-4.030786E+00, 4.728152E-04 
-6.397105E+00, 9.136363E-05 
-6.638304E-01, 1.075842E-03 
1.043590E+01, 4.984144E-06 
5.081749E+00, 2.250229E-04 
7.098776E+00, 6.288255E-05 
-1.006868E+00, 1.523966E-03 
2.949473E+00, 6.933768E-04 
-2.367725E+00, 1.039092E-03 
7.011961E+00, 8.716212E-05 
-2.855313E+00, 1.225041E-03 
-3.502268E-01, 1.282845E-03 
-9.869553E+00, 9.479202E-06 
8.546738E+00, 4.444229E-05 
3.109585E+00, 9.188913E-04 
5.220627E+00, 2.571227E-04 
-1.360616E+00, 1.679018E-03 
1.189349E+00, 8.319407E-04 
-9.377963E+00, 1.427358E-05 
8.266931E+00, 3.290609E-05 
-6.502408E+00, 1.135974E-04 
4.604696E+00, 5.248083E-04 
-1.514573E+00, 1.086114E-03 
-2.089346E+00, 1.234625E-03 
2.185535E+00, 7.615924E-04 
7.570529E+00, 7.341068E-05 
-3.558590E+00, 7.035982E-04 
-9.955328E+00, 5.960489E-06 
-7.788902E+00, 6.524284E-05 
-7.560742E+00, 6.557805E-05 
-3.813484E+00, 9.614423E-04 
2.831896E+00, 9.594778E-04 
1.538654E+00, 1.451890E-03 
4.157508E+00, 3.824464E-04 
-8.949987E-01, 1.745519E-03 
7.318545E+00, 7.996902E-05 
3.127642E+00, 8.472032E-04 
-8.014006E+00, 5.525383E-05 
3.247756E+00, 5.970898E-04 
7.744864E+00, 7.802400E-05 
4.450269E+00, 4.139287E-04 
1.251848E+00, 7.549421E-04 
4.370893E+00, 3.812797E-04 
6.436597E+00, 1.440464E-04 
4.875396E+00, 2.742231E-04 
-2.806335E+00, 1.466944E-03 
-4.846961E+00, 4.870295E-04 
-8.966627E+00, 1.509996E-05 
1.169633E+01, 4.802971E-06 
-9.645209E+00, 9.382733E-06 
-7.948076E+00, 3.542348E-05 
3.882228E+00, 4.965141E-04 
4.852294E+00, 2.222604E-04 
3.750048E+00, 6.428390E-04 
-3.604978E+00, 7.367994E-04 
-5.565049E+00, 2.268107E-04 
-9.032955E+00, 1.592810E-05 
-7.479040E+00, 3.178706E-05 
6.075267E+00, 2.379369E-04 
4.174697E+00, 9.425757E-04 
9.438832E+00, 6.720881E-06 
9.454062E+00, 7.891855E-06 
-1.720809E+00, 8.738703E-04 
-6.688035E+00, 8.668513E-05 
-6.090859E+00, 1.304710E-04 
-3.268454E+00, 9.393422E-04 
4.450183E-01, 9.035395E-04 
8.382556E+00, 3.788179E-05 
9.407924E+00, 1.206845E-05 
-5.875645E+00, 3.150704E-04 
8.128528E+00, 2.434197E-05 
-7.806062E+00, 6.611035E-05 
-4.856622E+00, 4.816161E-04 
7.091384E-01, 1.087194E-03 
9.433179E-01, 1.113847E-03 
9.843548E-01, 7.824829E-04 
-3.927536E+00, 4.224707E-04 
-4.642097E+00, 4.580745E-04 
7.172983E+00, 8.585678E-05 
8.515773E+00, 1.916454E-05 
3.124811E+00, 5.337928E-04 
3.920161E+00, 3.183361E-04 
-3.236263E+00, 6.573835E-04 
4.498833E+00, 4.094438E-04 
-3.838937E+00, 6.228225E-04 
-2.774723E+00, 7.721381E-04 
-2.388057E+00, 9.007239E-04 
1.003441E+01, 6.718917E-06 
3.129715E+00, 4.948201E-04 
-3.080050E+00, 6.761120E-04 
1.429101E+00, 1.062827E-03 
8.288208E+00, 2.562753E-05 
9.947693E+00, 1.308787E-05 
-1.085425E+01, 4.578931E-06 
1.205510E-01, 7.827809E-04 
-7.673132E+00, 2.916020E-05 
4.404913E+00, 3.486034E-04 
9.939339E+00, 5.550521E-06 
-9.563405E+00, 9.387479E-06 
3.519927E+00, 5.120527E-04 
-6.703897E+00, 1.120241E-04 
1.585184E+00, 1.230822E-03 
5.075500E+00, 2.976668E-04 
9.933164E+00, 9.401606E-06 
-1.947909E+00, 1.292619E-03 
-3.962230E-01, 1.527360E-03 
-5.284785E+00, 3.215765E-04 
2.488135E+00, 9.054662E-04 
-1.410856E+00, 1.296845E-03 
-4.032222E+00, 6.612974E-04 
7.776613E+00, 4.584490E-05 
3.956494E+00, 8.058080E-04 
-9.120634E+00, 1.146191E-05 
-7.758762E+00, 2.063710E-05 
-8.033606E+00, 3.518905E-05 
-5.241569E+00, 3.795789E-04 
-2.140023E+00, 8.580090E-04 
8.009818E+00, 2.978144E-05 
4.551567E+00, 3.284009E-04 
-5.128745E-01, 1.173031E-03 
6.717680E+00, 1.548243E-04 
3.350688E+00, 8.106851E-04 
-9.729397E-01, 1.248106E-03 
-6.912215E+00, 1.190316E-04 
6.797239E+00, 1.119069E-04 
2.902211E+00, 6.172452E-04 
6.791195E+00, 1.704277E-04 
2.122299E+00, 6.313639E-04 
2.769834E+00, 5.822151E-04 
8.779449E+00, 2.432858E-05 
5.595127E+00, 1.416796E-04 
-1.050630E+01, 1.442406E-05 
3.278073E+00, 6.737012E-04 
-7.611668E+00, 7.238679E-05 
-2.604565E+00, 1.282407E-03 
2.405264E+00, 5.928415E-04 
-7.090206E+00, 5.373249E-05 
1.068522E+01, 7.267973E-06 
3.216158E+00, 6.789756E-04 
-6.981138E-01, 1.245935E-03 
-5.846383E+00, 2.596783E-04 
-5.784627E+00, 1.350905E-04 
5.430754E+00, 2.915131E-04 
-6.956283E+00, 6.145505E-05 
-4.075477E+00, 3.227216E-04 
5.724165E+00, 1.028735E-04 
-8.112210E+00, 2.970579E-05 
6.244833E+00, 2.645087E-04 
3.872969E+00, 7.142825E-04 
-9.683993E+00, 9.746212E-06 
5.586353E+00, 1.849086E-04 
7.560537E+00, 6.135913E-05 
2.447857E+00, 1.149120E-03 
-6.741786E+00, 8.851372E-05 
-1.652905E+00, 1.677662E-03 
-3.942185E+00, 5.984148E-04 
-8.745415E-02, 1.477000E-03 
4.184702E+00, 5.494687E-04 
-2.884100E+00, 9.792468E-04 
8.455705E+00, 3.480528E-05 
-4.410949E+00, 4.371517E-04 
-9.180158E+00, 1.537095E-05 
-5.208077E+00, 2.939406E-04 
8.552165E+00, 2.243037E-05 
-5.003226E-01, 1.528544E-03 
1.084669E+01, 5.988359E-06 
9.366118E+00, 5.988359E-06 
5.862187E+00, 1.351417E-04 
-5.225075E+00, 2.835537E-04 
8.116618E+00, 2.611950E-05 
-9.928414E+00, 1.215092E-05 
-1.639922E+00, 1.280457E-03 
8.425716E+00, 2.508075E-05 
-6.243022E+00, 1.659058E-04 
3.399451E+00, 7.343793E-04 
4.502546E+00, 5.644800E-04 
6.243321E-01, 1.050652E-03 
8.260051E+00, 3.984744E-05 
-1.009308E+01, 1.290788E-05 
7.416622E+00, 9.159878E-05 
1.136341E+01, 5.672940E-06 
-9.376780E-01, 1.048801E-03 
2.438621E+00, 8.201812E-04 
-9.301143E+00, 1.910028E-05 
9.366601E+00, 1.072215E-05 
4.054761E+00, 3.605297E-04 
5.474476E+00, 1.951433E-04 
1.156242E+01, 7.541039E-06 
-8.672387E+00, 3.678581E-05 
-6.793684E+00, 8.361778E-05 
1.909756E+00, 9.146477E-04 
1.208159E+00, 7.549421E-04 
3.585759E+00, 7.503965E-04 
2.262464E-01, 1.066416E-03 
-1.130516E+00, 8.644150E-04 
-3.761264E-01, 1.443663E-03 
-4.011778E+00, 3.463255E-04 
2.445651E+00, 9.826455E-04 
7.616726E-01, 1.245434E-03 
5.985320E+00, 1.124478E-04 
8.800458E+00, 1.607186E-05 
-6.533876E+00, 1.246849E-04 
-5.253215E+00, 2.835537E-04 
-6.603350E+00, 7.430011E-05 
9.066067E+00, 1.574623E-05 
-1.023083E+01, 6.436020E-06 
-7.175574E+00, 7.948911E-05 
6.495646E+00, 1.312393E-04 
1.008035E+01, 4.756837E-06 
1.117228E+01, 4.046200E-06 
6.458417E+00, 1.086200E-04 
9.315691E-01, 7.856347E-04 
-2.492055E+00, 9.528462E-04 
-9.358931E+00, 1.072360E-05 
-9.920562E+00, 1.325677E-05 
7.515947E-01, 1.302034E-03 
3.633790E+00, 5.229187E-04 
-4.991536E+00, 2.236305E-04 
-3.275286E+00, 1.344151E-03 
4.526472E+00, 7.714032E-04 
-8.908622E+00, 2.306679E-05 
7.846871E+00, 8.257609E-05 
5.804277E+00, 2.157652E-04 
5.020821E+00, 2.742231E-04 
4.379807E+00, 5.391984E-04 
7.110777E+00, 9.884562E-05 
9.019887E+00, 1.609464E-05 
-9.228828E-01, 1.662293E-03 
4.870039E+00, 2.617288E-04 
-6.070540E-01, 1.315524E-03 
2.376194E+00, 1.430213E-03 
-1.020056E+00, 1.306585E-03 
-1.715527E+00, 9.401850E-04 
4.683344E+00, 4.932696E-04 
-7.826738E+00, 2.141730E-05 
-1.039667E+01, 1.180991E-05 
-3.551551E+00, 9.322901E-04 
9.619358E+00, 1.206845E-05 
-6.392223E+00, 1.236925E-04 
-7.669045E+00, 6.333616E-05 
-4.436227E+00, 3.133841E-04 
-8.852483E+00, 2.502091E-05 
-8.243675E+00, 3.908779E-05 
-4.353908E+00, 6.749479E-04 
-5.318135E+00, 2.360689E-04 
3.411702E+00, 8.818445E-04 
-1.662745E+00, 1.048801E-03 
-5.522852E+00, 1.796512E-04 
-7.437677E+00, 4.550840E-05 
-3.445294E+00, 1.150362E-03 
-5.684661E+00, 2.360565E-04 
-1.142516E+01, 4.875011E-06 
-3.655963E+00, 7.873311E-04 
-9.452624E+00, 1.612477E-05 
-8.265590E+00, 2.934941E-05 
8.047823E+00, 4.285659E-05 
-5.816575E+00, 2.343512E-04 
-2.961348E+00, 7.671286E-04 
-3.829470E+00, 6.375761E-04 
8.017210E+00, 6.885984E-05 
-3.503108E-01, 1.325029E-03 
-1.031425E+01, 1.188467E-05 
-5.388442E+00, 2.418081E-04 
1.770052E+00, 7.776206E-04 
4.233592E+00, 2.909627E-04 
6.868034E+00, 1.413814E-04 
6.817842E-01, 1.266866E-03 
3.966477E-01, 7.532906E-04 
-8.819832E+00, 2.537280E-05 
3.191949E+00, 8.811344E-04 
1.074403E+00, 1.436848E-03 
4.352764E+00, 3.712431E-04 
4.986451E+00, 3.184783E-04 
2.409192E+00, 6.975974E-04 
-3.623952E+00, 5.937696E-04 
-9.157460E+00, 1.040288E-05 
-5.042862E+00, 2.360689E-04 
2.819849E-01, 1.156605E-03 
7.949507E+00, 4.511688E-05 
1.029668E+01, 4.241519E-06 
3.595064E+00, 5.145430E-04 
-8.687109E+00, 3.485965E-05 
6.180567E+00, 3.226120E-04 
6.164604E+00, 1.403854E-04 
-1.638602E+00, 9.492240E-04 
-2.478713E+00, 8.096161E-04 
-1.003680E+01, 9.790771E-06 
2.742825E+00, 6.302517E-04 
2.205644E+00, 7.232065E-04 
3.292556E+00, 9.194857E-04 
4.506834E+00, 5.293619E-04 
4.765293E+00, 2.487925E-04 
-5.251849E+00, 3.025438E-04 
-1.067936E+01, 4.957084E-06 
-2.893501E-01, 1.292630E-03 
7.561891E+00, 6.177940E-05 
-9.331503E+00, 1.146191E-05 
4.350740E+00, 3.226097E-04 
3.509636E-01, 1.100683E-03 
3.912826E-01, 9.134049E-04 
-8.825787E+00, 3.100613E-05 
9.092067E+00, 1.072215E-05 
5.057165E+00, 1.919044E-04 
4.852510E+00, 3.083812E-04 
-9.355658E+00, 1.175422E-05 
5.743501E+00, 2.106900E-04 
-9.528461E+00, 1.958125E-05 
-5.690750E-01, 1.248628E-03 
-5.299434E+00, 2.346079E-04 
8.085019E-01, 8.522823E-04 
7.152866E+00, 1.138560E-04 
-9.733770E+00, 1.622015E-05 
-6.436379E+00, 1.461496E-04 
-4.126697E+00, 3.990254E-04 
3.806403E-01, 1.468104E-03 
-1.260500E+01, 8.297869E-06 
6.872613E+00, 1.045521E-04 
-9.618154E+00, 1.062318E-05 
-4.355300E+00, 3.392250E-04 
-3.796386E+00, 7.327388E-04 
6.917630E+00, 9.248560E-05 
8.314269E+00, 3.255509E-05 
4.293386E+00, 4.160274E-04 
2.740474E+00, 7.883961E-04 
4.229940E+00, 6.796694E-04 
-9.167739E+00, 1.229823E-05 
-1.090762E+01, 6.896819E-06 
1.144149E+01, 7.238711E-06 
1.670291E+00, 1.051367E-03 
-7.505278E+00, 3.862502E-05 
3.104935E+00, 7.391191E-04 
-8.850305E-01, 1.115587E-03 
-5.712064E-01, 1.176270E-03 
8.252699E+00, 2.452473E-05 
-6.999471E+00, 6.496112E-05 
-3.602391E+00, 6.643161E-04 
-6.802850E+00, 1.191045E-04 
-1.025823E+01, 4.473419E-06 
-1.038579E+01, 8.126786E-06 
-1.675020E+00, 9.277626E-04 
8.223856E+00, 3.727784E-05 
-4.841267E+00, 3.214429E-04 
2.121692E+00, 6.204828E-04 
-6.311083E+00, 9.258423E-05 
7.414614E+00, 1.253125E-04 
-8.223411E+00, 3.078435E-05 
7.706903E+00, 6.050459E-05 
8.316030E+00, 1.997421E-05 
6.794863E+00, 1.405987E-04 
-6.382651E+00, 9.221362E-05 
3.318265E+00, 6.000756E-04 
-6.341964E+00, 1.478565E-04 
-3.032878E+00, 8.932790E-04 
-1.895857E+00, 1.449093E-03 
-8.317956E+00, 2.841179E-05 
7.296866E-01, 1.005463E-03 
-3.648052E+00, 7.628783E-04 
-3.658789E+00, 7.771690E-04 
5.856386E+00, 2.283209E-04 
-4.462077E+00, 3.778801E-04 
-1.663013E-01, 1.707584E-03 
5.622832E+00, 1.731073E-04 
-2.540303E+00, 1.392617E-03 
5.837956E-01, 8.564804E-04 
6.992502E+00, 1.119069E-04 
-2.482750E+00, 1.066243E-03 
-1.734592E+00, 1.468182E-03 
1.782146E+00, 8.008708E-04 
2.351405E+00, 8.129105E-04 
2.148265E+00, 1.181722E-03 
-2.164950E-01, 1.824206E-03 
-5.338537E+00, 2.322835E-04 
5.179522E+00, 2.617392E-04 
-3.983563E+00, 5.053222E-04 
-7.246527E+00, 9.258423E-05 
-3.599313E+00, 7.532379E-04 
7.644974E+00, 4.290712E-05 
-1.813281E+00, 1.072971E-03 
-8.345762E-01, 1.816549E-03 
1.026679E+01, 4.027144E-06 
1.232236E+01, 7.547937E-06 
6.459978E+00, 1.497236E-04 
-9.133906E+00, 1.055633E-05 
8.712756E+00, 2.996788E-05 
-4.503680E+00, 4.537397E-04 
9.666721E+00, 1.097777E-05 
-4.271656E+00, 3.253666E-04 
1.047739E+01, 4.749637E-06 
-2.531623E+00, 9.192284E-04 
7.957248E+00, 2.445609E-05 
-6.336612E+00, 1.104010E-04 
7.864674E+00, 5.658352E-05 
2.029331E+00, 9.671358E-04 
-7.965095E+00, 5.254174E-05 
1.031609E+01, 4.690740E-06 
-6.335662E-01, 1.760762E-03 
7.350974E+00, 7.477752E-05 
8.587858E+00, 2.909749E-05 
-7.506753E+00, 6.003193E-05 
-2.103510E+00, 7.771681E-04 
-1.079843E+01, 6.998893E-06 
-7.590270E+00, 3.367065E-05 
8.633061E+00, 2.872544E-05 
9.192638E+00, 1.577240E-05 
-9.130897E-01, 1.672450E-03 
-2.941576E+00, 1.292172E-03 
3.444675E+00, 5.438368E-04 
-5.480935E+00, 3.861776E-04 
-7.396871E+00, 7.403974E-05 
8.103406E+00, 2.380466E-05 
-6.215366E+00, 1.311060E-04 
-1.001709E+01, 5.389527E-06 
9.821452E+00, 1.103167E-05 
9.478627E+00, 9.968749E-06 
-5.356408E+00, 2.335125E-04 
-4.415736E+00, 4.474612E-04 
8.797925E+00, 1.562654E-05 
1.765259E+00, 1.091290E-03 
-3.189482E+00, 7.865324E-04 
2.327492E+00, 1.044563E-03 
-2.972451E+00, 8.191489E-04 
4.603600E+00, 3.471357E-04 
5.006439E+00, 2.285280E-04 
-3.509839E+00, 7.721381E-04 
9.185585E+00, 1.932783E-05 
4.848704E+00, 2.881093E-04 
-4.858814E+00, 3.020169E-04 
-3.266659E+00, 5.929495E-04 
-9.691831E+00, 1.489824E-05 
4.405404E+00, 5.186505E-04 
-9.801773E+00, 1.355395E-05 
-5.319265E+00, 3.793783E-04 
5.168979E+00, 5.466593E-04 
6.487997E+00, 1.109205E-04 
5.425239E+00, 2.609908E-04 
2.583364E+00, 8.579563E-04 
3.998833E+00, 3.073630E-04 
1.037536E+00, 1.026973E-03 
-2.764281E-02, 1.295412E-03 
-8.630984E+00, 2.495649E-05 
-7.667770E+00, 4.772581E-05 
4.980118E+00, 4.414645E-04 
-8.437627E+00, 3.550302E-05 
6.182193E+00, 1.222805E-04 
-9.399801E+00, 1.166020E-05 
1.963142E+00, 1.350879E-03 
-8.964168E+00, 1.631481E-05 
-8.499021E+00, 3.597851E-05 
-1.358198E-01, 1.037981E-03 
8.970943E+00, 1.252715E-05 
4.594582E+00, 3.495595E-04 
-1.149221E+00, 1.233020E-03 
1.244063E+00, 9.025360E-04 
-2.135893E+00, 1.202639E-03 
7.872699E+00, 1.045521E-04 
-8.467526E+00, 2.165936E-05 
1.904471E+00, 1.032728E-03 
2.612475E+00, 5.928415E-04 
-8.458495E+00, 2.305649E-05 
5.147386E+00, 1.996303E-04 
6.393840E+00, 1.035811E-04 
8.353849E+00, 2.285337E-05 
6.682684E+00, 1.393522E-04 
-2.496316E+00, 1.526125E-03 
-6.032078E+00, 9.307706E-05 
-4.658646E+00, 5.387197E-04 
1.577861E+00, 9.409169E-04 
-1.063736E+01, 4.875011E-06 
-8.386008E+00, 2.305649E-05 
7.612562E+00, 9.398920E-05 
-1.054390E+01, 8.264980E-06 
8.895087E+00, 1.607186E-05 
6.788722E+00, 1.652280E-04 
-2.333415E+00, 8.328031E-04 
-2.229272E+00, 8.898687E-04 
-7.381162E+00, 4.047965E-05 
-6.827006E+00, 1.021044E-04 
-6.623311E+00, 1.421134E-04 
-4.802886E+00, 3.041136E-04 
7.612349E-01, 8.469520E-04 
8.701742E+00, 2.742328E-05 
5.007428E+00, 2.569609E-04 
-7.201726E-01, 1.129437E-03 
-9.336196E+00, 1.361327E-05 
6.828120E+00, 1.781801E-04 
3.332690E+00, 4.948201E-04 
-3.588195E+00, 7.616862E-04 
-7.517006E-01, 1.626820E-03 
-1.467432E+00, 1.273635E-03 
-4.077992E+00, 8.951832E-04 
-7.002236E-01, 1.894511E-03 
-1.568225E+00, 1.269101E-03 
9.373082E-01, 1.373203E-03 
6.007768E+00, 1.149162E-04 
-1.132405E+01, 5.685464E-06 
-1.083490E+01, 5.460276E-06 
6.176278E+00, 1.732969E-04 
1.273835E+01, 3.938998E-06 
6.999574E+00, 5.169840E-05 
4.927901E+00, 3.129240E-04 
6.159957E+00, 9.341979E-05 
1.736571E+00, 8.075321E-04 
7.830383E+00, 8.963940E-05 
6.355824E+00, 1.083340E-04 
2.110483E+00, 7.319325E-04 
-2.387459E-01, 1.312739E-03 
6.644681E+00, 1.101797E-04 
-1.820549E+00, 1.343235E-03 
4.737097E+00, 2.421127E-04 
-9.587963E+00, 1.752282E-05 
-2.464974E+00, 8.088251E-04 
-3.410011E+00, 7.478464E-04 
1.100909E+00, 8.686172E-04 
1.164575E+01, 5.672940E-06 
7.185869E+00, 7.270150E-05 
9.467061E+00, 7.634820E-06 
1.024652E+01, 5.207600E-06 
-5.798767E+00, 1.478565E-04 
-9.122475E+00, 1.218023E-05 
-9.142213E+00, 1.241063E-05 
3.287180E+00, 5.285840E-04 
-1.079320E+01, 6.048626E-06 
-4.107288E+00, 8.625875E-04 
-4.772528E+00, 5.032795E-04 
-6.317167E+00, 1.377815E-04 
6.037710E+00, 1.959909E-04 
1.042611E+01, 7.682283E-06 
-9.138259E+00, 1.507226E-05 
-7.915042E+00, 4.906694E-05 
8.163188E+00, 3.035119E-05 
-2.060228E+00, 1.277382E-03 
-6.764103E+00, 1.288027E-04 
-4.930051E-01, 1.248920E-03 
-2.825415E+00, 1.419666E-03 
4.948566E+00, 5.360510E-04 
6.708194E+00, 1.241681E-04 
-7.591346E+00, 5.196959E-05 
-1.682271E+00, 1.081144E-03 
-4.152898E+00, 3.944740E-04 
6.476911E+00, 9.355774E-05 
3.651307E+00, 6.858201E-04 
-8.847476E+00, 2.421523E-05 
-9.680033E+00, 9.513910E-06 
-2.660052E+00, 9.155525E-04 
-9.010704E+00, 1.868219E-05 
-1.803353E+00, 1.300414E-03 
8.327344E+00, 3.076554E-05 
-6.346488E+00, 9.794673E-05 
-1.014289E+01, 8.460871E-06 
5.968225E+00, 2.807707E-04 
-6.050093E+00, 2.209352E-04 
4.992683E+00, 3.739144E-04 
5.162899E+00, 3.299808E-04 
-1.180701E+01, 7.043431E-06 
1.887005E+00, 9.075843E-04 
-1.038749E+01, 6.051819E-06 
-6.025228E+00, 2.511792E-04 
8.469604E+00, 1.561728E-05 
6.714346E+00, 1.351692E-04 
-8.122709E+00, 4.739247E-05 
5.259031E+00, 2.163234E-04 
1.090280E+00, 1.426994E-03 
-3.912349E+00, 9.600620E-04 
4.813571E+00, 2.970399E-04 
5.323109E+00, 1.919044E-04 
-3.786788E+00, 9.877409E-04 
1.262104E+01, 7.482894E-06 
6.089484E+00, 1.239842E-04 
1.973051E+00, 7.954823E-04 
7.856795E+00, 5.558007E-05 
-9.994008E-02, 1.534984E-03 
1.090104E+01, 5.672940E-06 
-7.478325E+00, 5.904547E-05 
7.785776E+00, 5.577558E-05 
7.175701E+00, 9.599660E-05 
4.338553E-01, 9.271265E-04 
9.468051E+00, 1.129335E-05 
-3.998297E+00, 4.099453E-04 
6.751647E+00, 1.261306E-04 
5.683364E-01, 7.827809E-04 
-5.583998E+00, 3.431149E-04 
-3.158006E+00, 8.429399E-04 
9.239123E-01, 1.025790E-03 
8.266894E+00, 2.472643E-05 
-3.997002E+00, 4.474612E-04 
8.800147E+00, 3.267337E-05 
7.860191E-01, 1.040802E-03 
1.021803E+01, 4.969452E-06 
5.587528E+00, 1.522213E-04 
-6.455933E+00, 1.519029E-04 
-8.129483E+00, 3.249426E-05 
3.855873E+00, 7.509568E-04 
-7.533741E+00, 7.405029E-05 
-6.954025E+00, 7.630736E-05 
-3.530168E+00, 7.743119E-04 
-7.635454E+00, 2.965212E-05 
9.798058E+00, 6.226453E-06 
5.762905E+00, 1.560509E-04 
1.024194E+01, 4.889227E-06 
7.074205E+00, 8.585678E-05 
-5.963256E+00, 1.443394E-04 
2.432325E+00, 9.271340E-04 
-6.515897E+00, 8.361778E-05 
2.176493E+00, 9.864397E-04 
-8.154184E+00, 2.097613E-05 
4.899575E-01, 1.247637E-03 
5.582254E-01, 1.267322E-03 
1.138882E+01, 6.204994E-06 
-5.052739E+00, 4.115635E-04 
-3.057475E-01, 1.248635E-03 
-8.209282E+00, 3.597851E-05 
-3.079416E+00, 1.269956E-03 
1.036149E+01, 5.207600E-06 
9.254666E+00, 9.098431E-06 
3.330784E+00, 8.315428E-04 
-8.943373E+00, 1.666775E-05 
-1.059791E+01, 5.634536E-06 
-1.162385E+01, 7.303605E-06 
9.243734E+00, 1.056656E-05 
-3.225888E+00, 1.261207E-03 
1.116067E+01, 5.966835E-06 
-1.769237E-01, 1.349004E-03 
-3.277792E+00, 1.181159E-03 
8.461567E+00, 2.784503E-05 
-8.904360E+00, 2.104258E-05 
3.714044E+00, 8.330950E-04 
8.790694E+00, 2.882511E-05 
-2.376293E+00, 7.967812E-04 
-5.256959E-01, 1.418559E-03 
-7.557307E+00, 6.600615E-05 
-3.554536E+00, 7.613300E-04 
6.691463E+00, 8.452252E-05 
-1.027410E+01, 4.578931E-06 
4.932082E+00, 2.949490E-04 
4.466245E+00, 3.044561E-04 
-6.423238E+00, 7.081586E-05 
8.206246E+00, 2.872904E-05 
1.138584E+00, 8.378725E-04 
-7.591320E+00, 5.373249E-05 
-2.111912E+00, 8.909304E-04 
1.489261E+00, 8.780254E-04 
5.765041E+00, 1.064196E-04 
3.174968E+00, 5.970898E-04 
1.087931E+00, 1.421772E-03 
-1.105557E+01, 5.129496E-06 
3.324221E+00, 6.855251E-04 
6.211798E+00, 2.484805E-04 
4.737083E-01, 8.780254E-04 
8.115714E-02, 1.072971E-03 
-6.648036E+00, 1.013236E-04 
4.822864E+00, 4.884478E-04 
-3.794604E+00, 8.377541E-04 
3.031662E+00, 9.028585E-04 
-9.765399E+00, 1.043313E-05 
1.220717E+01, 3.954845E-06 
-5.842229E+00, 2.376531E-04 
-5.026015E+00, 4.070765E-04 
5.721127E+00, 3.084033E-04 
-2.142486E+00, 8.888965E-04 
7.921402E+00, 3.534837E-05 
1.957569E-01, 1.326002E-03 
-4.761286E+00, 3.743293E-04 
-8.034220E+00, 3.013227E-05 
-4.147747E+00, 4.052128E-04 
-5.321484E+00, 3.187131E-04 
-1.046168E+01, 6.684054E-06 
1.376444E-01, 8.522823E-04 
8.065602E+00, 5.955504E-05 
-3.575878E-01, 1.155062E-03 
-1.358047E+00, 1.343520E-03 
1.964154E+00, 1.379406E-03 
2.413819E-01, 1.702273E-03 
-9.935505E+00, 6.149114E-06 
1.768454E+00, 8.891051E-04 
6.502725E+00, 1.585228E-04 
-5.844130E+00, 1.443394E-04 
-5.682180E-01, 1.047273E-03 
-9.535652E+00, 1.085670E-05 
-8.877637E+00, 1.987620E-05 
6.150337E+00, 1.144267E-04 
-8.419797E+00, 3.678581E-05 
1.026886E+01, 4.202846E-06 
-5.405048E+00, 2.448673E-04 
2.666133E+00, 8.333687E-04 
-7.260510E+00, 5.785094E-05 
9.054040E+00, 1.765875E-05 
-3.700292E+00, 8.490872E-04 
6.434418E-02, 1.234441E-03 
-1.999399E+00, 1.039443E-03 
1.052161E+01, 5.079807E-06 
5.196616E+00, 2.782506E-04 
3.219453E+00, 9.423367E-04 
1.612207E+00, 8.029831E-04 
-5.998159E+00, 2.753491E-04 
8.979838E+00, 3.468175E-05 
1.008721E+01, 4.845731E-06 
-1.272292E+00, 1.167894E-03 
1.476216E+00, 1.299621E-03 
9.705306E+00, 7.724238E-06 
-8.298417E-01, 1.727467E-03 
-4.883893E+00, 3.812028E-04 
1.024669E+01, 5.511115E-06 
5.754088E+00, 2.184766E-04 
7.770818E+00, 2.268083E-05 
-6.507746E+00, 1.099019E-04 
-5.319361E+00, 2.600503E-04 
-2.502716E+00, 1.270017E-03 
6.012132E-01, 7.627490E-04 
-3.623841E+00, 7.056591E-04 
-1.559444E+00, 8.680875E-04 
-4.232198E+00, 4.224707E-04 
5.053251E+00, 1.998699E-04 
-7.041180E+00, 7.535979E-05 
1.560244E+00, 1.319376E-03 
-7.932572E-02, 1.255734E-03 
7.633481E+00, 1.231087E-04 
6.762869E+00, 9.375160E-05 
4.589286E+00, 3.901098E-04 
-8.984936E+00, 1.960393E-05 
-8.708305E+00, 2.751059E-05 
-9.858268E+00, 1.216692E-05 
7.080981E+00, 9.874226E-05 
1.024641E+01, 8.457816E-06 
-9.299690E+00, 1.872351E-05 
-1.217430E+00, 1.086114E-03 
-7.494920E+00, 3.710901E-05 
-4.661852E+00, 4.537397E-04 
-8.553737E-01, 1.482168E-03 
9.257993E+00, 1.252715E-05 
6.767853E+00, 1.413814E-04 
-4.515617E+00, 5.250229E-04 
-6.798792E+00, 1.112447E-04 
2.074634E-01, 8.601498E-04 
-4.825245E+00, 5.756967E-04 
-5.326281E-01, 1.257116E-03 
-7.902147E+00, 6.285596E-05 
6.393295E+00, 1.028735E-04 
-5.282371E+00, 2.187860E-04 
-5.312672E+00, 3.717714E-04 
-8.112800E+00, 3.508228E-05 
5.701429E+00, 9.140242E-05 
-7.140922E+00, 6.096438E-05 
-1.004118E+00, 9.997876E-04 
-2.364488E+00, 9.572491E-04 
8.605953E+00, 4.139339E-05 
-4.922508E+00, 3.776877E-04 
4.394801E+00, 4.910132E-04 
5.016587E-01, 9.271265E-04 
6.193271E+00, 1.393522E-04 
4.332400E+00, 3.562785E-04 
-7.249082E+00, 8.043084E-05 
-5.463563E+00, 3.304878E-04 
2.564800E+00, 9.178247E-04 
9.211425E+00, 2.605971E-05 
1.359462E+00, 8.561786E-04 
-1.767714E+00, 1.410425E-03 
-1.796972E+00, 1.617744E-03 
-4.064744E-01, 1.398267E-03 
-4.791261E+00, 2.659960E-04 
9.922303E+00, 1.708968E-05 
3.862864E+00, 8.837949E-04 
4.342300E+00, 3.660816E-04 
8.913131E+00, 2.133254E-05 
-6.002269E+00, 2.449059E-04 
-4.810845E+00, 2.272371E-04 
6.224692E+00, 1.405855E-04 
-9.334795E+00, 1.769333E-05 
9.187892E+00, 2.511643E-05 
-8.491106E-01, 2.116295E-03 
-5.416560E+00, 2.411782E-04 
-1.219147E+00, 1.021318E-03 
-2.564956E+00, 8.211927E-04 
-2.137984E+00, 9.285915E-04 
-7.383926E+00, 5.238276E-05 
-8.112756E+00, 4.338195E-05 
-7.063141E+00, 9.039353E-05 
9.961647E+00, 5.577132E-06 
8.285634E+00, 2.365701E-05 
9.143159E+00, 1.264436E-05 
-8.973088E+00, 2.801777E-05 
-5.558083E+00, 2.272371E-04 
6.440524E+00, 1.198881E-04 
-3.483587E+00, 8.163455E-04 
5.822378E+00, 1.997364E-04 
-1.969444E+00, 8.859221E-04 
-1.593528E-01, 1.449112E-03 
-6.261081E+00, 1.270944E-04 
5.038730E+00, 3.125337E-04 
4.872157E-01, 9.909486E-04 
-1.204024E+00, 1.332389E-03 
9.490318E+00, 1.213703E-05 
8.749484E+00, 3.654087E-05 
7.021588E+00, 1.458095E-04 
2.748905E+00, 7.941777E-04 
-6.104068E+00, 1.174327E-04 
-1.091055E+01, 5.517523E-06 
1.292977E+00, 7.824829E-04 
7.812555E-01, 7.501914E-04 
-7.622939E+00, 4.256187E-05 
4.955942E+00, 3.812797E-04 
-9.605469E+00, 9.300761E-06 
-4.651840E+00, 3.041136E-04 
-1.655962E+00, 8.488302E-04 
5.560944E+00, 2.797436E-04 
7.283112E+00, 5.137684E-05 
-5.545596E+00, 1.208350E-04 
-9.978539E+00, 7.274686E-06 
5.787935E+00, 3.136702E-04 
-1.105945E+01, 8.011959E-06 
-3.620926E+00, 7.824515E-04 
8.581114E+00, 3.303913E-05 
1.322459E+00, 1.001088E-03 
2.132249E+00, 9.809604E-04 
-8.952569E+00, 1.508854E-05 
8.356751E+00, 3.290609E-05 
-4.157830E+00, 5.250229E-04 
6.698511E+00, 9.398920E-05 
-1.589100E+00, 8.878700E-04 
7.937978E+00, 6.409492E-05 
6.557120E+00, 8.716212E-05 
-3.246704E+00, 1.121143E-03 
9.179189E+00, 1.416138E-05 
9.084241E-01, 8.262412E-04 
-6.975961E+00, 6.155175E-05 
-7.746570E+00, 5.547555E-05 
7.146504E+00, 6.853268E-05 
9.625396E+00, 1.130555E-05 
-3.114859E+00, 7.956052E-04 
-7.570092E+00, 3.688943E-05 
-5.818218E+00, 2.307281E-04 
1.124950E+00, 8.811461E-04 
-2.935034E+00, 9.421531E-04 
6.815995E+00, 1.377672E-04 
-2.761915E+00, 1.216571E-03 
3.833151E-01, 1.203153E-03 
-8.227068E+00, 6.058409E-05 
-2.348584E+00, 8.054159E-04 
-5.253915E+00, 2.182787E-04 
4.274980E+00, 5.123699E-04 
-9.392054E+00, 1.218023E-05 
4.071089E+00, 8.499117E-04 
5.973964E+00, 2.597072E-04 
5.327990E+00, 2.156610E-04 
-9.685213E+00, 1.175422E-05 
-7.809742E-01, 2.079567E-03 
-9.090988E+00, 1.707093E-05 
8.957392E+00, 2.236924E-05 
4.263808E-01, 1.027422E-03 
-8.863115E+00, 1.191655E-05 
7.303369E+00, 7.655279E-05 
-2.211612E+00, 8.517901E-04 
-9.371898E+00, 1.171092E-05 
6.114205E+00, 1.504554E-04 
-4.084082E-01, 1.290989E-03 
5.112588E+00, 2.582327E-04 
-1.154458E+01, 4.490640E-06 
-7.866592E+00, 4.593759E-05 
4.111449E+00, 5.855986E-04 
-9.257993E-01, 1.178811E-03 
-4.579613E+00, 5.344899E-04 
-8.343536E+00, 2.991569E-05 
-1.220886E+00, 1.022296E-03 
-1.030283E+01, 6.009781E-06 
-2.739285E+00, 1.077200E-03 
2.335413E+00, 9.578137E-04 
1.456480E+00, 1.326464E-03 
-4.215894E+00, 5.759947E-04 
6.184585E+00, 1.693507E-04 
-6.614599E+00, 8.668513E-05 
1.019412E+01, 5.672940E-06 
9.414152E+00, 6.068515E-06 
3.801531E+00, 6.934918E-04 
-1.093974E+00, 1.213441E-03 
4.834984E+00, 4.881924E-04 
8.938647E+00, 1.238958E-05 
9.625717E+00, 7.370278E-06 
7.265202E+00, 6.283694E-05 
6.523013E+00, 1.386975E-04 
-1.462367E+00, 9.771138E-04 
1.507183E+00, 1.110489E-03 
1.011804E+01, 5.555287E-06 
8.989575E+00, 2.053863E-05 
-3.873756E+00, 9.453261E-04 
5.112947E+00, 2.486357E-04 
3.936184E+00, 8.026668E-04 
1.062520E+00, 8.549924E-04 
3.883899E+00, 7.533137E-04 
-1.550851E+00, 1.564749E-03 
-5.463332E+00, 3.922973E-04 
-9.660576E+00, 7.195848E-06 
4.812549E+00, 3.376003E-04 
2.122229E+00, 1.125273E-03 
-2.210352E+00, 7.584739E-04 
5.915964E+00, 2.612387E-04 
5.179491E+00, 3.707760E-04 
-2.549358E+00, 1.056331E-03 
-3.549659E+00, 6.267681E-04 
1.577513E+00, 8.509768E-04 
2.429422E+00, 9.875173E-04 
-5.146103E+00, 2.511792E-04 
-2.347949E+00, 1.204183E-03 
3.470461E+00, 7.922602E-04 
9.818788E-02, 1.261815E-03 
7.685162E+00, 4.754643E-05 
-9.851313E+00, 7.469132E-06 
3.935120E+00, 7.227416E-04 
2.364459E+00, 9.998889E-04 
4.786781E+00, 4.537294E-04 
-2.552250E+00, 1.081144E-03 
-8.610638E+00, 2.292382E-05 
7.752969E+00, 7.654456E-05 
-3.690071E+00, 7.281362E-04 
8.649619E+00, 2.635170E-05 
-1.024539E+01, 8.875054E-06 
1.808262E+00, 7.528080E-04 
4.699359E+00, 3.284009E-04 
3.202767E+00, 6.146017E-04 
8.047802E+00, 3.534837E-05 
2.390942E+00, 7.236087E-04 
4.147918E-01, 8.237116E-04 
-8.591622E-01, 1.129437E-03 
-2.833384E+00, 9.972512E-04 
-7.853929E+00, 6.333616E-05 
8.860157E+00, 3.172808E-05 
-2.637818E+00, 1.305248E-03 
-9.437721E+00, 1.325677E-05 
-5.764522E+00, 2.102587E-04 
-7.878417E+00, 2.182914E-05 
-5.080566E+00, 3.123277E-04 
-1.237688E+01, 5.363274E-06 
-8.692204E+00, 2.603962E-05 
-1.695348E+00, 1.075842E-03 
-4.410714E-01, 1.375644E-03 
-8.071751E+00, 2.934941E-05 
7.846091E+00, 9.159878E-05 
-6.116752E+00, 3.713837E-04 
7.239469E+00, 6.191164E-05 
-8.225124E+00, 3.553304E-05 
-3.166248E+00, 8.761618E-04 
2.110639E+00, 1.119780E-03 
4.555080E+00, 4.339070E-04 
-3.651659E+00, 1.075137E-03 
3.074336E+00, 7.911039E-04 
-3.360145E-01, 1.894511E-03 
3.123900E+00, 5.409399E-04 
-1.833195E+00, 1.166730E-03 
4.233613E+00, 2.837508E-04 
-1.097236E+01, 5.460276E-06 
-3.573034E+00, 7.157869E-04 
8.731041E-01, 1.357421E-03 
-5.861429E+00, 3.147201E-04 
-2.998801E+00, 7.278235E-04 
1.033729E+01, 4.567609E-06 
-1.041202E+01, 5.059536E-06 
-1.140041E+01, 6.043632E-06 
8.274268E+00, 2.991283E-05 
-4.165957E-01, 1.172358E-03 
2.296960E+00, 6.781948E-04 
6.569756E+00, 1.519828E-04 
-4.039948E+00, 6.439969E-04 
-5.723720E+00, 3.998918E-04 
-3.413691E+00, 6.671966E-04 
-1.992366E+00, 1.692062E-03 
-4.256696E-01, 2.026658E-03 
-5.985108E+00, 2.218287E-04 
-4.628373E+00, 4.470161E-04 
3.479706E+00, 7.345410E-04 
3.162245E+00, 5.822151E-04 
-4.022579E+00, 3.752556E-04 
-1.176840E+01, 7.519957E-06 
3.377603E+00, 8.638744E-04 
4.696470E+00, 2.617288E-04 
-4.519883E+00, 4.409314E-04 
-3.860554E-01, 1.643295E-03 
-8.114657E+00, 2.305649E-05 
1.077124E+01, 3.911527E-06 
-1.018271E+01, 6.851936E-06 
-5.803951E+00, 3.165162E-04 
-3.333641E+00, 6.342270E-04 
8.401481E+00, 4.325298E-05 
4.004413E+00, 6.006877E-04 
9.856409E+00, 7.899821E-06 
3.836186E+00, 7.411128E-04 
8.606299E+00, 3.710782E-05 
-4.330834E+00, 3.133841E-04 
7.759782E+00, 3.727784E-05 
4.817118E+00, 3.613482E-04 
-2.900354E+00, 9.605707E-04 
-3.178296E+00, 7.478464E-04 
-8.731389E+00, 2.087844E-05 
-2.317771E+00, 1.267975E-03 
-6.361868E+00, 1.198375E-04 
-2.239018E+00, 1.294110E-03 
-6.722364E+00, 1.410687E-04 
-7.567580E+00, 3.381525E-05 
-5.730350E+00, 3.449047E-04 
7.606140E+00, 8.716212E-05 
-9.024946E+00, 1.654439E-05 
8.383487E+00, 3.218928E-05 
8.770785E+00, 2.365701E-05 
3.244406E+00, 1.034222E-03 
7.695049E+00, 5.602335E-05 
2.319273E+00, 1.042794E-03 
7.446481E+00, 6.716341E-05 
-7.512910E+00, 8.649161E-05 
-9.112328E+00, 1.143138E-05 
-9.767799E+00, 1.672295E-05 
1.087648E+01, 7.370278E-06 
1.728739E+00, 9.372510E-04 
6.128087E+00, 1.754554E-04 
6.272146E+00, 1.215908E-04 
1.090866E+01, 4.261764E-06 
-1.019034E+01, 5.517523E-06 
6.835624E+00, 1.099203E-04 
1.136184E+00, 1.297428E-03 
1.894657E+00, 1.298772E-03 
3.483146E-01, 1.083529E-03 
-5.681009E+00, 3.449047E-04 
1.128303E+01, 4.417439E-06 
2.060708E+00, 6.489498E-04 
-1.061699E+01, 5.941815E-06 
8.005213E+00, 2.384685E-05 
-5.836979E-01, 1.642809E-03 
-8.574590E+00, 2.097613E-05 
-5.120808E+00, 3.306487E-04 
-2.884583E+00, 1.215550E-03 
-1.625773E+00, 9.287140E-04 
8.562443E+00, 2.285337E-05 
-5.426132E+00, 4.125587E-04 
-4.275731E+00, 3.522263E-04 
-2.829601E+00, 1.450195E-03 
-5.583283E+00, 2.427583E-04 
-8.040065E-01, 1.272518E-03 
-7.613812E+00, 4.424259E-05 
-8.570297E+00, 2.710790E-05 
6.968430E+00, 4.743161E-05 
2.621811E+00, 6.706723E-04 
9.113623E+00, 1.264436E-05 
-2.103056E+00, 1.324121E-03 
5.677236E+00, 2.005658E-04 
-6.835411E+00, 1.226710E-04 
-1.489324E+00, 1.696913E-03 
-5.562170E+00, 2.394335E-04 
-4.336482E+00, 5.053222E-04 
-5.274592E+00, 2.504177E-04 
-1.895598E+00, 1.606050E-03 
-7.428382E+00, 6.871086E-05 
6.985123E+00, 7.654456E-05 
-9.041514E+00, 1.552101E-05 
-2.517543E+00, 8.902493E-04 
-1.224207E+01, 7.448981E-06 
5.592535E+00, 2.179236E-04 
1.805315E+00, 1.291378E-03 
6.498201E+00, 2.050449E-04 
8.405525E+00, 2.901415E-05 
9.323566E-01, 8.315051E-04 
6.230820E+00, 1.922325E-04 
-1.474717E-01, 1.944214E-03 
-6.787959E+00, 1.086663E-04 
-1.043166E+01, 8.393583E-06 
-5.197879E+00, 3.123277E-04 
-4.067962E+00, 4.770921E-04 
-6.929236E+00, 6.070572E-05 
4.317498E+00, 7.156412E-04 
-2.511643E+00, 1.330886E-03 
5.257453E+00, 1.889826E-04 
6.589543E+00, 1.311209E-04 
1.096337E+01, 4.567609E-06 
1.029411E+01, 5.351019E-06 
3.432499E-01, 9.992361E-04 
-1.053672E+01, 5.904953E-06 
-7.594051E+00, 6.763050E-05 
6.397822E+00, 1.447169E-04 
9.834043E+00, 1.060967E-05 
1.489321E+00, 1.024261E-03 
-2.022267E+00, 1.267322E-03 
-1.886310E-01, 1.439121E-03 
-7.714496E+00, 5.329357E-05 
6.371860E+00, 1.212593E-04 
-5.534906E+00, 2.346079E-04 
9.787492E+00, 1.168000E-05 
-9.453539E+00, 1.613877E-05 
-6.734475E+00, 7.358532E-05 
9.364771E+00, 1.932783E-05 
-4.162039E-01, 1.150671E-03 
7.756847E-01, 9.008859E-04 
-7.753113E+00, 3.757613E-05 
-1.213635E+01, 6.151702E-06 
1.013246E+01, 6.166408E-06 
5.458910E-01, 7.915269E-04 
5.516188E-02, 1.676453E-03 
-1.030697E+01, 6.927206E-06 
-9.296593E+00, 9.787180E-06 
-8.203361E+00, 3.367065E-05 
8.835920E+00, 2.387139E-05 
-4.505515E+00, 3.595102E-04 
-6.325147E+00, 1.041130E-04 
6.905788E+00, 1.221414E-04 
-9.318909E+00, 1.440069E-05 
1.224665E+01, 3.954845E-06 
1.014350E+01, 5.718452E-06 
1.298777E+00, 1.024261E-03 
5.720691E+00, 1.099203E-04 
-1.083786E+01, 5.655211E-06 
3.716702E+00, 6.438825E-04 
5.876160E-01, 1.320518E-03 
2.100493E+00, 6.622001E-04 
-2.713640E+00, 9.285915E-04 
2.268127E+00, 6.331204E-04 
9.693573E+00, 1.072215E-05 
1.091957E+01, 3.925262E-06 
-6.022384E-01, 1.248628E-03 
8.462002E+00, 3.514366E-05 
5.838301E+00, 2.575123E-04 
-7.392499E+00, 7.403974E-05 
1.073561E+01, 5.718452E-06 
-3.040218E+00, 8.041167E-04 
1.056931E+01, 4.760787E-06 
3.140061E+00, 7.326189E-04 
-1.478661E+00, 1.222499E-03 
3.422272E+00, 5.496800E-04 
1.066658E+01, 4.231409E-06 
7.335654E+00, 5.928152E-05 
1.328982E+00, 1.413653E-03 
8.084483E+00, 2.510431E-05 
-7.049607E+00, 4.715566E-05 
2.716613E+00, 6.596210E-04 
6.875210E+00, 1.157644E-04 
-3.984959E+00, 3.106756E-04 
1.155536E+01, 5.550521E-06 
8.575219E+00, 1.360624E-05 
-5.528093E+00, 2.440961E-04 
-9.460389E+00, 1.868219E-05 
-1.581949E+00, 9.291389E-04 
9.625321E-01, 1.288347E-03 
-2.625421E+00, 7.676509E-04 
4.125156E+00, 4.452889E-04 
-1.082303E+01, 4.608365E-06 
-6.571659E+00, 8.475320E-05 
4.056511E+00, 3.597458E-04 
-1.003483E+01, 1.390183E-05 
2.549041E+00, 7.231603E-04 
7.129867E-01, 1.110331E-03 
4.154796E+00, 9.722275E-04 
9.643091E+00, 1.311402E-05 
1.959249E+00, 1.473602E-03 
9.660660E+00, 2.607034E-05 
-5.327615E+00, 3.542427E-04 
-4.428031E-01, 1.370351E-03 
-4.406034E-01, 1.648968E-03 
4.489725E+00, 2.513316E-04 
-1.748095E+00, 1.173031E-03 
-8.230468E+00, 2.323117E-05 
-2.025875E+00, 1.072625E-03 
3.930352E-01, 1.290984E-03 
-4.566600E+00, 4.347846E-04 
9.981533E+00, 4.241519E-06 
-3.286336E+00, 6.267681E-04 
1.088341E+01, 5.032527E-06 
6.002778E+00, 2.014168E-04 
-8.345811E+00, 2.081666E-05 
1.070632E+01, 5.739712E-06 
5.633362E+00, 2.609908E-04 
-5.042317E+00, 2.233046E-04 
-3.692962E+00, 3.752556E-04 
-1.062055E+01, 8.011959E-06 
-9.388097E+00, 1.442406E-05 
9.159948E+00, 2.053863E-05 
5.618460E+00, 3.084033E-04 
-8.275768E+00, 2.305649E-05 
2.831296E+00, 7.831234E-04 
3.351523E+00, 9.318352E-04 
1.406115E+00, 1.035093E-03 
9.346388E+00, 2.133254E-05 
-8.378516E+00, 2.932163E-05 
-4.178022E+00, 5.194695E-04 
-2.422381E+00, 1.221429E-03 
-5.497901E+00, 3.306487E-04 
5.378197E+00, 1.889826E-04 
-7.956933E+00, 3.170809E-05 
-5.747581E+00, 2.519521E-04 
8.768564E+00, 2.441782E-05 
3.380277E+00, 5.633766E-04 
2.969550E+00, 9.069117E-04 
2.570941E+00, 7.601240E-04 
6.195342E+00, 1.098719E-04 
2.777067E+00, 6.781948E-04 
5.836940E+00, 1.712342E-04 
7.005673E+00, 1.012087E-04 
-1.108618E+01, 7.616862E-06 
-4.745956E+00, 5.274814E-04 
-7.478655E+00, 3.517121E-05 
2.932175E+00, 6.241378E-04 
9.022422E-01, 9.396044E-04 
-3.496545E+00, 7.424951E-04 
2.782485E+00, 7.988510E-04 
5.429594E+00, 2.970399E-04 
1.025474E+01, 5.834469E-06 
4.992742E+00, 2.069643E-04 
3.762131E+00, 8.579431E-04 
5.473529E+00, 2.393999E-04 
-6.505354E+00, 1.189570E-04 
-6.778805E+00, 9.784346E-05 
1.117850E+01, 6.759456E-06 
2.394068E+00, 8.914256E-04 
8.964124E+00, 3.588830E-05 
-6.242480E+00, 3.966076E-04 
3.034612E+00, 9.716156E-04 
-5.028421E+00, 4.769588E-04 
-2.327644E+00, 1.377594E-03 
-9.852360E+00, 4.889231E-06 
8.500186E+00, 2.384685E-05 
-9.857227E+00, 1.391001E-05 
9.823339E+00, 7.645018E-06 
5.686707E+00, 1.943216E-04 
3.557157E+00, 5.320874E-04 
4.953317E+00, 3.387014E-04 
6.313256E+00, 9.874226E-05 
3.658920E+00, 6.938438E-04 
1.939126E+00, 7.776206E-04 
-8.271273E+00, 3.678581E-05 
9.298959E+00, 1.765875E-05 
1.999637E+00, 9.916539E-04 
4.254559E+00, 6.530302E-04 
9.909653E+00, 1.705542E-05 
1.839057E+00, 1.412061E-03 
4.036775E+00, 5.948997E-04 
1.034580E+01, 7.617453E-06 
-5.136501E+00, 3.484072E-04 
8.614510E+00, 1.592625E-05 
3.263677E+00, 5.197670E-04 
-1.972911E+00, 1.683792E-03 
-6.415911E-01, 1.279975E-03 
5.644559E+00, 1.071111E-04 
1.004026E+01, 6.007063E-06 
5.031391E-01, 8.469520E-04 
-4.741137E+00, 4.368676E-04 
5.686617E+00, 1.950194E-04 
7.409306E+00, 6.327111E-05 
-4.168554E+00, 3.991196E-04 
-9.889554E+00, 4.637799E-06 
-8.493837E+00, 2.000769E-05 
-1.176536E+00, 1.100683E-03 
1.331785E-01, 1.204134E-03 
2.401089E+00, 8.296054E-04 
1.245028E+00, 1.405419E-03 
-7.740242E+00, 3.975240E-05 
1.797280E+00, 1.019264E-03 
1.121568E+01, 4.562918E-06 
-3.048721E+00, 1.268700E-03 
-9.500638E+00, 1.949242E-05 
-1.098938E+01, 5.389527E-06 
5.821328E+00, 1.184759E-04 
5.043745E+00, 2.711516E-04 
4.977268E-01, 1.209970E-03 
9.022232E+00, 1.203675E-05 
1.117867E+01, 6.068515E-06 
-6.711263E+00, 9.454035E-05 
-2.049580E+00, 8.140922E-04 
8.826527E+00, 3.514366E-05 
-5.138455E+00, 2.650906E-04 
8.607036E+00, 2.611950E-05 
-4.655354E+00, 4.747153E-04 
9.089993E+00, 1.229587E-05 
-3.983762E+00, 1.023228E-03 
-7.036710E+00, 6.080393E-05 
7.071297E+00, 1.039683E-04 
-1.093077E+01, 7.616862E-06 
3.058060E+00, 5.445796E-04 
-8.254428E+00, 2.737679E-05 
4.416918E+00, 4.068242E-04 
9.280967E+00, 9.600783E-06 
-4.527209E+00, 4.931519E-04 
-8.459480E+00, 1.916257E-05 
9.849084E+00, 1.285635E-05 
-6.071545E+00, 1.493956E-04 
-7.373800E+00, 5.377174E-05 
-6.004784E+00, 4.013612E-04 
-5.970004E+00, 2.152861E-04 
-2.975252E+00, 7.525491E-04 
-6.270948E+00, 9.000675E-05 
7.866835E+00, 1.062655E-04 
7.886735E+00, 6.718961E-05 
-4.169287E+00, 3.509267E-04 
3.216645E+00, 7.697925E-04 
-6.834144E+00, 1.659058E-04 
1.051774E+01, 6.462164E-06 
-4.694796E-01, 1.398527E-03 
-2.440541E+00, 8.517901E-04 
-9.160323E+00, 2.258276E-05 
8.432360E+00, 2.236924E-05 
-3.646890E+00, 9.269481E-04 
5.636235E+00, 1.120467E-04 
9.636663E-01, 1.245935E-03 
-1.513928E-01, 1.624660E-03 
6.807017E-01, 8.001674E-04 
5.076895E+00, 2.668964E-04 
7.340617E+00, 8.420094E-05 
2.808813E+00, 7.816745E-04 
1.856389E+00, 9.836135E-04 
-9.778964E+00, 1.120704E-05 
-2.567028E+00, 1.400362E-03 
-9.935640E+00, 1.390782E-05 
4.963923E-01, 9.211588E-04 
7.988422E-01, 1.016592E-03 
-8.934004E+00, 2.567089E-05 
-3.257388E+00, 9.717171E-04 
3.980678E+00, 5.188351E-04 
8.323098E+00, 2.872544E-05 
1.130863E+01, 4.567609E-06 
1.872794E-02, 1.586684E-03 
-1.183412E+01, 6.257190E-06 
-8.294641E+00, 3.096505E-05 
-9.383709E+00, 1.306019E-05 
-1.032692E+01, 5.948534E-06 
-4.337868E+00, 5.013783E-04 
2.567161E+00, 6.508040E-04 
-2.348052E+00, 9.605707E-04 
2.279546E+00, 7.232065E-04 
7.537999E+00, 7.492532E-05 
6.998878E-01, 8.516472E-04 
-1.826816E+00, 9.364231E-04 
-6.306408E+00, 1.421134E-04 
4.520811E+00, 2.976668E-04 
7.861149E+00, 7.240103E-05 
4.505063E+00, 5.001801E-04 
-9.052984E+00, 1.146191E-05 
-6.536427E+00, 1.426977E-04 
-8.409356E-01, 1.082853E-03 
-2.169750E+00, 1.265219E-03 
-6.123999E+00, 2.483582E-04 
-2.699778E+00, 1.176851E-03 
4.897247E+00, 2.569609E-04 
-8.657520E+00, 2.689016E-05 
1.076361E+01, 5.555287E-06 
5.051881E+00, 2.289717E-04 
-5.365923E+00, 2.724814E-04 
1.106654E+01, 4.261764E-06 
-1.028161E+01, 6.554677E-06 
-7.918692E+00, 3.444027E-05 
-8.569291E+00, 2.604417E-05 
-3.066424E+00, 8.551234E-04 
7.063066E+00, 1.301627E-04 
1.873248E+00, 1.299621E-03 
-9.039699E+00, 1.913844E-05 
1.039335E+00, 1.509307E-03 
-5.427969E+00, 2.094761E-04 
-3.238797E+00, 8.516948E-04 
-6.048498E+00, 2.131761E-04 
-2.267368E+00, 8.218737E-04 
9.867532E+00, 7.792254E-06 
8.867313E+00, 1.562654E-05 
-1.082502E+01, 5.385277E-06 
3.231475E+00, 6.751169E-04 
-9.084550E+00, 1.899346E-05 
-8.864125E-01, 1.368257E-03 
-5.537718E+00, 2.236305E-04 
-7.228800E+00, 7.282926E-05 
-1.173627E+01, 5.872633E-06 
3.989618E+00, 5.075484E-04 
1.187173E+01, 6.759456E-06 
-1.108877E+01, 4.962153E-06 
3.230676E+00, 8.201020E-04 
9.464925E+00, 1.072215E-05 
-2.116774E+00, 1.035715E-03 
6.048008E+00, 1.756437E-04 
3.717579E+00, 9.736935E-04 
4.738308E+00, 3.553306E-04 
6.291440E+00, 1.880873E-04 
-7.857909E+00, 3.546509E-05 
-5.043636E+00, 2.394335E-04 
5.986552E-02, 1.338079E-03 
-4.378802E+00, 3.463255E-04 
-5.921702E+00, 2.484980E-04 
6.901643E+00, 1.586640E-04 
-6.235991E+00, 1.223731E-04 
2.756783E+00, 5.839029E-04 
-3.705867E+00, 1.081683E-03 
-6.359331E+00, 9.623383E-05 
8.948011E+00, 2.485081E-05 
8.985697E-01, 8.601498E-04 
9.759081E+00, 9.104427E-06 
8.082002E+00, 3.443055E-05 
-8.691407E+00, 3.573405E-05 
7.326835E+00, 6.617386E-05 
6.989657E+00, 1.253115E-04 
-1.039641E+01, 8.771199E-06 
1.075920E+01, 4.023936E-06 
1.032407E+01, 6.846289E-06 
-3.817404E-01, 1.712126E-03 
-2.215806E+00, 1.156892E-03 
7.592602E-01, 1.128543E-03 
7.551467E+00, 1.184322E-04 
9.205296E+00, 1.285635E-05 
7.083471E+00, 7.655279E-05 
-4.143027E+00, 3.635441E-04 
-8.183933E+00, 1.901264E-05 
-5.350848E+00, 3.187131E-04 
-7.038356E+00, 8.178062E-05 
4.823871E+00, 4.611330E-04 
5.565905E+00, 1.928997E-04 
6.048464E+00, 3.085484E-04 
-1.137649E+00, 1.161843E-03 
-2.060435E+00, 8.580090E-04 
6.925934E+00, 9.782435E-05 
-3.722863E+00, 1.163782E-03 
-7.755272E-01, 1.166730E-03 
3.263544E+00, 8.068397E-04 
2.662628E+00, 6.467221E-04 
1.004462E+00, 1.240966E-03 
-6.821374E+00, 6.867249E-05 
-7.284524E+00, 5.932398E-05 
4.619723E+00, 3.895828E-04 
-2.598709E+00, 8.340161E-04 
1.541964E+00, 1.141563E-03 
9.127570E+00, 2.878052E-05 
-1.055290E+01, 5.225289E-06 
4.675375E-01, 9.782979E-04 
-8.443526E+00, 3.232211E-05 
8.120886E+00, 2.376248E-05 
1.269252E+00, 9.211588E-04 
8.744465E+00, 2.231698E-05 
7.520607E+00, 4.251399E-05 
6.055395E+00, 1.540155E-04 
-3.660006E+00, 9.259453E-04 
-4.523245E-01, 1.751362E-03 
8.900624E+00, 4.000856E-05 
8.242406E+00, 5.245609E-05 
6.566113E+00, 1.712726E-04 
5.735372E+00, 1.869564E-04 
-8.933431E+00, 1.899346E-05 
-9.401847E+00, 1.123219E-05 
2.302229E+00, 8.549924E-04 
-1.138898E+00, 1.281261E-03 
6.501435E-01, 1.361767E-03 
-3.584388E-01, 1.280385E-03 
-1.245828E+01, 6.881613E-06 
-5.945202E+00, 2.155194E-04 
-2.887836E+00, 1.519804E-03 
-1.060172E+01, 6.009781E-06 
-8.877620E+00, 3.013227E-05 
5.349672E+00, 1.756437E-04 
8.386544E+00, 2.996788E-05 
2.461053E+00, 6.313639E-04 
7.140006E+00, 6.457876E-05 
8.427031E+00, 1.657645E-05 
1.039140E+01, 6.068515E-06 
6.899934E+00, 1.101797E-04 
1.014629E+00, 1.237135E-03 
-7.680838E+00, 7.008397E-05 
-5.085684E+00, 4.086539E-04 
-4.624776E+00, 4.099453E-04 
6.340491E+00, 1.221969E-04 
6.488246E-01, 8.237116E-04 
-8.634340E+00, 1.916257E-05 
-9.746621E+00, 1.355395E-05 
4.311740E+00, 7.058042E-04 
-1.306799E+00, 1.326329E-03 
7.631788E+00, 2.318506E-05 
-5.870131E+00, 1.461496E-04 
-7.514442E+00, 6.196530E-05 
9.890326E+00, 1.156235E-05 
1.105083E+01, 5.497380E-06 
-9.954799E-01, 1.021318E-03 
6.036798E+00, 1.157644E-04 
3.684244E+00, 7.934379E-04 
-9.324514E+00, 1.631481E-05 
2.541309E+00, 7.239729E-04 
-8.300247E+00, 6.798232E-05 
-8.340888E+00, 3.304890E-05 
-9.530250E-01, 1.343200E-03 
-4.409205E+00, 4.298948E-04 
-6.547989E+00, 1.229101E-04 
-6.440694E+00, 7.358532E-05 
4.184725E+00, 5.377734E-04 
-8.187842E+00, 6.931918E-05 
-1.010740E+01, 6.659309E-06 
5.474342E+00, 1.819643E-04 
3.429952E+00, 9.095135E-04 
-6.592000E+00, 1.316640E-04 
1.214138E+00, 1.389981E-03 
2.804133E+00, 7.055639E-04 
-4.534988E+00, 6.074863E-04 
5.057387E-01, 1.294723E-03 
-2.079149E+00, 1.554087E-03 
-4.380738E+00, 4.799318E-04 
-2.464213E+00, 1.000475E-03 
9.685179E+00, 1.086704E-05 
5.253952E+00, 2.704031E-04 
4.230349E+00, 8.526299E-04 
6.609657E+00, 1.490869E-04 
9.507975E+00, 1.608114E-05 
1.420223E+00, 1.274289E-03 
4.924382E-01, 1.235396E-03 
6.770720E+00, 9.794100E-05 
7.430733E+00, 5.527810E-05 
8.712412E+00, 1.705542E-05 
-3.042448E+00, 1.412111E-03 
3.045570E+00, 9.620902E-04 
-9.178293E+00, 1.987620E-05 
-4.093189E+00, 4.857040E-04 
-8.794772E+00, 2.114606E-05 
-7.960739E+00, 3.419833E-05 
-9.181896E+00, 1.350790E-05 
-4.603048E+00, 4.407265E-04 
8.395870E+00, 4.364083E-05 
2.671364E+00, 9.313054E-04 
5.489869E+00, 2.906595E-04 
4.315185E+00, 7.615924E-04 
-4.808706E+00, 5.824106E-04 
-3.743566E+00, 7.680124E-04 
-8.592799E+00, 2.165069E-05 
1.045526E+01, 5.672940E-06 
3.342820E+00, 5.409399E-04 
-1.944037E+00, 1.288243E-03 
-7.376682E+00, 6.907062E-05 
9.157313E+00, 7.157798E-06 
9.797813E+00, 2.116784E-05 
4.217921E-01, 8.567822E-04 
3.684689E+00, 6.274337E-04 
-4.233611E+00, 3.990254E-04 
8.917557E+00, 1.482343E-05 
-2.437289E+00, 8.723295E-04 
8.131405E+00, 2.967706E-05 
-4.553498E+00, 5.795257E-04 
-1.020303E+01, 5.129866E-06 
-1.690889E+00, 1.379453E-03 
2.214323E+00, 1.089933E-03 
4.129612E+00, 4.589976E-04 
-1.042884E+01, 4.757917E-06 
9.427726E+00, 7.157798E-06 
-4.629988E-01, 1.150671E-03 
5.302835E+00, 2.751476E-04 
-1.305971E+00, 1.327275E-03 
5.034780E+00, 4.843186E-04 
-4.047022E+00, 4.602050E-04 
-9.447579E+00, 1.147054E-05 
9.134241E+00, 1.577240E-05 
5.914618E+00, 2.340638E-04 
-5.029434E+00, 3.947465E-04 
-9.826003E-01, 1.254657E-03 
1.005429E+01, 4.261764E-06 
1.017916E+01, 4.845731E-06 
-1.665481E+00, 1.173713E-03 
-3.288856E+00, 8.358233E-04 
4.768453E+00, 3.874306E-04 
4.835357E+00, 4.311788E-04 
-3.660725E+00, 8.493840E-04 
-1.028234E+01, 5.540337E-06 
-7.007382E+00, 7.535979E-05 
-4.562628E+00, 4.407265E-04 
8.793211E+00, 1.574623E-05 
4.026193E+00, 7.849786E-04 
-2.223207E+00, 8.738703E-04 
5.901658E+00, 1.086200E-04 
6.513943E+00, 2.002334E-04 
-6.072785E-02, 8.684049E-04 
5.219096E+00, 2.834787E-04 
-6.864089E-01, 1.322198E-03 
-1.268056E+00, 1.222209E-03 
9.145330E+00, 1.512741E-05 
-9.342104E+00, 1.783074E-05 
-2.460271E+00, 1.278359E-03 
8.380476E+00, 2.441782E-05 
-5.945454E+00, 4.046808E-04 
5.701725E-01, 9.770432E-04 
3.438721E+00, 8.449750E-04 
-9.778975E+00, 1.103834E-05 
-6.451744E+00, 1.091731E-04 
7.034399E+00, 5.955504E-05 
-1.246909E+01, 6.791359E-06 
1.058473E+01, 4.749637E-06 
7.760202E+00, 8.716212E-05 
7.573442E+00, 4.688021E-05 
5.774615E+00, 2.909182E-04 
-9.397960E+00, 1.666775E-05 
2.408666E+00, 7.903674E-04 
-6.081971E+00, 1.268843E-04 
-1.007205E+01, 6.496932E-06 
3.691167E+00, 6.956456E-04 
8.123470E+00, 2.268083E-05 
2.355969E-01, 1.122343E-03 
9.004185E+00, 2.996788E-05 
-9.704769E+00, 2.013847E-05 
-5.997555E-01, 1.317146E-03 
3.168256E+00, 5.197670E-04 
-1.799525E+00, 1.629207E-03 
9.879995E+00, 9.167630E-06 
-6.290427E+00, 1.105077E-04 
1.056824E+01, 5.291960E-06 
-1.764186E+00, 1.441170E-03 
-8.178559E+00, 2.633854E-05 
-9.323077E+00, 9.382733E-06 
-3.247836E+00, 8.419703E-04 
-2.417924E+00, 1.141861E-03 
2.171061E+00, 1.293909E-03 
-7.009160E-01, 1.351636E-03 
-6.067175E+00, 8.879660E-05 
4.999891E-01, 7.915269E-04 
-7.739094E+00, 3.820056E-05 
1.114653E+00, 1.289405E-03 
-5.040951E-01, 1.412957E-03 
9.706340E+00, 1.100490E-05 
-3.069402E+00, 9.313143E-04 
4.950538E+00, 3.184783E-04 
-3.054176E-01, 1.551074E-03 
3.198401E+00, 9.671358E-04 
-8.007756E+00, 2.834978E-05 
-4.570422E+00, 5.445636E-04 
-3.154108E+00, 8.269492E-04 
6.202057E+00, 1.691984E-04 
7.482732E+00, 5.993576E-05 
-1.169000E+01, 4.684855E-06 
2.310584E+00, 8.415537E-04 
-7.186915E+00, 8.511087E-05 
3.003137E+00, 6.172452E-04 
3.690396E+00, 7.767766E-04 
-5.254170E+00, 3.237901E-04 
3.326353E+00, 7.286153E-04 
9.465976E+00, 1.311767E-05 
6.545105E+00, 9.898382E-05 
-5.878954E+00, 2.242632E-04 
-4.081431E+00, 3.064739E-04 
1.220139E+00, 8.709861E-04 
-2.267059E+00, 1.209420E-03 
1.071279E+01, 5.291960E-06 
-1.141749E+01, 4.684855E-06 
-8.939954E+00, 2.734385E-05 
1.913541E+00, 9.718397E-04 
1.947229E+00, 1.107943E-03 
-1.544524E+00, 1.223368E-03 
-9.287627E+00, 1.444492E-05 
-1.493716E+00, 1.321210E-03 
-8.166283E+00, 2.603499E-05 
1.087905E+01, 7.750580E-06 
1.554252E+00, 9.118144E-04 
-6.614429E+00, 1.147746E-04 
2.364294E+00, 7.854011E-04 
-8.022440E+00, 4.338195E-05 
-1.120368E+00, 1.314183E-03 
8.880688E+00, 1.708968E-05 
6.182424E+00, 1.140011E-04 
-6.611115E+00, 9.493046E-05 
-5.452686E+00, 2.177241E-04 
2.115128E+00, 6.426880E-04 
1.164738E+00, 8.315051E-04 
5.761566E+00, 1.653059E-04 
6.294191E-01, 1.239281E-03 
-3.055821E+00, 8.646460E-04 
-2.011083E+00, 1.238295E-03 
2.979727E+00, 7.869158E-04 
1.174013E+01, 7.238711E-06 
3.545705E+00, 6.539848E-04 
9.488709E+00, 1.517428E-05 
1.042991E+01, 5.291960E-06 
-4.071438E+00, 3.253666E-04 
-3.420985E+00, 6.988720E-04 
-1.193558E+00, 1.209420E-03 
8.269772E+00, 4.521195E-05 
-1.119562E+01, 6.217736E-06 
-5.723225E+00, 2.997668E-04 
-7.778473E+00, 6.608349E-05 
8.052606E+00, 2.236924E-05 
-9.192936E-01, 9.154606E-04 
1.069375E+01, 4.920037E-06 
-1.287750E+00, 9.291389E-04 
-8.030406E+00, 3.249426E-05 
-5.914308E+00, 3.569490E-04 
-8.285651E+00, 3.051945E-05 
9.121824E+00, 1.203675E-05 
7.355661E-01, 1.366727E-03 
2.100630E-01, 9.526033E-04 
-4.411972E+00, 4.747153E-04 
-2.491748E-01, 1.551074E-03 
-6.980219E-01, 1.234536E-03 
-6.948397E+00, 8.066294E-05 
-9.900404E+00, 1.645387E-05 
-1.884072E+00, 1.381942E-03 
-2.270298E+00, 8.680875E-04 
-8.040028E+00, 3.407069E-05 
2.382977E+00, 6.507567E-04 
2.635983E+00, 6.882604E-04 
-4.194369E+00, 3.123277E-04 
3.171459E+00, 5.496800E-04 
-6.569507E+00, 7.898321E-05 
5.063170E+00, 1.863765E-04 
-4.770340E+00, 4.308495E-04 
-1.018617E+01, 1.052977E-05 
1.116159E+01, 6.180418E-06 
6.546683E+00, 1.071111E-04 
2.212164E+00, 7.848770E-04 
1.733066E-02, 1.147284E-03 
-1.323374E+01, 8.574795E-06 
5.250762E+00, 1.978840E-04 
-9.639257E+00, 1.146191E-05 
-2.265393E+00, 7.890587E-04 
-8.344229E+00, 3.291601E-05 
6.806941E+00, 1.783362E-04 
-3.684636E+00, 9.995918E-04 
8.305363E-02, 1.637012E-03 
3.327688E+00, 8.212526E-04 
1.092020E+01, 5.313649E-06 
3.335593E+00, 5.511818E-04 
2.636002E+00, 7.528080E-04 
-7.227816E+00, 3.820056E-05 
1.160975E+00, 1.183079E-03 
9.245926E+00, 1.496463E-05 
6.844559E+00, 1.109205E-04 
4.267774E+00, 5.041147E-04 
-5.287373E+00, 3.237901E-04 
-1.850501E+00, 1.041712E-03 
-1.061472E+01, 8.332464E-06 
1.805272E+00, 8.656786E-04 
-7.223491E+00, 5.373076E-05 
8.281562E+00, 2.236924E-05 
-6.959013E+00, 1.018571E-04 
-7.377160E+00, 5.932398E-05 
-5.146671E+00, 2.221122E-04 
-1.189339E+00, 8.644150E-04 
9.045762E+00, 1.547463E-05 
-1.140775E+00, 1.601394E-03 
9.063634E+00, 1.482343E-05 
-1.062075E+01, 8.605586E-06 
-5.796181E+00, 2.659046E-04 
2.246155E-01, 1.044156E-03 
7.680163E+00, 5.305762E-05 
-7.350814E+00, 5.254174E-05 
-1.782693E+00, 1.324269E-03 
-9.195793E+00, 1.260111E-05 
-1.472980E+00, 1.565769E-03 
-5.824072E+00, 2.375172E-04 
-3.948115E+00, 3.064739E-04 
-7.075287E+00, 1.174327E-04 
-1.159250E+00, 1.040036E-03 
1.446443E+00, 7.930575E-04 
7.504418E+00, 5.251915E-05 
4.609341E+00, 3.792340E-04 
3.514927E+00, 5.011691E-04 
8.824603E-01, 9.052704E-04 
5.478232E+00, 2.909627E-04 
-9.742073E+00, 8.432584E-06 
3.655933E-02, 1.326756E-03 
-7.095481E+00, 3.944436E-05 
9.942000E+00, 8.021855E-06 
-3.330204E+00, 6.626680E-04 
-9.102081E+00, 1.769333E-05 
8.490587E+00, 2.457006E-05 
-7.634865E+00, 7.898321E-05 
7.087457E+00, 1.097169E-04 
-9.855393E+00, 8.549583E-06 
1.724313E+00, 1.268659E-03 
1.147605E+01, 5.696792E-06 
7.379582E+00, 7.666022E-05 
8.680408E+00, 2.793242E-05 
2.327596E+00, 6.463521E-04 
2.050619E+00, 1.148506E-03 
1.121488E+01, 6.947229E-06 
1.534927E+00, 8.229320E-04 
-5.409713E+00, 2.441210E-04 
9.283495E+00, 1.305202E-05 
-5.871716E-01, 1.145761E-03 
-4.034129E+00, 3.776877E-04 
-6.968588E+00, 7.282926E-05 
6.593047E-01, 1.352657E-03 
4.690430E+00, 3.565507E-04 
8.260758E+00, 2.409110E-05 
-9.611012E+00, 9.028379E-06 
1.138103E+00, 8.176471E-04 
-1.968049E+00, 9.401850E-04 
7.519486E+00, 8.559788E-05 
9.105150E+00, 1.608114E-05 
-7.063875E+00, 7.938225E-05 
2.518861E+00, 1.074942E-03 
6.871547E-01, 1.234536E-03 
1.626889E+00, 1.280925E-03 
-9.900323E+00, 9.746212E-06 
-8.982062E+00, 3.547666E-05 
-3.936678E+00, 3.732286E-04 
6.899196E+00, 6.434988E-05 
-9.656925E+00, 9.682806E-06 
-7.919615E+00, 2.633854E-05 
4.683947E+00, 3.226120E-04 
-3.877358E+00, 3.312028E-04 
-6.912081E-01, 1.711149E-03 
-5.182897E+00, 2.209352E-04 
2.485905E-01, 1.156215E-03 
9.584455E+00, 1.221348E-05 
-3.460828E+00, 6.267681E-04 
-2.994697E+00, 7.818964E-04 
2.130110E+00, 1.357998E-03 
-1.424192E+00, 1.427102E-03 
7.346066E+00, 5.786674E-05 
-5.964854E+00, 1.984550E-04 
-6.616141E+00, 1.292074E-04 
-1.568137E+00, 8.878700E-04 
3.977763E+00, 8.766721E-04 
4.676171E-01, 7.618877E-04 
1.149112E+01, 5.915180E-06 
-1.088670E+01, 5.363274E-06 
3.375266E+00, 5.865240E-04 
7.026509E+00, 5.313276E-05 
-8.075595E+00, 2.841179E-05 
-7.819874E+00, 4.953860E-05 
2.746182E+00, 6.922937E-04 
4.972303E+00, 3.645012E-04 
-2.043165E+00, 1.254829E-03 
-2.312181E+00, 7.584739E-04 
7.010686E+00, 1.245674E-04 
-4.778266E+00, 4.158152E-04 
7.283482E+00, 1.224705E-04 
3.775204E+00, 6.913464E-04 
-7.493657E+00, 6.071882E-05 
-2.818588E+00, 7.472851E-04 
-8.399631E-01, 1.595681E-03 
1.071908E+01, 4.023936E-06 
-2.814686E+00, 1.024369E-03 
3.825445E+00, 6.935584E-04 
7.578528E+00, 4.590929E-05 
-9.660776E+00, 1.488023E-05 
-7.496741E+00, 4.953860E-05 
-2.262194E+00, 8.211927E-04 
3.063384E+00, 7.585400E-04 
-5.601974E-01, 1.325029E-03 
2.547423E+00, 6.241378E-04 
-4.808468E-01, 1.608742E-03 
2.960248E+00, 6.789756E-04 
-5.920408E+00, 1.018571E-04 
-1.028261E+01, 6.094829E-06 
-3.557752E+00, 1.034379E-03 
6.626808E+00, 1.028735E-04 
-1.022627E+01, 6.193785E-06 
6.115862E+00, 1.107097E-04 
-1.012097E+00, 1.161843E-03 
2.589477E+00, 7.819098E-04 
-6.155813E-01, 1.339377E-03 
9.314606E+00, 1.302023E-05 
7.740159E+00, 3.724149E-05 
9.055481E+00, 1.633668E-05 
-9.536014E+00, 1.143138E-05 
7.798479E+00, 2.568130E-05 
9.031824E+00, 1.121518E-05 
1.018861E+00, 8.754639E-04 
6.428984E+00, 1.890761E-04 
1.626748E-01, 9.025360E-04 
-5.806865E+00, 2.093897E-04 
-3.360490E+00, 7.624055E-04 
2.114108E+00, 1.105607E-03 
7.642866E+00, 9.599660E-05 
-7.234671E+00, 7.421801E-05 
7.544865E+00, 4.832747E-05 
-9.155101E+00, 2.415899E-05 
1.006252E+01, 4.699395E-06 
9.470074E+00, 1.034618E-05 
3.282922E+00, 9.663691E-04 
7.952203E+00, 3.607716E-05 
2.973357E-01, 1.426994E-03 
-6.167097E+00, 1.127641E-04 
3.428828E+00, 5.034166E-04 
2.951216E+00, 7.445831E-04 
7.822966E+00, 4.253242E-05 
8.196010E+00, 2.872904E-05 
3.632472E+00, 7.160639E-04 
3.808889E-01, 9.734310E-04 
-1.974923E+00, 1.212905E-03 
4.980593E+00, 3.073630E-04 
-6.613034E+00, 9.493046E-05 
3.889844E-01, 8.876766E-04 
2.368939E+00, 9.647596E-04 
-5.155613E+00, 4.981492E-04 
2.244469E+00, 1.037301E-03 
6.863971E+00, 1.035811E-04 
-4.994826E+00, 3.735384E-04 
-5.356692E+00, 3.587642E-04 
1.105193E+01, 5.215537E-06 
7.759888E+00, 5.268372E-05 
-9.127101E+00, 1.686517E-05 
-9.798695E+00, 1.080974E-05 
-1.134020E+00, 1.654647E-03 
-1.830078E+00, 1.642519E-03 
-7.619121E+00, 5.089625E-05 
5.976994E-01, 1.140836E-03 
3.139902E+00, 6.274337E-04 
2.763178E+00, 9.189580E-04 
5.450500E+00, 2.224361E-04 
1.938562E+00, 8.719627E-04 
-1.437017E+00, 1.573888E-03 
5.352496E+00, 2.514453E-04 
7.835856E+00, 3.035119E-05 
1.061333E+00, 1.449694E-03 
-4.186440E+00, 1.060482E-03 
-8.230528E+00, 3.026608E-05 
1.839458E+00, 7.710711E-04 
7.648261E-01, 1.284812E-03 
6.611579E+00, 1.379124E-04 
-7.468173E+00, 5.196677E-05 
-1.113362E+00, 1.240121E-03 
7.692374E+00, 6.102368E-05 
-4.156251E+00, 6.104734E-04 
-3.746916E+00, 1.112686E-03 
1.031325E+01, 6.166408E-06 
3.284995E+00, 5.077999E-04 
9.735490E+00, 6.575639E-06 
3.833313E+00, 4.586498E-04 
2.781527E+00, 8.425785E-04 
-3.814257E+00, 8.412211E-04 
-3.354886E+00, 1.146690E-03 
1.309827E+00, 7.856347E-04 
-1.521353E-01, 1.697103E-03 
-7.569124E-01, 1.695189E-03 
-3.940334E+00, 5.800289E-04 
3.849519E+00, 5.065665E-04 
-1.458572E+00, 9.133901E-04 
-4.968801E+00, 2.345646E-04 
-2.122088E+00, 8.249302E-04 
-1.635884E+00, 1.297679E-03 
1.265683E+00, 1.063426E-03 
1.661821E+00, 1.140037E-03 
5.454117E+00, 2.711516E-04 
3.099746E+00, 8.230652E-04 
3.116421E+00, 8.013129E-04 
-4.255540E-01, 1.342666E-03 
-1.023733E+01, 5.974213E-06 
6.302295E+00, 1.423121E-04 
-2.355273E+00, 8.909304E-04 
8.597186E+00, 2.847145E-05 
1.554972E+00, 1.155838E-03 
6.692332E+00, 1.175817E-04 
1.473430E+00, 1.465582E-03 
5.010228E-01, 1.162989E-03 
-5.326129E+00, 2.188270E-04 
-2.353080E+00, 8.091071E-04 
1.113327E+01, 6.718917E-06 
1.203613E+01, 4.933798E-06 
1.012847E+01, 5.577132E-06 
-9.530347E-01, 1.714300E-03 
-3.032047E+00, 1.189508E-03 
9.778912E+00, 8.731294E-06 
-6.708189E+00, 9.493046E-05 
1.045899E+01, 4.637040E-06 
-8.232735E+00, 2.777803E-05 
5.259645E+00, 1.951433E-04 
3.067943E+00, 7.737080E-04 
8.876681E+00, 4.201043E-05 
-2.973416E+00, 1.193132E-03 
-6.740816E+00, 1.214742E-04 
3.163293E-01, 8.877828E-04 
-1.949544E+00, 1.470973E-03 
4.138464E+00, 3.605297E-04 
-6.565041E+00, 1.229874E-04 
4.848579E+00, 4.011473E-04 
9.783326E+00, 7.792254E-06 
9.773198E+00, 1.262987E-05 
1.171700E+01, 4.645949E-06 
-5.472127E+00, 2.167320E-04 
1.222459E+00, 1.238230E-03 
-3.836836E-01, 1.337111E-03 
4.075780E+00, 3.995988E-04 
4.454534E+00, 4.473965E-04 
9.484530E+00, 1.545545E-05 
1.144326E+01, 4.284666E-06 
-1.653290E+00, 1.282165E-03 
-4.587412E+00, 5.577099E-04 
6.488615E+00, 1.693507E-04 
5.461780E+00, 2.670206E-04 
-4.407166E+00, 3.104947E-04 
-5.996604E+00, 1.236925E-04 
-7.046041E+00, 3.839200E-05 
-3.387723E+00, 8.525692E-04 
-1.000790E+00, 1.319393E-03 
-5.642793E+00, 2.094761E-04 
8.398201E+00, 1.609464E-05 
-8.419559E+00, 1.931251E-05 
-2.011388E+00, 1.304697E-03 
6.597108E+00, 1.307438E-04 
-7.071631E+00, 1.382581E-04 
-8.659225E+00, 2.604417E-05 
-1.197509E+00, 9.771138E-04 
-3.849942E+00, 3.683997E-04 
3.620379E+00, 7.039921E-04 
2.127930E+00, 6.489498E-04 
1.868374E+00, 8.575951E-04 
4.226225E+00, 4.218263E-04 
1.393703E+00, 7.930575E-04 
-7.727410E+00, 2.165936E-05 
1.813201E+00, 1.074213E-03 
1.370588E+00, 1.265753E-03 
-6.406884E+00, 1.198375E-04 
-1.631858E+00, 1.419928E-03 
6.858283E+00, 6.274574E-05 
3.527332E+00, 7.156257E-04 
-5.074743E+00, 4.120997E-04 
-3.595192E+00, 6.926510E-04 
8.309144E+00, 3.090194E-05 
-1.065085E+01, 4.979179E-06 
-7.130441E+00, 5.882800E-05 
6.402842E+00, 1.028735E-04 
-6.569922E+00, 1.148861E-04 
3.326440E-01, 8.876766E-04 
3.329708E+00, 5.511818E-04 
-1.302652E+00, 9.737482E-04 
1.160048E+00, 1.202218E-03 
3.449281E+00, 5.865240E-04 
-2.653423E+00, 1.394496E-03 
-8.391837E+00, 3.553304E-05 
-5.781591E+00, 2.993744E-04 
5.964589E-01, 8.516472E-04 
7.278102E+00, 7.270150E-05 
3.014115E+00, 7.865418E-04 
-1.523839E+00, 1.326233E-03 
1.412021E+00, 7.990228E-04 
5.099453E+00, 2.103426E-04 
-4.588359E+00, 5.250229E-04 
5.448445E+00, 1.764544E-04 
-5.969748E+00, 2.598939E-04 
7.671003E+00, 8.337109E-05 
9.503034E+00, 6.379702E-06 
5.464987E+00, 2.158085E-04 
-5.973658E+00, 2.453102E-04 
-3.658694E+00, 8.389148E-04 
8.651331E+00, 3.278268E-05 
-1.170980E+01, 5.685464E-06 
-3.411331E+00, 1.108296E-03 
-6.123625E+00, 1.060476E-04 
-3.636336E+00, 7.035982E-04 
9.233474E+00, 1.192342E-05 
9.650187E+00, 1.080640E-05 
-7.893405E+00, 7.238679E-05 
4.339720E+00, 5.252733E-04 
6.402869E+00, 1.540155E-04 
-8.399901E+00, 2.258276E-05 
1.195939E+00, 8.522130E-04 
1.078564E+01, 5.313649E-06 
-4.244253E+00, 4.513661E-04 
-1.074821E+01, 8.549583E-06 
-3.751069E+00, 8.435629E-04 
-8.384262E+00, 2.292382E-05 
4.855251E+00, 3.798484E-04 
7.772451E+00, 6.173164E-05 
2.215705E+00, 5.792644E-04 
-7.952069E+00, 6.406112E-05 
1.104145E+01, 4.284666E-06 
-1.227706E+00, 1.537399E-03 
1.036152E+01, 4.567609E-06 
9.046900E+00, 4.247198E-05 
7.649178E+00, 6.177940E-05 
-3.189498E+00, 7.971182E-04 
-6.013786E+00, 1.304710E-04 
1.009517E+01, 1.070204E-05 
7.771293E+00, 8.180680E-05 
-6.379049E+00, 1.166463E-04 
-6.918267E+00, 1.027922E-04 
-6.605383E+00, 1.445450E-04 
4.434233E+00, 3.486034E-04 
7.043198E+00, 5.602335E-05 
8.273432E+00, 2.901415E-05 
6.121183E+00, 1.184322E-04 
-3.392066E+00, 8.340161E-04 
-9.722918E+00, 7.011002E-06 
-1.235574E+01, 6.094829E-06 
-9.876730E+00, 9.308262E-06 
-3.610299E-02, 1.568051E-03 
-1.060237E+01, 4.875011E-06 
-1.134987E+01, 4.875011E-06 
-1.014207E+01, 8.432584E-06 
-1.044812E+01, 4.608365E-06 
-7.219489E+00, 6.788148E-05 
-8.257846E+00, 2.970579E-05 
-8.504460E+00, 2.437644E-05 
-8.011373E+00, 5.161959E-05 
-7.975623E+00, 3.542348E-05 
-8.683106E+00, 3.444027E-05 
-8.281090E+00, 3.026608E-05 
-8.226138E+00, 2.916020E-05 
-7.963315E+00, 2.495649E-05 
-8.003682E+00, 1.913844E-05 
-8.141015E+00, 3.611180E-05 
-6.542758E+00, 1.426977E-04 
-1.020767E+01, 9.790771E-06 
-1.015554E+01, 8.332464E-06 
-9.955234E+00, 7.469132E-06 
-9.157477E+00, 1.440069E-05 
-9.079806E+00, 1.171092E-05 
-7.102280E+00, 6.145505E-05 
-7.238189E+00, 6.080393E-05 
-7.082361E+00, 5.065384E-05 
-4.334758E+00, 4.857040E-04 
-2.833168E+00, 7.472851E-04 
-1.137953E+00, 1.040036E-03 
-1.384304E+00, 1.022296E-03 
-1.133980E+00, 9.997876E-04 
-1.121661E+00, 9.154606E-04 
-1.307285E+00, 8.615113E-04 
-1.653239E+00, 8.488302E-04 
-2.002075E-02, 9.526033E-04 
-2.344707E-03, 8.684049E-04 
4.703893E-01, 7.627490E-04 
5.927459E-01, 7.618877E-04 
4.570197E-01, 7.532906E-04 
8.586540E-01, 7.501914E-04 
5.438214E+00, 2.514453E-04 
5.043840E+00, 2.289717E-04 
5.021307E+00, 2.250229E-04 
5.026697E+00, 2.069643E-04 
5.286670E+00, 1.996303E-04 
5.265086E+00, 1.863765E-04 
7.281627E+00, 7.270150E-05 
7.166821E+00, 6.617386E-05 
7.207136E+00, 6.457876E-05 
7.054635E+00, 6.434988E-05 
6.977260E+00, 6.283694E-05 
1.009462E+01, 4.969452E-06 
1.021429E+01, 4.889227E-06 
1.003490E+01, 4.756837E-06 
1.087980E+01, 3.925262E-06 
