2.670319E+00, 1.123223E-03 
5.905321E+00, 2.047232E-04 
-9.214593E+00, 1.922767E-05 
-2.076386E+00, 8.297679E-04 
6.370740E+00, 1.985179E-04 
-3.057111E+00, 7.434230E-04 
2.700003E+00, 1.423525E-03 
3.517116E+00, 4.189849E-04 
-4.178875E+00, 6.306852E-04 
-2.238730E-01, 1.241632E-03 
8.803817E+00, 3.932008E-05 
1.966784E+00, 1.380840E-03 
5.724406E+00, 1.413751E-04 
-3.482928E+00, 6.789827E-04 
1.011423E+01, 4.836967E-06 
-7.266682E+00, 4.623500E-05 
8.673119E+00, 2.696515E-05 
9.079628E+00, 8.311607E-06 
-6.253544E+00, 2.294383E-04 
1.064919E+01, 4.746069E-06 
-6.566800E+00, 1.183315E-04 
-1.012678E+01, 9.850406E-06 
-5.962941E+00, 1.776572E-04 
-7.265095E+00, 6.536475E-05 
-6.919397E+00, 6.771653E-05 
-6.616543E+00, 8.992585E-05 
-2.150702E+00, 9.696580E-04 
-7.128284E+00, 9.839800E-05 
-3.755395E-01, 7.226231E-04 
-3.519657E-01, 1.058337E-03 
9.588071E-01, 8.175581E-04 
-4.149367E+00, 3.315658E-04 
1.068996E+01, 4.561708E-06 
5.254928E+00, 1.905406E-04 
1.230695E+00, 9.900516E-04 
-2.759341E+00, 1.096281E-03 
-9.515449E-01, 1.098465E-03 
-3.443507E+00, 8.167574E-04 
-9.917898E+00, 1.059039E-05 
7.300298E+00, 6.053131E-05 
-2.844711E-01, 7.192496E-04 
-2.933172E+00, 1.144175E-03 
4.385818E+00, 5.153771E-04 
9.491707E+00, 1.012330E-05 
-5.470466E-01, 8.463974E-04 
1.326525E+00, 1.391565E-03 
2.862553E-01, 1.241948E-03 
-8.103402E+00, 3.605931E-05 
-4.247640E+00, 6.163075E-04 
-7.358308E+00, 4.980899E-05 
4.312585E-01, 1.077351E-03 
1.975881E+00, 1.355788E-03 
-5.134703E-01, 7.515720E-04 
-7.521244E+00, 6.183961E-05 
2.786739E+00, 8.389990E-04 
2.166060E-01, 1.020434E-03 
-9.068563E+00, 2.935569E-05 
1.108735E-01, 6.825945E-04 
-2.481791E+00, 1.058285E-03 
8.506302E+00, 2.922026E-05 
6.791630E+00, 1.398811E-04 
2.865166E+00, 8.703752E-04 
-1.162495E+01, 4.046145E-06 
-7.934103E+00, 4.341390E-05 
9.684728E+00, 4.879016E-06 
-5.913332E+00, 4.059097E-04 
-1.204389E+01, 7.644821E-06 
-2.580148E+00, 8.932698E-04 
-3.369212E+00, 7.170932E-04 
3.435157E+00, 5.923209E-04 
7.179745E+00, 6.391112E-05 
-9.651733E+00, 1.412973E-05 
-9.630309E+00, 7.518228E-06 
-1.929853E+00, 8.932698E-04 
-1.127120E+01, 4.473522E-06 
-4.328729E+00, 4.519243E-04 
-8.329733E+00, 3.167302E-05 
9.345086E+00, 1.706887E-05 
-7.335557E+00, 6.175335E-05 
-2.484879E+00, 1.234816E-03 
-5.916756E+00, 2.438402E-04 
8.001748E+00, 3.271502E-05 
1.053709E+00, 7.897832E-04 
9.573274E+00, 1.033383E-05 
-3.313784E+00, 1.268973E-03 
8.563206E+00, 2.420717E-05 
6.052362E+00, 2.158666E-04 
-7.554202E+00, 5.385432E-05 
2.937031E+00, 8.395957E-04 
3.980190E+00, 5.804530E-04 
-3.941661E+00, 3.396046E-04 
9.018519E+00, 1.182363E-05 
5.624443E+00, 1.792222E-04 
-8.233681E-01, 1.241958E-03 
3.207057E-02, 1.074023E-03 
-6.077523E-01, 8.308524E-04 
-6.463022E+00, 1.023143E-04 
-1.557391E+00, 8.669703E-04 
-3.715522E+00, 7.721673E-04 
-1.072049E+00, 1.270600E-03 
5.498630E+00, 2.497247E-04 
-5.867867E+00, 2.477333E-04 
-4.989352E+00, 3.198503E-04 
-9.732177E+00, 8.049848E-06 
1.717222E+00, 9.250904E-04 
1.004301E+01, 9.584730E-06 
-1.934405E+00, 8.947056E-04 
-9.076015E+00, 3.642488E-05 
6.383196E+00, 2.554024E-04 
-3.892156E-01, 9.804617E-04 
6.813123E+00, 2.446216E-04 
9.586223E+00, 1.107318E-05 
1.055311E+01, 5.229952E-06 
-7.344166E-01, 9.844987E-04 
-2.034053E+00, 8.633268E-04 
6.801151E+00, 1.717433E-04 
1.819186E+00, 1.024005E-03 
-8.171169E+00, 2.826910E-05 
9.998349E+00, 4.836967E-06 
-3.753906E+00, 6.871282E-04 
1.017788E+01, 4.372335E-06 
-5.665784E+00, 3.384789E-04 
8.045237E+00, 5.104092E-05 
-6.358215E+00, 1.390532E-04 
4.983026E+00, 4.706749E-04 
4.707287E+00, 2.893046E-04 
2.843392E+00, 7.638744E-04 
3.136703E-01, 1.301801E-03 
-2.307513E+00, 8.547272E-04 
-8.385826E+00, 2.547728E-05 
-3.025200E-01, 7.522803E-04 
-3.943118E-01, 9.363931E-04 
-7.817230E+00, 4.528511E-05 
6.423110E+00, 1.380823E-04 
5.390546E+00, 2.530370E-04 
9.947268E+00, 4.683579E-06 
1.644502E+00, 1.020832E-03 
-3.391681E+00, 1.127388E-03 
8.126730E+00, 1.365445E-04 
6.944815E+00, 6.047372E-05 
8.286456E+00, 3.624260E-05 
-4.824431E+00, 5.574292E-04 
1.912674E+00, 8.631352E-04 
1.111943E+01, 5.229952E-06 
-5.287639E+00, 2.652136E-04 
8.892939E+00, 3.204953E-05 
-7.423931E+00, 8.218011E-05 
-2.919394E+00, 8.080325E-04 
-1.006509E+01, 6.875565E-06 
3.939866E+00, 4.040945E-04 
3.263571E+00, 6.410371E-04 
-2.538268E+00, 1.041944E-03 
6.503647E+00, 1.422502E-04 
-9.284032E+00, 1.705674E-05 
-3.799888E-01, 1.238097E-03 
4.403104E+00, 4.899764E-04 
5.061833E-01, 1.616621E-03 
3.713983E+00, 6.594937E-04 
8.970958E+00, 2.414556E-05 
2.915188E+00, 5.719962E-04 
-3.615659E+00, 7.940909E-04 
-8.584869E-01, 1.091948E-03 
3.184178E+00, 8.262474E-04 
1.331475E+00, 8.128297E-04 
-2.630191E+00, 1.269719E-03 
1.057134E+01, 8.510741E-06 
-5.902010E+00, 2.908561E-04 
-8.819154E-01, 7.338774E-04 
-2.976609E+00, 9.543514E-04 
1.596035E+00, 8.715823E-04 
7.134204E+00, 6.914497E-05 
2.459559E+00, 1.147222E-03 
2.692753E+00, 1.169602E-03 
-3.872247E+00, 1.063191E-03 
4.984775E+00, 2.220531E-04 
2.143909E+00, 1.242717E-03 
-4.383353E+00, 6.695424E-04 
7.764926E+00, 6.244883E-05 
-3.913917E+00, 8.212110E-04 
-3.194365E+00, 7.721673E-04 
2.137640E+00, 1.274500E-03 
-5.284595E-01, 6.987326E-04 
9.987359E+00, 7.217326E-06 
-5.990361E+00, 2.294383E-04 
3.856419E+00, 5.710764E-04 
7.018727E+00, 2.195215E-04 
7.910377E+00, 7.174868E-05 
1.822177E+00, 8.634261E-04 
1.087622E+01, 4.808164E-06 
2.699478E+00, 1.373812E-03 
-9.383607E+00, 1.491774E-05 
-7.493450E+00, 1.443379E-04 
1.231163E+00, 9.013838E-04 
1.881343E+00, 9.204690E-04 
-8.695155E+00, 3.815809E-05 
-4.319914E+00, 4.941532E-04 
-7.743900E+00, 7.482542E-05 
-4.236952E+00, 5.474591E-04 
7.404941E+00, 1.023684E-04 
-4.868361E+00, 4.816184E-04 
-1.003063E+01, 1.440159E-05 
-5.813118E+00, 2.330003E-04 
1.754061E+00, 1.149253E-03 
2.172719E+00, 1.093715E-03 
1.047273E+01, 5.879253E-06 
-1.499855E-02, 8.043491E-04 
-7.032186E+00, 8.549724E-05 
-1.567771E+00, 8.809103E-04 
-1.035763E+01, 5.304999E-06 
3.789252E-01, 1.323453E-03 
-7.913509E+00, 6.712598E-05 
-9.364725E+00, 9.008777E-06 
-2.587814E+00, 1.167289E-03 
6.488184E+00, 1.379452E-04 
6.135542E+00, 2.520155E-04 
-1.325142E+00, 1.272925E-03 
-5.368010E+00, 2.330003E-04 
5.388784E+00, 1.469339E-04 
6.872954E+00, 1.679172E-04 
2.199564E+00, 9.268961E-04 
4.426320E+00, 7.065360E-04 
-4.488435E+00, 5.152135E-04 
7.484101E+00, 7.010901E-05 
-4.180787E-01, 9.416816E-04 
-5.524538E+00, 2.958232E-04 
-1.208944E+00, 1.450892E-03 
-4.893739E+00, 3.487580E-04 
3.896579E+00, 5.875005E-04 
-1.048131E+00, 1.281474E-03 
3.250707E+00, 6.214069E-04 
7.367449E+00, 6.543003E-05 
-4.603373E+00, 5.018932E-04 
6.981519E+00, 2.237092E-04 
-8.807991E+00, 3.706519E-05 
-8.130461E+00, 3.399889E-05 
2.594339E+00, 7.191659E-04 
5.653740E+00, 2.391193E-04 
-9.375693E+00, 1.844767E-05 
1.415962E+00, 8.406524E-04 
-8.304986E+00, 2.441716E-05 
3.652824E+00, 6.422891E-04 
8.514935E+00, 3.553341E-05 
7.705523E+00, 6.766742E-05 
-4.298600E+00, 6.223076E-04 
-2.737023E+00, 1.040289E-03 
-8.981207E+00, 1.352481E-05 
3.345010E+00, 5.478806E-04 
4.150077E+00, 4.085315E-04 
-1.253756E+00, 1.699198E-03 
6.359491E+00, 1.507042E-04 
-5.713980E+00, 2.771486E-04 
6.077449E+00, 2.278509E-04 
1.466642E+00, 9.259033E-04 
-4.255039E+00, 5.158135E-04 
4.291446E+00, 5.347272E-04 
-1.048453E+01, 6.964690E-06 
2.142567E+00, 9.852125E-04 
9.630295E+00, 1.012330E-05 
7.971307E+00, 8.905110E-05 
6.680377E+00, 2.276447E-04 
2.968636E+00, 9.783994E-04 
-7.693739E+00, 5.465122E-05 
-3.159268E+00, 7.177579E-04 
1.270943E+01, 5.762396E-06 
-6.484351E+00, 1.143348E-04 
2.779354E-01, 8.923169E-04 
1.815975E+00, 1.006046E-03 
3.141718E+00, 7.247580E-04 
-6.755537E+00, 1.235067E-04 
3.108380E+00, 7.408026E-04 
6.310080E+00, 1.590946E-04 
-5.080735E+00, 3.002416E-04 
-8.342436E+00, 3.910738E-05 
-3.480563E+00, 7.032474E-04 
5.407249E+00, 2.285789E-04 
2.182784E+00, 1.220594E-03 
7.837376E+00, 5.203531E-05 
-1.014051E+01, 7.518228E-06 
4.655867E+00, 5.534378E-04 
8.806486E+00, 3.109942E-05 
-3.052183E-01, 6.610576E-04 
9.360033E+00, 1.185142E-05 
-6.614378E+00, 1.511147E-04 
-1.928183E+00, 1.356239E-03 
9.173306E-01, 1.241009E-03 
1.017626E+01, 6.480438E-06 
7.432337E+00, 3.649162E-05 
6.608106E+00, 1.985179E-04 
9.884446E+00, 5.974311E-06 
-7.985916E+00, 3.401529E-05 
-3.801281E+00, 9.939372E-04 
1.046415E+01, 5.168535E-06 
-7.121757E+00, 6.908224E-05 
-1.334499E+00, 9.274720E-04 
6.603292E+00, 1.999427E-04 
-1.559234E+00, 1.134684E-03 
-6.451872E+00, 1.504812E-04 
5.545508E+00, 1.343015E-04 
7.980739E+00, 4.172193E-05 
1.199850E+01, 6.890529E-06 
-9.256823E+00, 1.310501E-05 
7.387032E+00, 1.148925E-04 
-1.168149E+01, 7.867113E-06 
8.481960E+00, 3.341399E-05 
-4.489281E+00, 4.054280E-04 
1.149391E+00, 9.259033E-04 
-7.921155E+00, 3.359897E-05 
-9.175540E+00, 2.895496E-05 
2.927028E+00, 1.077807E-03 
-3.405385E+00, 8.167574E-04 
-3.695032E+00, 7.867165E-04 
7.562183E+00, 5.765558E-05 
3.059951E+00, 5.153771E-04 
8.456744E+00, 3.278542E-05 
1.230756E+00, 1.038627E-03 
-9.329082E-01, 1.299963E-03 
-4.070111E+00, 4.243372E-04 
3.835367E+00, 5.082587E-04 
7.192282E+00, 8.059586E-05 
3.609256E+00, 7.725496E-04 
-1.004859E+01, 1.380244E-05 
-3.481737E+00, 8.254090E-04 
2.480828E+00, 1.126050E-03 
-8.652464E+00, 3.193356E-05 
1.285792E+00, 1.298710E-03 
4.871795E+00, 5.939629E-04 
-7.096516E+00, 6.795244E-05 
3.260400E+00, 1.301438E-03 
-5.551890E+00, 2.585942E-04 
8.349028E+00, 3.093633E-05 
1.015364E+01, 7.098284E-06 
8.215337E+00, 3.109942E-05 
5.986914E+00, 2.620055E-04 
-1.013048E+01, 4.879419E-06 
3.648765E+00, 7.256268E-04 
2.977857E+00, 5.471942E-04 
-8.474252E+00, 3.754356E-05 
3.069848E+00, 1.173594E-03 
1.068233E+01, 5.467212E-06 
-9.432251E+00, 1.364335E-05 
1.042536E+01, 4.683579E-06 
-1.350724E+00, 8.388220E-04 
-4.259902E+00, 3.254296E-04 
-7.642680E+00, 7.164966E-05 
1.035310E+01, 6.305432E-06 
-1.006579E+01, 7.051003E-06 
9.646204E+00, 1.944222E-05 
-3.051945E+00, 8.427025E-04 
7.484302E+00, 7.572821E-05 
-1.011405E+01, 7.165875E-06 
8.761024E+00, 2.921276E-05 
-8.423862E+00, 3.840514E-05 
-8.019548E+00, 7.710189E-05 
7.696286E-01, 8.832295E-04 
9.551460E+00, 1.192811E-05 
4.973000E+00, 2.518230E-04 
4.111768E+00, 4.724672E-04 
-3.383098E+00, 8.542168E-04 
4.450842E+00, 3.782011E-04 
-8.776717E+00, 2.931100E-05 
8.338990E+00, 3.058749E-05 
-1.240061E+00, 8.206067E-04 
-9.443662E+00, 1.360247E-05 
9.453359E+00, 1.471035E-05 
-7.079387E+00, 1.270075E-04 
-5.970600E+00, 2.937318E-04 
1.056754E+01, 4.535551E-06 
4.639040E+00, 3.268986E-04 
-6.145369E+00, 1.776572E-04 
-4.269347E+00, 4.429578E-04 
1.186198E+00, 1.315014E-03 
-8.118823E+00, 4.043250E-05 
-8.394706E+00, 2.755874E-05 
1.098561E+00, 1.003826E-03 
1.119052E+01, 5.081776E-06 
-4.221200E+00, 6.276889E-04 
2.083336E+00, 1.346999E-03 
8.540731E+00, 3.353419E-05 
-6.630906E+00, 8.773148E-05 
-6.534212E+00, 1.541498E-04 
-3.768950E+00, 7.170932E-04 
-1.018663E+01, 6.290872E-06 
-1.095712E+01, 6.967533E-06 
-8.924266E+00, 1.660924E-05 
1.554891E+00, 7.064427E-04 
3.078687E+00, 5.923209E-04 
3.606499E+00, 5.682675E-04 
-9.726510E-01, 1.025243E-03 
1.431684E+00, 9.709815E-04 
4.189653E+00, 5.069436E-04 
-3.604916E+00, 9.711478E-04 
-6.859978E+00, 1.151884E-04 
-2.185715E+00, 1.129863E-03 
7.055784E+00, 6.651120E-05 
5.760868E-01, 1.426466E-03 
-4.066816E+00, 8.443695E-04 
3.841009E+00, 5.915266E-04 
2.026453E+00, 1.225927E-03 
1.673493E-01, 8.629098E-04 
-3.247817E+00, 7.163111E-04 
-3.391139E+00, 7.754424E-04 
8.614710E+00, 2.713977E-05 
9.076872E+00, 1.575735E-05 
-2.294172E+00, 8.809281E-04 
6.760639E-02, 8.736313E-04 
-4.085540E+00, 4.660006E-04 
-3.651599E+00, 8.854014E-04 
9.190879E+00, 1.411254E-05 
4.409540E+00, 4.998736E-04 
6.993198E+00, 2.439858E-04 
5.130227E+00, 1.424273E-04 
5.191127E+00, 1.428703E-04 
-6.381613E+00, 1.105368E-04 
-2.774855E+00, 7.589421E-04 
7.090102E+00, 5.592738E-05 
-2.016227E+00, 8.923264E-04 
-8.353269E+00, 4.272890E-05 
6.729916E+00, 2.212861E-04 
8.343304E+00, 3.717359E-05 
6.063292E+00, 2.082643E-04 
4.260957E+00, 5.823861E-04 
-8.631335E+00, 2.745357E-05 
-5.600880E+00, 3.694666E-04 
3.556426E+00, 6.893406E-04 
6.194120E+00, 2.085383E-04 
3.032113E-01, 1.613479E-03 
-2.902419E+00, 8.456969E-04 
-6.919170E+00, 6.259721E-05 
-1.040142E+01, 6.552506E-06 
9.536406E+00, 1.012330E-05 
-4.918143E+00, 4.493968E-04 
2.767174E+00, 1.028869E-03 
9.129601E+00, 1.944222E-05 
-3.732895E+00, 1.257716E-03 
-2.459607E+00, 1.396422E-03 
-2.479871E+00, 9.074286E-04 
-8.221121E+00, 3.927601E-05 
4.524899E+00, 3.591595E-04 
-6.688889E+00, 1.365307E-04 
-9.119376E+00, 1.769124E-05 
-5.618559E+00, 4.170048E-04 
6.614160E+00, 1.589845E-04 
5.539148E+00, 2.535926E-04 
2.101718E+00, 1.215531E-03 
-4.936897E+00, 2.814731E-04 
-4.710211E+00, 3.315658E-04 
9.509202E+00, 1.451153E-05 
8.166345E+00, 4.200777E-05 
-7.634227E+00, 5.073014E-05 
-1.581421E+00, 9.307646E-04 
-2.712014E+00, 1.463853E-03 
4.337131E-01, 1.472111E-03 
-1.162768E-01, 7.749564E-04 
-9.431357E+00, 1.295534E-05 
8.969604E+00, 3.156626E-05 
-1.226194E-01, 7.052914E-04 
2.710239E+00, 4.852950E-04 
5.597835E+00, 1.467943E-04 
-4.657918E+00, 4.944617E-04 
1.105479E+01, 5.469406E-06 
2.754115E+00, 9.410400E-04 
-3.908882E+00, 9.972348E-04 
9.605896E+00, 1.540482E-05 
6.753289E-01, 1.064763E-03 
-4.589744E+00, 6.389430E-04 
-7.280761E+00, 4.902101E-05 
7.975374E+00, 3.802695E-05 
-6.344207E+00, 7.951545E-05 
8.714957E-01, 1.635241E-03 
-9.277426E+00, 1.737826E-05 
-5.171135E+00, 3.480360E-04 
-8.153494E+00, 5.503499E-05 
6.582648E-02, 1.146662E-03 
7.996898E+00, 7.405646E-05 
-2.984323E-01, 7.636505E-04 
4.791800E+00, 5.025696E-04 
-9.132279E+00, 3.033902E-05 
7.285306E+00, 1.060999E-04 
1.595886E+00, 1.106873E-03 
9.186764E+00, 1.601343E-05 
-5.147223E+00, 3.830125E-04 
7.519107E+00, 7.338982E-05 
-4.963845E+00, 6.052542E-04 
-7.422507E+00, 8.114066E-05 
-5.203908E+00, 4.638689E-04 
-5.408804E+00, 2.470766E-04 
3.122166E+00, 8.857002E-04 
-3.700522E+00, 6.479212E-04 
-3.520781E+00, 7.886034E-04 
6.745251E+00, 1.442439E-04 
5.090573E+00, 3.908779E-04 
-7.300222E+00, 7.736460E-05 
-4.583325E+00, 3.701336E-04 
8.589713E+00, 2.953072E-05 
4.069086E+00, 7.528620E-04 
5.600884E+00, 1.527810E-04 
-4.621676E+00, 4.235080E-04 
1.572629E+00, 7.580740E-04 
4.309293E+00, 3.569980E-04 
8.066504E+00, 2.925403E-05 
5.010260E+00, 2.244005E-04 
-4.495667E+00, 6.522026E-04 
-9.635550E+00, 1.093277E-05 
2.034397E+00, 1.362784E-03 
1.006688E+01, 4.304253E-06 
8.930531E-01, 1.005646E-03 
2.688460E+00, 1.158241E-03 
9.447666E+00, 1.499429E-05 
-6.370964E+00, 1.113902E-04 
-7.571249E+00, 7.075658E-05 
-2.455949E+00, 1.247326E-03 
-9.878774E+00, 7.266674E-06 
-5.423146E+00, 4.378399E-04 
-7.796977E+00, 5.553568E-05 
8.479885E+00, 7.472600E-05 
-9.176971E+00, 7.165875E-06 
-5.389476E+00, 2.696271E-04 
-3.630446E+00, 1.196393E-03 
-5.775027E+00, 3.662433E-04 
1.009378E+01, 5.801674E-06 
-2.154809E+00, 1.173828E-03 
8.364968E+00, 2.410433E-05 
-9.697943E+00, 7.311595E-06 
2.544961E+00, 7.723017E-04 
-9.113173E+00, 3.549761E-05 
-8.365664E+00, 3.310563E-05 
-5.756038E+00, 3.365494E-04 
-1.067523E+01, 4.007350E-06 
7.978120E+00, 4.182458E-05 
9.886036E+00, 4.549310E-06 
-6.182193E+00, 1.322177E-04 
1.088666E+01, 4.850109E-06 
3.275089E+00, 6.891622E-04 
6.181190E+00, 1.445886E-04 
-5.321593E+00, 2.674500E-04 
3.890768E+00, 5.569517E-04 
5.018923E+00, 2.692362E-04 
6.980004E+00, 2.345076E-04 
2.498770E+00, 1.479042E-03 
-1.973089E+00, 1.422237E-03 
6.335969E+00, 1.376430E-04 
4.421280E+00, 3.939213E-04 
-1.152429E+01, 4.988029E-06 
3.565027E+00, 8.272252E-04 
-2.018003E+00, 1.114909E-03 
-2.392844E-01, 1.023490E-03 
5.481777E+00, 1.336472E-04 
-6.665358E+00, 8.379149E-05 
-7.350091E+00, 5.871482E-05 
6.596839E+00, 1.575468E-04 
-1.155578E+00, 9.250904E-04 
1.830818E-01, 1.227100E-03 
2.103220E+00, 1.213846E-03 
2.391522E+00, 7.811728E-04 
-6.423574E+00, 1.392706E-04 
9.712845E+00, 7.422054E-06 
-1.009350E+01, 4.279675E-06 
-8.051305E+00, 3.724103E-05 
-5.382909E+00, 2.444075E-04 
2.377171E+00, 9.744564E-04 
-9.544820E+00, 1.515678E-05 
-1.043297E+01, 5.104661E-06 
7.283398E+00, 9.090377E-05 
-1.541558E+00, 1.513353E-03 
-7.786072E-01, 7.315010E-04 
1.655770E+00, 7.128469E-04 
-9.770702E+00, 1.161901E-05 
-1.247433E+01, 6.810435E-06 
9.851617E+00, 4.549310E-06 
7.851915E+00, 8.266322E-05 
4.780824E+00, 3.268986E-04 
7.762724E-01, 1.029028E-03 
8.724683E+00, 2.308151E-05 
-5.332868E+00, 3.792253E-04 
1.085466E+01, 6.404637E-06 
9.060487E+00, 5.779845E-05 
2.577327E-01, 1.117784E-03 
-4.780471E+00, 4.857188E-04 
9.233149E+00, 1.528897E-05 
-1.068843E+01, 6.967533E-06 
-9.650895E-01, 1.128958E-03 
-4.671910E+00, 5.367285E-04 
9.559914E+00, 8.311607E-06 
-7.438272E+00, 4.698880E-05 
4.086012E+00, 5.577701E-04 
-2.317999E+00, 1.265822E-03 
-3.224821E+00, 8.135708E-04 
9.270431E+00, 1.423027E-05 
5.715080E+00, 1.358980E-04 
1.841560E+00, 1.217758E-03 
-5.098097E+00, 5.480340E-04 
-2.872273E+00, 1.097353E-03 
-1.912969E+00, 1.411427E-03 
-2.402875E+00, 9.470794E-04 
-4.181108E-01, 6.713381E-04 
2.210180E-01, 1.069477E-03 
8.885182E+00, 1.608427E-05 
-1.021289E+01, 6.695320E-06 
-1.001291E+01, 1.515678E-05 
-1.104245E+01, 4.132092E-06 
-1.019230E+00, 7.052914E-04 
-7.327093E+00, 6.563362E-05 
8.277248E+00, 6.354162E-05 
6.271903E+00, 2.340898E-04 
-5.170448E+00, 2.916954E-04 
-1.128361E+01, 6.558487E-06 
-3.203444E+00, 8.589455E-04 
1.521175E+00, 7.064427E-04 
-2.698808E+00, 8.079688E-04 
-2.628000E+00, 1.067083E-03 
-9.303621E+00, 1.739993E-05 
-4.320428E+00, 4.504860E-04 
-1.462485E-01, 1.145908E-03 
-7.466404E+00, 6.383755E-05 
2.051622E+00, 1.090590E-03 
-3.461794E+00, 1.000145E-03 
1.093128E+00, 8.312005E-04 
7.548175E+00, 6.705225E-05 
7.472620E+00, 2.646628E-05 
5.436328E+00, 1.792222E-04 
6.990838E+00, 8.198344E-05 
1.760736E-01, 1.505016E-03 
-9.773291E+00, 7.604903E-06 
3.695474E+00, 4.732020E-04 
-9.707864E+00, 7.745276E-06 
-3.725469E+00, 7.354814E-04 
1.047494E+01, 5.974311E-06 
-3.098738E+00, 1.214523E-03 
6.273179E+00, 1.497003E-04 
-2.728840E+00, 8.473307E-04 
-8.208827E-01, 1.385614E-03 
1.011372E+01, 4.886609E-06 
-5.154684E+00, 5.661575E-04 
9.059215E+00, 1.466151E-05 
3.857743E+00, 4.085315E-04 
-2.410034E+00, 1.022127E-03 
-1.160350E+00, 9.456291E-04 
-3.323289E+00, 1.320884E-03 
3.473638E+00, 4.057788E-04 
4.661266E-01, 1.148527E-03 
1.195078E+00, 1.027079E-03 
-9.092989E+00, 2.539969E-05 
-5.429508E+00, 2.422318E-04 
-3.315766E+00, 9.965388E-04 
-4.731867E+00, 6.052542E-04 
-1.004258E+00, 1.218763E-03 
-8.543572E+00, 2.553748E-05 
-3.375720E+00, 8.820383E-04 
-1.111175E+01, 7.518554E-06 
9.532889E+00, 8.088566E-06 
-5.261538E+00, 2.548332E-04 
-6.608504E+00, 1.448026E-04 
-1.234812E+00, 1.308380E-03 
1.089530E+00, 1.253116E-03 
4.130229E+00, 3.191258E-04 
1.127287E+01, 5.147530E-06 
-8.690725E+00, 1.528476E-05 
1.969215E+00, 7.699244E-04 
-3.536368E+00, 8.352628E-04 
7.113408E-01, 8.515528E-04 
8.212596E-01, 1.577754E-03 
5.375990E+00, 2.386015E-04 
1.498895E+00, 1.141283E-03 
1.831623E+00, 1.514629E-03 
4.941855E+00, 5.418735E-04 
1.930652E+00, 1.170154E-03 
-6.282229E+00, 1.858784E-04 
9.865207E+00, 4.849641E-06 
-5.373975E+00, 2.814731E-04 
8.254497E+00, 3.941889E-05 
8.497115E+00, 2.273616E-05 
-6.937934E+00, 1.439155E-04 
4.269790E+00, 4.516476E-04 
3.651651E+00, 7.150881E-04 
4.422590E+00, 4.085296E-04 
8.989880E+00, 1.828938E-05 
-7.660198E-01, 1.278911E-03 
3.383559E+00, 1.220519E-03 
9.043916E+00, 2.606991E-05 
9.320373E+00, 7.847724E-06 
-9.084982E+00, 1.668057E-05 
6.454960E+00, 1.419956E-04 
-9.343642E+00, 2.978756E-05 
8.127993E+00, 3.278542E-05 
3.213474E+00, 7.247580E-04 
-9.571602E+00, 8.833346E-06 
-2.066099E+00, 1.253093E-03 
2.781949E+00, 8.319029E-04 
2.785978E+00, 1.304523E-03 
-6.870837E+00, 1.517253E-04 
-1.933259E+00, 1.309418E-03 
2.432334E+00, 1.380257E-03 
-6.592991E+00, 2.621265E-04 
9.555986E+00, 1.499429E-05 
9.218313E+00, 1.427295E-05 
-9.080320E+00, 4.839712E-05 
-2.848490E+00, 8.481247E-04 
1.171756E+00, 8.086603E-04 
1.479526E+00, 1.357801E-03 
8.227234E+00, 2.443711E-05 
1.182238E+01, 7.003982E-06 
4.877735E+00, 4.636771E-04 
-1.751476E+00, 8.932698E-04 
-1.164198E+01, 4.473522E-06 
-1.054647E+01, 7.311595E-06 
-6.201091E+00, 6.908224E-05 
-1.065250E+01, 6.875820E-06 
5.166564E+00, 1.403962E-04 
-5.721497E+00, 2.605908E-04 
4.190407E+00, 5.007600E-04 
-1.071032E+00, 1.583009E-03 
-6.676152E-01, 1.224799E-03 
-1.157800E+01, 5.263310E-06 
4.120981E+00, 5.192518E-04 
-3.573651E+00, 8.083142E-04 
4.791209E+00, 3.717255E-04 
-1.054070E-01, 8.736313E-04 
-8.648760E+00, 3.815809E-05 
1.290272E+00, 7.934966E-04 
-9.535507E+00, 1.761257E-05 
-8.098976E+00, 3.888554E-05 
8.005420E+00, 2.714566E-05 
1.128463E+01, 4.267955E-06 
2.285395E+00, 8.303893E-04 
-1.207538E-01, 1.010887E-03 
7.328130E+00, 7.177289E-05 
-8.807598E+00, 1.677247E-05 
1.119732E+01, 4.486379E-06 
3.770810E+00, 7.253649E-04 
4.997898E+00, 1.424273E-04 
-1.653612E-01, 1.214862E-03 
-4.204700E+00, 3.396046E-04 
1.541659E+00, 1.033503E-03 
-5.105503E+00, 4.315923E-04 
-1.101405E+01, 4.270695E-06 
-3.282640E+00, 6.987467E-04 
-7.845769E+00, 2.609454E-05 
-5.765192E+00, 2.526031E-04 
-9.503005E+00, 1.330569E-05 
4.468470E+00, 3.160063E-04 
-5.645591E+00, 2.767354E-04 
5.829686E+00, 1.881640E-04 
8.045811E+00, 4.188223E-05 
1.202468E+01, 7.300997E-06 
-5.931025E+00, 8.156352E-05 
-7.454178E+00, 7.829221E-05 
6.406688E+00, 1.991235E-04 
-9.458535E+00, 1.426319E-05 
6.551821E+00, 1.962233E-04 
9.908253E+00, 5.797989E-06 
1.651061E-01, 8.365525E-04 
-5.985502E+00, 2.444343E-04 
-1.058402E+01, 4.264608E-06 
1.482913E+00, 1.171866E-03 
9.525436E+00, 1.604046E-05 
-1.048004E+01, 6.552506E-06 
-2.011319E+00, 1.091182E-03 
4.480108E+00, 4.611142E-04 
-2.636906E+00, 8.077400E-04 
-9.467419E-01, 8.984233E-04 
-3.138943E+00, 7.481768E-04 
-1.137313E-01, 1.091931E-03 
-1.908720E+00, 9.320012E-04 
-1.046301E+01, 7.445236E-06 
-9.874979E+00, 1.559280E-05 
-3.116651E+00, 8.020101E-04 
8.783354E+00, 1.126206E-05 
1.050958E+00, 1.225210E-03 
9.962523E+00, 1.165791E-05 
-5.199733E-01, 9.844987E-04 
-4.852613E+00, 4.074218E-04 
7.701362E+00, 3.336598E-05 
-8.912159E-01, 1.310712E-03 
1.104900E+01, 6.291268E-06 
-4.462890E+00, 3.963815E-04 
-5.321675E+00, 3.434087E-04 
2.224595E+00, 9.676212E-04 
-5.810793E+00, 4.464253E-04 
-1.389667E+00, 9.470794E-04 
-5.218211E+00, 2.394701E-04 
-8.423689E-01, 9.535736E-04 
-7.585201E+00, 8.610893E-05 
-9.743554E-01, 1.264529E-03 
7.117613E+00, 9.333466E-05 
8.326827E+00, 4.041413E-05 
-3.562545E+00, 7.884968E-04 
-6.664131E+00, 6.672328E-05 
3.335667E+00, 1.348106E-03 
-7.001285E+00, 1.158021E-04 
1.159019E+01, 4.897602E-06 
-1.546241E+00, 9.599570E-04 
-7.691878E+00, 8.451820E-05 
7.087738E+00, 6.849614E-05 
3.922532E+00, 4.420035E-04 
-2.441072E+00, 8.079688E-04 
6.005986E+00, 2.208357E-04 
-6.434626E+00, 1.246478E-04 
-2.209701E+00, 1.367852E-03 
7.988458E+00, 6.494049E-05 
-8.151354E+00, 4.722774E-05 
-5.790934E+00, 2.337464E-04 
-9.166845E+00, 1.116435E-05 
-5.014168E+00, 4.462537E-04 
-8.553958E+00, 3.086553E-05 
2.647323E+00, 7.937574E-04 
-4.824548E+00, 4.798871E-04 
-8.516007E-01, 9.249470E-04 
-3.747968E+00, 9.015701E-04 
5.581165E+00, 2.032416E-04 
8.934241E-01, 1.010136E-03 
-9.220060E+00, 1.340124E-05 
-7.177276E+00, 1.300301E-04 
1.037322E+00, 9.061158E-04 
6.149685E+00, 1.575468E-04 
-7.641627E+00, 6.874733E-05 
9.883963E+00, 5.610803E-06 
-8.811171E+00, 1.614554E-05 
-8.071587E+00, 5.001517E-05 
-3.668766E+00, 1.006176E-03 
-6.741336E+00, 6.417249E-05 
9.573330E+00, 1.716502E-05 
3.440753E+00, 7.009435E-04 
-8.710799E-01, 1.037339E-03 
9.470950E+00, 6.670251E-06 
-7.201246E+00, 5.362575E-05 
-7.097853E+00, 1.217728E-04 
5.243295E+00, 1.337006E-04 
-7.890899E+00, 3.416799E-05 
-1.156046E+01, 7.829404E-06 
-7.068909E+00, 6.182714E-05 
4.157898E+00, 5.588197E-04 
8.008884E+00, 3.065749E-05 
-4.387654E+00, 4.152532E-04 
5.243783E+00, 1.446523E-04 
8.329316E+00, 2.693399E-05 
-9.668106E+00, 8.167958E-06 
-1.215212E+01, 5.130858E-06 
-4.383479E+00, 3.659605E-04 
-2.989370E+00, 8.480374E-04 
-6.613906E+00, 1.563951E-04 
1.056487E+01, 8.649350E-06 
4.042698E+00, 4.431659E-04 
-4.334458E+00, 3.472925E-04 
6.010004E+00, 2.454499E-04 
1.682292E+00, 1.144587E-03 
7.462451E+00, 1.176463E-04 
8.603734E+00, 3.042402E-05 
-4.617938E+00, 5.076642E-04 
1.051389E+01, 6.914191E-06 
-3.352910E-01, 1.079623E-03 
-8.245945E+00, 3.026060E-05 
4.507933E+00, 3.344106E-04 
-2.655503E+00, 1.458598E-03 
-2.103899E+00, 1.272150E-03 
-3.342058E+00, 9.829436E-04 
-4.646952E+00, 4.253434E-04 
6.217615E+00, 2.505345E-04 
9.321696E+00, 1.272562E-05 
2.339988E+00, 1.111203E-03 
-4.008055E+00, 1.196760E-03 
-5.435048E+00, 2.658057E-04 
-1.072143E+01, 4.712207E-06 
7.575735E+00, 6.957306E-05 
-2.930860E-01, 7.872653E-04 
6.649152E+00, 1.505372E-04 
9.769426E+00, 5.660357E-06 
-9.741735E+00, 1.161901E-05 
7.901684E+00, 6.133342E-05 
-1.164115E+00, 1.433714E-03 
8.968116E+00, 4.192357E-05 
-8.895334E+00, 3.202249E-05 
9.555355E+00, 4.879016E-06 
-8.872549E+00, 8.996432E-06 
-9.893798E+00, 7.221486E-06 
1.043083E+01, 4.990364E-06 
-1.710407E+00, 1.482492E-03 
-7.738466E+00, 7.482542E-05 
-2.044075E+00, 1.309658E-03 
1.291060E+01, 5.052363E-06 
4.529228E+00, 4.520401E-04 
-1.022064E+01, 5.948539E-06 
-1.206852E+01, 6.942271E-06 
-1.162654E+01, 5.021972E-06 
-6.409586E+00, 1.700909E-04 
-4.282849E+00, 6.695424E-04 
9.722225E+00, 1.046417E-05 
-7.276977E+00, 6.599237E-05 
-1.905266E+00, 1.171340E-03 
-1.117336E+01, 5.263310E-06 
-1.874074E+00, 1.215498E-03 
-7.627057E+00, 4.665448E-05 
1.451968E+00, 1.207490E-03 
8.516674E+00, 3.010753E-05 
-4.781976E+00, 4.323348E-04 
-5.525571E+00, 2.937318E-04 
3.943839E+00, 4.207716E-04 
-6.519933E+00, 7.681155E-05 
-6.535708E+00, 1.386113E-04 
-1.953444E+00, 1.621567E-03 
-1.236548E+01, 4.202586E-06 
1.007717E+01, 4.792365E-06 
4.757597E-01, 1.577754E-03 
-3.442601E+00, 7.410857E-04 
-1.365563E+00, 8.608465E-04 
2.394842E-01, 1.279714E-03 
1.013284E+01, 9.507668E-06 
5.418032E+00, 1.527810E-04 
-6.750900E+00, 6.358117E-05 
6.389445E+00, 2.578771E-04 
5.940985E+00, 1.594504E-04 
4.185132E+00, 4.155292E-04 
2.211548E+00, 1.066588E-03 
2.572565E+00, 8.980479E-04 
8.164014E+00, 2.262023E-05 
-7.546906E+00, 7.420744E-05 
2.655017E+00, 8.906906E-04 
1.759251E+00, 7.128469E-04 
3.500085E+00, 6.860957E-04 
1.071286E+00, 8.303893E-04 
5.962497E+00, 2.125816E-04 
-3.991821E+00, 9.201204E-04 
-3.643827E+00, 8.825785E-04 
9.819872E+00, 1.185142E-05 
-1.034589E+01, 4.473522E-06 
-9.817610E+00, 1.497939E-05 
8.054240E+00, 2.227293E-05 
-6.654525E+00, 8.644685E-05 
-9.896187E+00, 4.024924E-06 
3.463422E+00, 4.189849E-04 
-5.696035E+00, 2.909326E-04 
-9.942229E+00, 1.339634E-05 
1.548050E+00, 8.203309E-04 
-8.290693E+00, 3.596906E-05 
1.086735E+01, 4.897824E-06 
1.033908E+01, 4.827854E-06 
5.079197E+00, 2.193640E-04 
1.674462E+00, 1.135829E-03 
-2.573197E+00, 1.337414E-03 
5.456270E+00, 2.298119E-04 
2.849995E+00, 5.774107E-04 
1.059963E+01, 6.310698E-06 
-6.235793E+00, 1.664584E-04 
3.993799E+00, 6.726168E-04 
8.071381E-01, 9.039445E-04 
9.461570E+00, 1.372641E-05 
-1.055801E+01, 4.712207E-06 
-1.040399E+01, 6.879020E-06 
3.590678E+00, 5.461036E-04 
-2.242966E+00, 8.297679E-04 
7.297225E+00, 6.266784E-05 
9.443604E+00, 1.468363E-05 
-3.292229E+00, 1.332277E-03 
9.597530E-01, 1.151158E-03 
-1.576458E+00, 1.391844E-03 
9.867080E+00, 9.110760E-06 
-5.717821E+00, 3.213698E-04 
-4.682929E+00, 4.716553E-04 
-8.013435E+00, 5.267999E-05 
6.868642E+00, 1.933564E-04 
-1.055247E+00, 7.788356E-04 
-6.367403E+00, 2.387908E-04 
9.320788E+00, 1.662321E-05 
-1.100022E+01, 6.648890E-06 
-7.862411E+00, 3.927601E-05 
9.993009E+00, 5.797989E-06 
6.962597E+00, 8.101670E-05 
-3.781771E+00, 8.308524E-04 
1.053308E+01, 7.676913E-06 
-4.710116E+00, 4.253434E-04 
-2.520561E+00, 1.228569E-03 
-3.810209E+00, 6.792092E-04 
7.643366E+00, 3.622501E-05 
-1.021818E+01, 4.972788E-06 
-8.811937E+00, 4.290374E-05 
6.586099E+00, 1.590946E-04 
-6.780858E+00, 1.980292E-04 
-8.638147E+00, 3.109270E-05 
-3.088508E+00, 8.835992E-04 
1.150227E+00, 1.143960E-03 
-8.650262E+00, 2.883264E-05 
8.362583E+00, 5.779845E-05 
-5.326577E+00, 2.859661E-04 
3.342948E+00, 6.143416E-04 
-4.583261E+00, 4.504860E-04 
8.951236E+00, 2.226118E-05 
4.587474E+00, 5.272452E-04 
-8.264188E-02, 6.610576E-04 
-6.376715E+00, 1.479463E-04 
3.894603E+00, 6.976957E-04 
-1.735279E+00, 1.415838E-03 
-2.115934E-02, 7.338774E-04 
-7.904898E+00, 3.070100E-05 
1.263059E+00, 8.715823E-04 
-2.466366E+00, 8.821763E-04 
-6.975276E+00, 1.288059E-04 
8.420248E+00, 3.908168E-05 
2.946716E+00, 6.994171E-04 
6.809818E-01, 1.148486E-03 
-9.022975E+00, 2.783835E-05 
-6.221711E+00, 2.329928E-04 
5.285428E+00, 1.527810E-04 
2.136295E+00, 8.442157E-04 
9.646232E-01, 1.011411E-03 
8.485865E+00, 4.093888E-05 
7.882619E+00, 5.373848E-05 
3.913932E+00, 5.717560E-04 
1.258738E+00, 1.199601E-03 
-1.092121E+01, 7.168400E-06 
8.839429E+00, 3.649162E-05 
1.012594E+01, 4.792365E-06 
5.055503E+00, 1.832710E-04 
5.086712E+00, 1.785326E-04 
-5.151554E+00, 3.324640E-04 
-9.313167E+00, 1.859335E-05 
1.106236E+01, 8.678861E-06 
-7.495913E-01, 6.987326E-04 
-4.962389E+00, 5.900368E-04 
-7.775406E+00, 1.336292E-04 
-1.910788E+00, 1.222461E-03 
-7.545242E+00, 9.739005E-05 
-4.713992E+00, 3.618192E-04 
-6.230393E+00, 1.304683E-04 
7.514932E+00, 6.251939E-05 
-8.447275E+00, 2.710244E-05 
-8.498775E+00, 3.461180E-05 
-7.734312E+00, 7.325119E-05 
1.075068E+01, 5.762396E-06 
4.623028E+00, 4.185116E-04 
-8.140613E+00, 5.692821E-05 
-4.375645E+00, 4.790550E-04 
-7.261489E+00, 9.395260E-05 
-1.035310E+01, 6.046937E-06 
-2.043934E-01, 8.727708E-04 
7.135767E-02, 1.272356E-03 
-9.549210E+00, 1.675666E-05 
1.571697E+00, 1.309245E-03 
-9.171437E+00, 1.319278E-05 
-1.650307E+00, 1.132194E-03 
-6.790127E+00, 1.383979E-04 
4.944175E-01, 1.465021E-03 
-5.273221E+00, 3.656060E-04 
-1.020702E+01, 4.021780E-06 
-5.555866E+00, 2.859661E-04 
-1.886032E+00, 1.242083E-03 
-6.793759E+00, 1.516289E-04 
7.679672E+00, 6.856141E-05 
6.414744E+00, 1.870266E-04 
1.874309E+00, 7.593291E-04 
4.135211E+00, 5.815731E-04 
-8.884948E+00, 1.667542E-05 
-2.617624E+00, 1.350965E-03 
-7.706989E+00, 5.547402E-05 
1.175527E+01, 6.187333E-06 
1.102730E+00, 1.459946E-03 
-2.550034E+00, 1.402534E-03 
1.038606E+01, 4.759137E-06 
-1.177346E+01, 7.102022E-06 
4.346342E+00, 5.634119E-04 
4.686515E+00, 4.485845E-04 
8.025312E+00, 1.066728E-04 
-2.472827E+00, 1.017232E-03 
-7.574105E+00, 4.831683E-05 
-2.320809E+00, 9.165218E-04 
4.337041E+00, 7.586327E-04 
1.031870E+01, 7.927341E-06 
-3.081984E+00, 1.442601E-03 
-1.290092E+00, 1.218223E-03 
-1.709287E+00, 1.130655E-03 
-3.676160E+00, 8.218663E-04 
-8.257750E+00, 2.799621E-05 
3.932207E+00, 5.532681E-04 
6.749656E+00, 1.426092E-04 
-3.351000E+00, 6.789827E-04 
5.320747E+00, 2.123652E-04 
-3.064306E+00, 1.165042E-03 
7.010541E+00, 8.198344E-05 
-6.424814E+00, 1.454281E-04 
6.575119E+00, 2.311823E-04 
-3.815222E-01, 7.886478E-04 
-9.444139E+00, 7.642382E-06 
-3.841545E+00, 1.017755E-03 
-2.815495E+00, 8.249365E-04 
1.899565E+00, 1.044134E-03 
5.129832E+00, 1.708943E-04 
-4.917641E+00, 2.692315E-04 
6.726154E+00, 1.738443E-04 
7.167809E+00, 7.212458E-05 
1.024653E+01, 7.500591E-06 
6.160327E+00, 1.561104E-04 
-6.616966E-01, 7.636505E-04 
-7.316041E+00, 7.426657E-05 
-4.445486E+00, 4.064518E-04 
-2.995499E-01, 6.825945E-04 
9.358629E+00, 1.228465E-05 
1.117948E+00, 4.087790E-04 
-2.659363E-01, 7.932960E-04 
2.078470E+00, 7.311439E-04 
1.551071E+00, 1.191032E-03 
2.938351E+00, 9.634401E-04 
3.790982E+00, 4.384228E-04 
-3.365634E+00, 8.704083E-04 
-7.115255E+00, 8.089669E-05 
-8.672758E+00, 2.944026E-05 
9.078758E+00, 1.411254E-05 
-6.435571E+00, 1.084010E-04 
9.614923E-01, 9.416816E-04 
3.232027E-01, 1.648295E-03 
4.984871E+00, 1.337006E-04 
9.252136E+00, 1.423027E-05 
7.087166E-01, 1.056592E-03 
-3.073073E+00, 1.106003E-03 
9.029339E+00, 1.086626E-05 
-4.089356E+00, 8.007577E-04 
9.414220E-01, 1.402718E-03 
1.826154E+00, 1.386524E-03 
9.925963E+00, 5.033743E-06 
-2.872994E+00, 1.106236E-03 
8.141450E+00, 5.074531E-05 
5.301761E+00, 2.622201E-04 
4.682880E-02, 8.629098E-04 
-5.008587E-01, 1.135752E-03 
1.091899E+01, 5.146574E-06 
1.662674E+00, 1.154999E-03 
3.942562E-01, 1.611225E-03 
4.327366E+00, 3.567278E-04 
7.126300E+00, 8.931175E-05 
4.075206E+00, 4.497447E-04 
7.695077E+00, 6.830551E-05 
5.393826E+00, 1.428703E-04 
-9.894150E+00, 7.496795E-06 
-5.471783E+00, 3.674758E-04 
4.122896E+00, 3.491170E-04 
8.289787E-01, 1.236737E-03 
-1.035353E+01, 4.712207E-06 
9.525509E-01, 1.159747E-03 
-2.281585E+00, 1.074786E-03 
-4.660196E+00, 4.104504E-04 
-2.967227E+00, 1.404589E-03 
-7.332870E+00, 6.691552E-05 
-8.758710E+00, 4.983904E-05 
-1.737002E+00, 1.249034E-03 
-8.782267E+00, 2.057462E-05 
8.053157E-02, 1.099543E-03 
-4.967816E+00, 4.091427E-04 
-6.696999E+00, 6.708572E-05 
-7.152541E+00, 4.528511E-05 
-3.965082E+00, 4.447481E-04 
-9.989289E+00, 5.215665E-06 
-9.382210E+00, 1.536791E-05 
-2.856841E+00, 9.785630E-04 
8.614349E+00, 3.162267E-05 
1.716264E+00, 1.148712E-03 
-1.367203E+00, 1.078794E-03 
-6.816258E+00, 1.101277E-04 
-9.068789E+00, 1.357793E-05 
1.108513E+01, 6.251520E-06 
-1.096545E+01, 7.651876E-06 
8.592039E+00, 2.468122E-05 
4.669285E+00, 5.792974E-04 
-4.425179E-01, 7.515720E-04 
2.827431E+00, 7.513195E-04 
8.916990E+00, 2.943667E-05 
-9.318581E-01, 1.201784E-03 
-8.421832E+00, 2.661680E-05 
-5.594438E+00, 3.869927E-04 
7.556900E+00, 8.409390E-05 
8.732039E+00, 2.563711E-05 
-7.290246E+00, 7.322234E-05 
-2.520916E+00, 1.270135E-03 
-3.610893E+00, 1.167032E-03 
9.288856E+00, 4.743163E-06 
-1.118646E+01, 7.140918E-06 
-1.022255E+01, 6.564299E-06 
9.206856E+00, 1.034812E-05 
5.200160E+00, 2.064330E-04 
1.021023E+01, 5.680084E-06 
8.739751E+00, 2.846054E-05 
8.676195E+00, 2.663662E-05 
-2.427704E+00, 9.294290E-04 
1.268401E+00, 7.593291E-04 
7.024272E-01, 9.750354E-04 
2.473647E+00, 1.029566E-03 
6.389678E+00, 2.000947E-04 
6.208606E+00, 2.604381E-04 
1.088489E+01, 5.272338E-06 
-5.557960E+00, 3.266834E-04 
7.842289E+00, 3.388523E-05 
6.267007E-01, 1.251675E-03 
-6.995760E+00, 1.214552E-04 
-2.849900E+00, 1.362249E-03 
-8.030362E+00, 3.197774E-05 
8.736824E+00, 3.451964E-05 
-7.493030E+00, 7.930727E-05 
-6.802870E+00, 4.800619E-05 
-4.359280E+00, 4.493968E-04 
-1.103197E+01, 7.266674E-06 
8.352485E+00, 2.691360E-05 
-5.044301E+00, 2.387908E-04 
8.806510E+00, 3.003838E-05 
2.204794E+00, 1.315063E-03 
-4.387819E+00, 3.324640E-04 
7.977634E+00, 3.219917E-05 
-2.220832E+00, 1.267236E-03 
-9.213278E+00, 3.910738E-05 
6.140463E+00, 2.282598E-04 
-3.147785E+00, 1.264776E-03 
7.230605E+00, 6.266784E-05 
-6.673422E+00, 8.004633E-05 
-8.092306E+00, 2.098411E-05 
-4.493117E+00, 5.938100E-04 
-8.977358E+00, 3.846001E-05 
9.996043E+00, 5.061649E-06 
-3.472711E+00, 1.163313E-03 
6.687728E-02, 1.104829E-03 
-9.271245E+00, 1.622990E-05 
7.068145E+00, 6.157678E-05 
-6.137060E+00, 1.348372E-04 
9.794046E+00, 6.326554E-06 
1.094452E+01, 5.206561E-06 
1.121231E+01, 5.660357E-06 
-7.122904E+00, 8.004633E-05 
-2.235434E+00, 9.119041E-04 
-9.048844E+00, 2.726773E-05 
-2.740782E+00, 8.306681E-04 
-1.295913E+00, 1.662637E-03 
-2.179493E+00, 8.546220E-04 
3.356435E+00, 8.050950E-04 
-4.304314E+00, 4.589760E-04 
-5.304303E+00, 3.638346E-04 
-7.718385E+00, 3.840514E-05 
-9.746669E+00, 1.323873E-05 
-5.229699E+00, 3.877362E-04 
1.379712E-02, 1.045562E-03 
-8.934064E-01, 7.485018E-04 
-7.155514E+00, 7.139942E-05 
-9.109767E+00, 2.935569E-05 
7.137817E+00, 6.737290E-05 
3.420418E+00, 4.695469E-04 
-6.928800E+00, 5.789275E-05 
6.979811E+00, 8.101670E-05 
-9.067450E+00, 1.209387E-05 
-1.195263E+01, 4.182583E-06 
2.784490E+00, 1.274009E-03 
1.078917E+01, 6.251520E-06 
-6.003678E+00, 2.922347E-04 
1.895750E+00, 7.065394E-04 
-1.243086E+01, 7.056046E-06 
-2.128675E+00, 9.028519E-04 
2.752019E+00, 1.100106E-03 
6.003785E+00, 2.146061E-04 
-2.097999E+00, 1.490128E-03 
2.279951E+00, 1.315580E-03 
-2.127688E+00, 1.270523E-03 
1.612634E+00, 8.100920E-04 
-5.047006E+00, 3.492557E-04 
8.742388E+00, 3.372988E-05 
2.299325E+00, 1.139660E-03 
5.609912E+00, 1.432680E-04 
9.416363E+00, 8.882677E-06 
-3.402143E+00, 1.313613E-03 
1.292397E+00, 7.754495E-04 
-3.838798E+00, 1.315369E-03 
1.762975E+00, 1.370750E-03 
1.054148E+01, 4.811741E-06 
-1.283651E+00, 9.936239E-04 
9.405027E+00, 7.300997E-06 
3.470467E+00, 6.618268E-04 
-8.332173E+00, 3.203873E-05 
-5.176948E+00, 3.625791E-04 
5.271283E+00, 2.155403E-04 
-2.054012E+00, 7.935380E-04 
9.953420E-01, 1.274315E-03 
9.828280E+00, 5.704514E-06 
-4.688401E+00, 4.753042E-04 
-1.864521E+00, 9.229451E-04 
-4.287809E+00, 6.325988E-04 
-1.010934E+01, 4.972788E-06 
9.793795E+00, 6.926599E-06 
-1.611572E+00, 1.206646E-03 
-3.653521E+00, 1.062520E-03 
5.210644E+00, 1.718168E-04 
7.229910E+00, 4.924156E-05 
-7.115345E+00, 4.475470E-05 
1.012594E+01, 7.312912E-06 
-8.951375E+00, 1.530364E-05 
3.927776E+00, 5.513746E-04 
2.343206E+00, 9.610644E-04 
-8.312596E+00, 4.722774E-05 
-9.003906E+00, 1.951768E-05 
-5.596391E+00, 4.151695E-04 
-1.071494E+01, 5.104661E-06 
4.364617E-01, 1.661139E-03 
7.905837E+00, 7.391073E-05 
7.950003E+00, 1.170444E-04 
5.297690E+00, 2.197057E-04 
7.954799E+00, 3.127728E-05 
-9.508026E+00, 9.585008E-06 
4.664152E+00, 4.763202E-04 
-1.062389E+00, 1.295364E-03 
7.803182E+00, 1.023684E-04 
-1.025329E+00, 8.988685E-04 
5.354606E+00, 1.925808E-04 
-5.981906E+00, 1.392706E-04 
-3.111462E+00, 1.291041E-03 
4.603932E+00, 3.684248E-04 
-4.967174E+00, 2.371518E-04 
-1.929833E+00, 8.689311E-04 
-1.078268E+01, 6.467813E-06 
-8.188088E+00, 2.554755E-05 
3.594757E+00, 4.285396E-04 
6.743841E+00, 2.128395E-04 
1.969493E+00, 1.049574E-03 
2.514229E+00, 1.232085E-03 
2.569858E+00, 1.071468E-03 
-5.671554E+00, 3.108822E-04 
2.121742E+00, 7.811728E-04 
4.656777E+00, 4.082967E-04 
-9.899529E+00, 7.604903E-06 
4.213339E+00, 5.466698E-04 
8.828410E+00, 1.655977E-05 
4.357569E+00, 4.070670E-04 
5.545633E+00, 2.391144E-04 
-4.800428E+00, 6.320113E-04 
-1.033766E+01, 4.712207E-06 
5.476306E+00, 2.607476E-04 
-4.831088E+00, 3.656060E-04 
-2.524602E+00, 8.202578E-04 
4.409642E+00, 5.461384E-04 
-3.228090E+00, 8.212110E-04 
7.479861E+00, 6.377467E-05 
-6.566839E+00, 2.145591E-04 
-5.380924E+00, 4.051371E-04 
-1.999347E+00, 8.421669E-04 
8.836117E+00, 3.272669E-05 
-5.721738E+00, 2.583993E-04 
-2.638593E+00, 1.043520E-03 
9.348637E+00, 6.837803E-06 
7.317759E-01, 1.567145E-03 
-2.593732E+00, 1.118877E-03 
1.015673E+01, 5.380219E-06 
-1.437368E+00, 1.416492E-03 
-8.367097E+00, 3.670483E-05 
-6.398024E+00, 1.843731E-04 
3.336095E+00, 1.582209E-03 
-6.290076E-01, 8.879905E-04 
5.849228E+00, 2.142698E-04 
-1.477359E+00, 1.634417E-03 
8.047594E+00, 3.098683E-05 
8.209239E+00, 5.825199E-05 
4.562365E+00, 5.633309E-04 
6.073749E+00, 2.609797E-04 
3.120803E+00, 6.410371E-04 
-8.221893E+00, 4.535092E-05 
-1.032318E+01, 7.957591E-06 
-6.034169E+00, 2.767354E-04 
-6.577777E+00, 7.020012E-05 
5.325152E+00, 2.236366E-04 
3.768293E+00, 4.431390E-04 
1.373768E+00, 4.087790E-04 
-8.959068E+00, 3.388883E-05 
4.351338E-01, 9.102839E-04 
6.265329E+00, 1.688082E-04 
-3.371847E+00, 8.691432E-04 
-5.197376E+00, 3.198503E-04 
-2.284837E+00, 8.323066E-04 
-7.253885E+00, 8.977181E-05 
-1.030234E+01, 5.839169E-06 
-8.106260E+00, 2.753140E-05 
1.091157E+01, 7.265119E-06 
2.429504E+00, 7.638744E-04 
5.393892E+00, 1.943639E-04 
-3.562021E+00, 8.020101E-04 
4.707427E+00, 3.598238E-04 
-4.716737E+00, 3.254823E-04 
-5.048584E+00, 2.579067E-04 
2.769898E-01, 1.233698E-03 
8.744938E+00, 4.550005E-05 
-6.762267E+00, 7.457877E-05 
-9.049118E+00, 2.843603E-05 
4.955695E+00, 2.142698E-04 
8.320157E+00, 6.329065E-05 
-7.329840E+00, 8.342667E-05 
-5.441032E+00, 3.603077E-04 
6.096305E+00, 2.126417E-04 
3.538515E+00, 6.697546E-04 
-5.379650E+00, 2.814731E-04 
4.792396E+00, 5.733843E-04 
-4.776318E+00, 4.778187E-04 
-5.081078E+00, 5.380048E-04 
2.484937E+00, 1.102096E-03 
5.443559E+00, 1.594504E-04 
-1.183538E+01, 7.628342E-06 
4.926744E-01, 1.435341E-03 
-1.570483E+00, 1.125900E-03 
9.107516E-01, 1.227799E-03 
1.217039E-01, 1.023780E-03 
-6.226080E+00, 1.121782E-04 
-1.948916E+00, 1.219908E-03 
-8.271128E+00, 3.921653E-05 
5.931920E+00, 1.386365E-04 
9.040471E+00, 1.365471E-05 
9.613629E+00, 5.801674E-06 
6.532600E+00, 2.147872E-04 
1.681732E+00, 8.630706E-04 
1.906387E+00, 1.362144E-03 
2.818693E-01, 1.167254E-03 
-8.050216E+00, 2.753140E-05 
7.345119E+00, 6.737290E-05 
8.886198E-01, 1.199601E-03 
8.300608E-01, 1.133050E-03 
-6.921057E+00, 7.426657E-05 
6.190250E+00, 1.360995E-04 
5.056272E-01, 1.357862E-03 
4.066901E+00, 4.608869E-04 
-3.802095E-01, 1.155272E-03 
-2.137801E+00, 1.394430E-03 
-2.430392E-01, 7.192496E-04 
-8.073126E+00, 3.492906E-05 
4.789111E+00, 6.744861E-04 
-4.088510E+00, 6.499461E-04 
-2.321772E+00, 1.020434E-03 
4.545619E+00, 4.194830E-04 
-4.939846E-01, 6.713381E-04 
-3.150301E+00, 7.679487E-04 
-4.865187E+00, 4.094013E-04 
-9.026215E+00, 1.737826E-05 
-8.022425E-01, 7.508637E-04 
-7.531819E+00, 5.750712E-05 
3.788725E-01, 1.239275E-03 
5.067841E+00, 3.982309E-04 
-1.112974E+01, 7.663645E-06 
5.315766E+00, 2.612993E-04 
-1.757970E-01, 1.295364E-03 
5.473381E+00, 2.188369E-04 
-8.629261E+00, 3.255670E-05 
3.043604E+00, 4.695469E-04 
-6.841197E+00, 9.449148E-05 
7.185960E+00, 4.821173E-05 
-1.134869E+01, 6.106832E-06 
1.160531E+00, 1.251272E-03 
7.249490E+00, 4.483026E-05 
7.840303E-01, 1.149205E-03 
-4.638667E-01, 6.713381E-04 
-5.018471E+00, 4.839967E-04 
5.918949E+00, 1.413751E-04 
6.668530E+00, 2.646758E-04 
6.937121E+00, 2.518007E-04 
7.370843E+00, 6.957365E-05 
-7.318388E+00, 6.708572E-05 
-8.767793E+00, 3.904110E-05 
5.259274E+00, 1.467943E-04 
-8.205279E+00, 2.930190E-05 
3.040548E+00, 8.631352E-04 
-1.022395E+01, 4.279675E-06 
6.555042E-01, 1.059998E-03 
2.360187E+00, 1.187532E-03 
2.397470E+00, 1.481816E-03 
6.140843E+00, 2.012392E-04 
-1.945101E+00, 1.540216E-03 
-7.959200E+00, 3.175515E-05 
-5.253714E+00, 2.622089E-04 
3.414242E+00, 5.571852E-04 
-3.005548E-01, 9.287837E-04 
6.890509E+00, 1.860271E-04 
6.143836E-01, 1.118261E-03 
-7.423907E+00, 6.291939E-05 
-7.028862E-01, 7.571453E-04 
-1.233738E+00, 1.405719E-03 
-7.704771E+00, 2.559657E-05 
-4.479025E+00, 5.820881E-04 
-1.072679E+00, 1.463388E-03 
-4.709961E+00, 5.355891E-04 
-4.651653E-02, 1.204203E-03 
9.012215E+00, 2.868274E-05 
6.399785E+00, 1.595024E-04 
5.554333E-01, 1.093748E-03 
-7.884674E+00, 6.582916E-05 
-6.278251E+00, 2.051198E-04 
-8.828084E+00, 3.017128E-05 
-9.893383E+00, 1.697358E-05 
9.166761E+00, 1.109816E-05 
1.061594E+01, 5.571617E-06 
8.253811E+00, 2.967266E-05 
-5.515379E+00, 2.494102E-04 
4.464038E+00, 6.105372E-04 
-7.674257E+00, 5.385432E-05 
-9.125027E+00, 1.905224E-05 
-9.380977E+00, 2.944026E-05 
-1.035886E+00, 1.229252E-03 
1.380408E+00, 7.065394E-04 
-2.184523E+00, 8.682285E-04 
1.217373E+00, 1.191032E-03 
-6.343557E+00, 1.112522E-04 
7.094989E+00, 2.211569E-04 
-9.385163E+00, 1.859335E-05 
1.419143E+00, 7.919822E-04 
4.151903E+00, 3.155453E-04 
-1.888525E+00, 1.576865E-03 
-1.384558E+00, 1.204348E-03 
6.566399E+00, 2.078216E-04 
1.634331E+00, 1.192349E-03 
-1.713810E+00, 1.177316E-03 
-6.871587E+00, 6.045000E-05 
-7.494705E+00, 6.782766E-05 
6.516337E+00, 2.199156E-04 
3.146405E+00, 7.822468E-04 
-5.606657E+00, 3.266834E-04 
-1.307119E+00, 1.217823E-03 
8.334279E+00, 2.602057E-05 
1.297509E+00, 1.177504E-03 
3.244541E+00, 1.431751E-03 
9.521999E+00, 4.951614E-06 
-8.414544E+00, 3.501903E-05 
-7.366873E+00, 8.329902E-05 
3.436221E+00, 5.275203E-04 
2.288392E+00, 7.191659E-04 
-9.030348E+00, 2.755874E-05 
-1.161777E+01, 4.132092E-06 
9.442762E+00, 1.486076E-05 
1.569819E+00, 7.816985E-04 
-6.769101E+00, 1.348344E-04 
2.445222E+00, 1.298475E-03 
2.482603E+00, 1.382663E-03 
-7.453467E+00, 8.474319E-05 
5.059396E+00, 1.953042E-04 
8.883471E+00, 1.131040E-05 
-6.098262E+00, 1.980292E-04 
7.320734E+00, 5.912587E-05 
1.115286E+00, 1.336358E-03 
-3.439465E+00, 8.850741E-04 
7.735028E+00, 4.865193E-05 
-1.721385E+00, 1.087927E-03 
-4.229741E-02, 9.029628E-04 
9.890195E-01, 1.101405E-03 
-1.001543E+01, 8.650964E-06 
-1.078931E+01, 4.270695E-06 
2.169751E+00, 1.026040E-03 
1.129576E+01, 4.823962E-06 
-1.569528E-01, 7.543558E-04 
-9.004448E+00, 2.851159E-05 
6.459519E+00, 2.195215E-04 
1.650019E+00, 7.072658E-04 
-8.429988E+00, 3.431712E-05 
1.410443E+00, 1.156291E-03 
-2.822519E+00, 1.186339E-03 
2.772825E+00, 8.478345E-04 
4.053106E+00, 3.712718E-04 
-1.094467E-01, 1.253795E-03 
-3.450342E+00, 1.058973E-03 
6.734743E-01, 1.241430E-03 
-6.955253E+00, 1.270075E-04 
5.556959E+00, 1.432680E-04 
-1.069799E+01, 7.724439E-06 
9.209180E-01, 1.218223E-03 
-6.118049E+00, 1.201592E-04 
9.239026E+00, 1.625044E-05 
-8.646043E+00, 3.088151E-05 
-7.591702E+00, 6.092074E-05 
2.908394E+00, 1.015472E-03 
7.467720E-01, 8.077421E-04 
6.158981E+00, 1.529044E-04 
4.893478E+00, 3.853667E-04 
-8.818976E+00, 1.497939E-05 
5.970216E+00, 1.713239E-04 
-8.140245E+00, 4.430093E-05 
-9.354312E-01, 8.417053E-04 
-9.641311E+00, 1.247640E-05 
8.008995E+00, 2.967266E-05 
-5.114792E+00, 2.470766E-04 
5.720056E+00, 1.871352E-04 
-1.711917E-01, 7.729744E-04 
-1.030523E+00, 1.214427E-03 
-7.028561E+00, 8.593347E-05 
-8.735259E+00, 3.345725E-05 
-5.352094E+00, 2.355817E-04 
6.061173E+00, 1.891006E-04 
8.070677E+00, 3.482171E-05 
8.415038E+00, 3.244055E-05 
4.894747E+00, 3.491170E-04 
8.548023E+00, 2.963930E-05 
-4.947447E-01, 1.280506E-03 
8.767558E+00, 2.608434E-05 
6.303672E+00, 1.656578E-04 
-2.171989E+00, 1.195997E-03 
7.692630E+00, 4.661738E-05 
3.740004E+00, 4.710871E-04 
1.093629E+01, 6.480438E-06 
2.197599E+00, 1.200619E-03 
-3.833291E+00, 1.231596E-03 
5.304112E+00, 1.785326E-04 
7.342509E+00, 6.695565E-05 
7.320343E+00, 8.646423E-05 
2.198212E+00, 1.468088E-03 
7.495027E+00, 6.520509E-05 
-3.186060E+00, 1.283437E-03 
8.369290E+00, 3.325560E-05 
8.972079E+00, 1.858679E-05 
-7.971540E+00, 2.559657E-05 
-1.459011E+00, 1.045867E-03 
-1.157105E+00, 8.029582E-04 
-1.044503E+01, 5.839169E-06 
-5.501403E-01, 1.173282E-03 
6.187179E+00, 1.579612E-04 
9.107950E+00, 4.478033E-05 
-7.095305E+00, 8.329902E-05 
-4.208356E+00, 4.977990E-04 
2.914309E-01, 1.611956E-03 
6.476443E+00, 1.660913E-04 
3.034623E+00, 7.626617E-04 
-5.049990E+00, 2.814731E-04 
-6.857674E+00, 8.379149E-05 
-5.498118E+00, 4.087022E-04 
5.579946E+00, 1.372333E-04 
1.008088E+01, 1.086626E-05 
-9.600041E+00, 1.124083E-05 
3.448173E+00, 5.507872E-04 
1.464904E+00, 7.580740E-04 
-7.986570E+00, 4.813307E-05 
7.843880E+00, 4.168630E-05 
9.046957E+00, 9.475944E-06 
2.187709E+00, 1.255595E-03 
5.634171E+00, 1.512442E-04 
1.014004E+01, 7.909532E-06 
-1.236405E-01, 1.305939E-03 
9.447248E-01, 8.468237E-04 
-8.033504E+00, 4.737716E-05 
7.458711E+00, 7.391073E-05 
7.717630E+00, 6.251939E-05 
-8.643418E+00, 2.873339E-05 
5.458053E+00, 2.653302E-04 
-3.534175E+00, 7.038196E-04 
-4.433280E+00, 6.352236E-04 
-7.989782E+00, 7.351727E-05 
2.544268E+00, 1.186718E-03 
-4.952691E+00, 5.296982E-04 
4.663845E+00, 3.483992E-04 
-1.145364E+00, 1.219402E-03 
-8.832576E+00, 3.484361E-05 
-8.962932E+00, 2.977552E-05 
2.349578E+00, 1.219413E-03 
-5.927171E+00, 2.548332E-04 
5.324572E+00, 1.735744E-04 
7.677654E-01, 1.037339E-03 
-7.657610E+00, 6.802451E-05 
6.198097E+00, 1.561104E-04 
8.137796E+00, 5.513495E-05 
-2.056665E+00, 1.142043E-03 
5.588239E+00, 1.446523E-04 
-1.200088E+01, 4.182583E-06 
1.345809E+00, 1.204514E-03 
9.569797E+00, 1.132558E-05 
-6.198123E+00, 3.230220E-04 
9.785513E+00, 7.329746E-06 
4.387784E+00, 5.315762E-04 
7.934955E-01, 1.254371E-03 
7.033624E+00, 1.383303E-04 
-3.737554E+00, 7.451767E-04 
2.987771E+00, 8.442157E-04 
-5.742017E+00, 2.671020E-04 
-3.710890E+00, 8.312877E-04 
-3.411127E+00, 6.933204E-04 
-5.834429E+00, 2.702825E-04 
-1.105150E+01, 5.021972E-06 
-1.293298E+00, 1.238530E-03 
8.408078E+00, 3.381587E-05 
8.883225E+00, 2.612603E-05 
5.618282E+00, 2.283548E-04 
1.590160E+00, 8.511332E-04 
-8.012281E+00, 5.086926E-05 
-1.018789E+01, 4.007350E-06 
8.032555E+00, 1.853719E-05 
3.440934E+00, 5.428357E-04 
-6.778800E+00, 5.493290E-05 
-1.149270E+01, 6.598527E-06 
1.391191E+00, 8.023594E-04 
-1.072855E+01, 4.473522E-06 
1.039271E+01, 7.422054E-06 
1.051444E+01, 5.588506E-06 
-4.506554E+00, 5.384629E-04 
9.591958E+00, 8.744670E-06 
3.829176E-01, 1.108538E-03 
-9.283918E+00, 1.622990E-05 
4.259101E+00, 3.958094E-04 
-7.937533E+00, 3.203873E-05 
9.365274E+00, 5.680084E-06 
3.855411E+00, 6.297882E-04 
-2.028558E+00, 9.135317E-04 
2.613833E+00, 7.822468E-04 
3.863649E+00, 3.302363E-04 
-7.085134E+00, 5.651939E-05 
3.200172E+00, 6.610155E-04 
6.220268E+00, 1.656578E-04 
1.026300E+00, 8.488493E-04 
-2.156739E-02, 9.750354E-04 
-7.940542E-01, 7.763960E-04 
-7.000192E-01, 9.203144E-04 
-7.623257E+00, 5.788091E-05 
-7.971846E+00, 6.592249E-05 
-7.004933E-01, 9.581100E-04 
2.483430E+00, 1.259833E-03 
3.212225E+00, 4.196348E-04 
1.005922E+01, 7.136475E-06 
7.928103E+00, 3.353875E-05 
3.661004E+00, 6.676943E-04 
-5.261218E+00, 2.444075E-04 
1.540404E+00, 9.029628E-04 
-6.002778E-02, 1.266818E-03 
-1.439323E+00, 1.064763E-03 
-6.939525E+00, 9.997130E-05 
6.021836E+00, 1.688082E-04 
-6.623214E+00, 9.582172E-05 
-7.169601E+00, 6.067114E-05 
2.488512E+00, 9.749221E-04 
6.649870E+00, 1.910647E-04 
-5.147018E+00, 3.603077E-04 
1.175616E+00, 3.948916E-04 
6.933129E+00, 8.901106E-05 
-1.008284E+01, 9.614722E-06 
2.351027E+00, 8.744789E-04 
-1.723983E+00, 1.122123E-03 
-8.478199E+00, 3.997771E-05 
-3.705532E-01, 8.879905E-04 
1.056020E+01, 4.587055E-06 
9.508204E+00, 1.165791E-05 
1.060691E+01, 7.673072E-06 
-3.599215E+00, 6.567388E-04 
3.070994E+00, 6.472179E-04 
-7.807350E+00, 6.496828E-05 
-1.034767E+01, 7.745276E-06 
3.743802E+00, 4.938209E-04 
4.111147E+00, 6.297882E-04 
5.552841E+00, 1.999161E-04 
3.381302E+00, 5.875819E-04 
4.423385E+00, 5.380268E-04 
-1.021893E+01, 5.215665E-06 
3.743962E+00, 4.713478E-04 
-6.061779E+00, 1.981269E-04 
8.615881E-01, 1.266484E-03 
-3.710220E+00, 1.235145E-03 
-9.176078E-02, 8.669891E-04 
7.767897E+00, 1.142435E-04 
6.147459E+00, 1.438619E-04 
-2.946356E+00, 9.273766E-04 
5.417771E+00, 1.401462E-04 
3.866806E+00, 5.013472E-04 
-7.513042E-02, 8.463974E-04 
4.797902E+00, 3.293773E-04 
-4.423799E+00, 7.817082E-04 
-6.154768E+00, 2.051198E-04 
3.596044E+00, 5.739582E-04 
-6.189043E+00, 2.539486E-04 
4.225399E+00, 3.573583E-04 
-9.286367E+00, 1.491774E-05 
9.077749E+00, 1.497810E-05 
-4.205049E+00, 7.481768E-04 
-3.673814E+00, 7.867165E-04 
4.707902E+00, 5.071851E-04 
-5.109047E+00, 2.772441E-04 
-9.151025E+00, 2.085591E-05 
1.320753E+00, 7.111717E-04 
5.467842E+00, 1.403733E-04 
9.338066E+00, 1.165791E-05 
8.888934E+00, 4.758106E-06 
5.981623E+00, 1.708943E-04 
4.554207E-01, 1.315295E-03 
-1.305261E+00, 8.923169E-04 
-8.929301E+00, 1.554362E-05 
3.646674E+00, 5.463534E-04 
2.586218E+00, 1.288084E-03 
7.355895E+00, 5.092520E-05 
-5.185648E+00, 2.692315E-04 
2.213464E+00, 1.315599E-03 
3.881331E+00, 4.469615E-04 
5.100285E+00, 3.441087E-04 
4.632760E+00, 4.283798E-04 
-6.072302E+00, 2.882533E-04 
3.163888E+00, 4.104865E-04 
5.571834E+00, 1.875310E-04 
3.206892E+00, 5.478806E-04 
-6.393092E+00, 1.674004E-04 
-4.408550E+00, 3.492557E-04 
-8.568892E-01, 9.179918E-04 
-5.429471E+00, 4.296275E-04 
-9.044380E-01, 1.188621E-03 
5.925185E-01, 1.407972E-03 
1.006442E+01, 1.020380E-05 
-4.849041E+00, 5.724270E-04 
2.183979E+00, 1.209264E-03 
8.041857E-01, 9.179918E-04 
-1.161052E+00, 1.432566E-03 
7.902522E+00, 2.818954E-05 
-1.203461E+00, 8.042512E-04 
3.295559E+00, 8.195987E-04 
3.701266E+00, 4.608869E-04 
6.173882E+00, 2.206715E-04 
-8.704494E+00, 3.063766E-05 
-1.136361E+01, 6.875820E-06 
-2.759528E+00, 1.395626E-03 
1.131888E+01, 8.651623E-06 
1.027403E+01, 8.688635E-06 
-2.079561E+00, 7.652816E-04 
2.268952E+00, 8.195987E-04 
-6.385254E+00, 1.636629E-04 
9.676252E-01, 9.909424E-04 
-9.930062E+00, 1.250104E-05 
-1.172517E+01, 6.335823E-06 
7.470259E+00, 3.325560E-05 
-6.845285E+00, 1.113122E-04 
1.048392E+01, 5.704514E-06 
-3.996353E+00, 7.543452E-04 
-4.619170E+00, 5.101566E-04 
-1.460278E+00, 1.239234E-03 
1.177866E+01, 5.787502E-06 
-1.127007E+01, 4.988029E-06 
-3.581305E+00, 8.538776E-04 
-9.277408E+00, 1.360247E-05 
5.888655E+00, 1.529044E-04 
6.037900E+00, 1.355360E-04 
5.124448E+00, 2.301718E-04 
1.010755E+01, 6.926599E-06 
-2.167559E+00, 9.845643E-04 
4.337673E+00, 3.262829E-04 
-5.925977E-01, 1.165858E-03 
8.463292E+00, 3.477254E-05 
-6.826128E-01, 9.287837E-04 
-1.213307E+00, 9.363931E-04 
1.075970E+01, 6.326554E-06 
-8.903215E+00, 2.843603E-05 
4.542586E+00, 4.437971E-04 
-6.248417E+00, 2.019196E-04 
-5.875069E+00, 2.480764E-04 
5.216075E+00, 2.220531E-04 
-8.457483E+00, 4.478819E-05 
-2.486522E+00, 1.071389E-03 
5.378355E+00, 2.313293E-04 
5.563024E+00, 1.856054E-04 
-3.947707E+00, 1.233572E-03 
-1.764483E+00, 1.412863E-03 
8.963633E+00, 1.716502E-05 
-3.417180E+00, 6.933204E-04 
1.132605E+01, 5.327370E-06 
2.868715E+00, 8.410579E-04 
5.988906E+00, 1.662034E-04 
7.775800E+00, 6.557084E-05 
-9.601544E+00, 1.845527E-05 
-4.283589E-01, 1.177228E-03 
-8.201284E+00, 3.661041E-05 
-3.114449E+00, 7.790441E-04 
-4.566612E+00, 6.252844E-04 
-2.299120E+00, 1.246920E-03 
-4.627012E+00, 6.163075E-04 
-2.675859E+00, 1.196393E-03 
-5.460509E+00, 3.340251E-04 
-6.605382E+00, 1.021709E-04 
-1.767871E+00, 1.551390E-03 
-1.751727E+00, 1.519973E-03 
-7.418432E+00, 5.073014E-05 
-1.947554E+00, 1.299098E-03 
-2.606144E+00, 8.923264E-04 
-9.656963E+00, 2.361387E-05 
-5.529174E-01, 7.787810E-04 
1.762495E+00, 8.062943E-04 
-3.347965E+00, 9.756177E-04 
-7.757240E+00, 1.516289E-04 
-1.444597E+00, 8.847895E-04 
-6.068526E+00, 1.885224E-04 
3.237375E+00, 7.723017E-04 
8.393893E+00, 3.271502E-05 
1.964044E+00, 7.311439E-04 
6.224979E+00, 1.953042E-04 
-1.678032E+00, 1.150584E-03 
6.349508E-01, 9.644914E-04 
4.179786E+00, 3.766171E-04 
-7.984822E-02, 7.528910E-04 
-2.456322E+00, 1.086135E-03 
-4.461052E+00, 5.474591E-04 
-5.919756E+00, 2.407782E-04 
8.600932E+00, 3.065749E-05 
2.938125E+00, 6.214069E-04 
-1.062635E+01, 4.264608E-06 
-1.729574E+00, 1.448310E-03 
5.738653E+00, 1.350144E-04 
8.388796E+00, 3.373028E-05 
4.280012E+00, 4.420035E-04 
-8.848318E-01, 8.012938E-04 
9.298959E-01, 8.588203E-04 
1.047830E+01, 4.808164E-06 
3.259775E+00, 6.112638E-04 
3.476863E+00, 8.106828E-04 
1.017531E+01, 4.743163E-06 
6.701180E+00, 1.981416E-04 
9.435426E-01, 1.259833E-03 
-3.308057E+00, 1.185356E-03 
4.290611E+00, 5.409267E-04 
2.136166E+00, 1.129058E-03 
6.917949E+00, 2.648879E-04 
3.036431E+00, 8.439641E-04 
4.033755E+00, 4.776101E-04 
4.246737E+00, 5.515658E-04 
1.975371E+00, 6.946526E-04 
-1.179342E+01, 6.324272E-06 
3.229138E-02, 8.879905E-04 
5.400198E+00, 2.007979E-04 
-3.801022E+00, 7.070687E-04 
-4.058448E+00, 4.775397E-04 
9.389393E+00, 1.702592E-05 
-7.671253E-01, 1.074790E-03 
-9.209122E+00, 1.637285E-05 
4.559289E+00, 5.923674E-04 
-9.658400E+00, 2.140327E-05 
4.708519E-02, 6.713381E-04 
9.851862E+00, 8.810103E-06 
-1.081239E+01, 5.839169E-06 
8.415541E+00, 3.676123E-05 
-7.863169E+00, 2.533179E-05 
-2.390184E+00, 1.478600E-03 
-7.441150E+00, 5.073014E-05 
-9.063265E+00, 1.410201E-05 
6.103434E+00, 2.610099E-04 
-1.770622E+00, 8.319507E-04 
-1.046459E+01, 6.998871E-06 
-6.495782E+00, 1.307295E-04 
-5.962900E+00, 3.005208E-04 
-4.525550E+00, 4.507435E-04 
-6.814648E+00, 6.833598E-05 
2.642920E+00, 1.056592E-03 
6.959655E+00, 1.376257E-04 
-5.459294E+00, 3.197627E-04 
8.128782E+00, 2.574387E-05 
4.260302E+00, 4.442343E-04 
9.850842E+00, 8.286031E-06 
7.788239E+00, 4.891875E-05 
4.571034E+00, 3.569629E-04 
-1.866544E-01, 1.444241E-03 
1.191503E+01, 5.438907E-06 
-9.263888E+00, 1.660924E-05 
3.619568E+00, 6.502088E-04 
1.260974E+00, 1.124068E-03 
3.102902E+00, 1.075789E-03 
-5.547756E+00, 3.487580E-04 
-1.539290E-01, 7.704618E-04 
-7.966588E+00, 6.242885E-05 
5.871167E+00, 1.910647E-04 
2.995952E+00, 6.641637E-04 
8.854762E+00, 5.351496E-05 
-1.005361E+01, 1.317481E-05 
-5.696466E+00, 3.777592E-04 
-9.788053E-01, 7.746459E-04 
-7.797591E+00, 4.549453E-05 
8.176675E-01, 1.180750E-03 
-8.311753E+00, 2.647980E-05 
1.575428E+00, 7.709373E-04 
3.833580E+00, 5.736093E-04 
-1.022011E+01, 4.879419E-06 
-1.227160E+01, 4.202586E-06 
-2.673700E+00, 8.642838E-04 
5.120499E+00, 2.301718E-04 
3.255768E+00, 6.140238E-04 
1.204560E+00, 1.059998E-03 
2.965121E+00, 5.335685E-04 
9.609300E-01, 1.230220E-03 
-4.704558E+00, 5.464736E-04 
1.067436E+01, 4.865377E-06 
-7.907529E+00, 4.535092E-05 
-1.429427E+00, 1.130837E-03 
5.200932E+00, 1.694918E-04 
-4.373286E+00, 4.002704E-04 
3.479063E+00, 5.076534E-04 
1.643275E+00, 1.449727E-03 
-1.634635E+00, 1.222522E-03 
6.510129E+00, 1.464499E-04 
5.153434E-01, 8.707405E-04 
-4.865654E+00, 4.493441E-04 
1.006908E+01, 5.380219E-06 
7.960182E+00, 3.047605E-05 
4.052124E+00, 3.870777E-04 
6.018587E+00, 2.090808E-04 
7.811866E+00, 3.244055E-05 
-2.387862E+00, 1.315686E-03 
1.091994E+01, 7.699400E-06 
1.199094E+00, 1.313344E-03 
3.192081E+00, 9.263551E-04 
2.087813E+00, 8.803727E-04 
-6.878260E+00, 8.867357E-05 
-5.545099E+00, 4.587257E-04 
9.528155E+00, 9.944346E-06 
-9.791322E+00, 8.034131E-06 
-5.552453E+00, 2.355817E-04 
1.091085E+01, 4.561708E-06 
-1.817824E+00, 7.652816E-04 
-2.262787E+00, 1.002656E-03 
9.195151E-01, 1.219415E-03 
4.564249E+00, 5.046930E-04 
-6.385048E+00, 2.436873E-04 
2.014397E-01, 1.287709E-03 
4.617796E+00, 4.492790E-04 
-8.128090E+00, 4.063160E-05 
3.766275E+00, 5.596059E-04 
1.128898E+01, 5.555755E-06 
7.468026E+00, 1.089586E-04 
8.547573E+00, 2.839339E-05 
6.581304E+00, 1.943639E-04 
-8.105262E+00, 6.281787E-05 
8.160816E-01, 1.648837E-03 
-1.003923E+00, 7.787810E-04 
-5.539052E+00, 4.166827E-04 
4.599343E-01, 1.182779E-03 
5.230437E+00, 1.372203E-04 
7.214652E+00, 5.440210E-05 
2.143608E+00, 8.415184E-04 
6.800450E+00, 1.366110E-04 
4.926456E+00, 5.057962E-04 
-8.608347E+00, 1.503538E-05 
-2.921408E-01, 8.830982E-04 
4.706214E+00, 4.208622E-04 
6.374630E+00, 1.832258E-04 
-6.582505E-01, 1.192048E-03 
1.065272E+01, 8.325191E-06 
3.794409E+00, 5.985583E-04 
7.655664E+00, 4.188637E-05 
2.568713E+00, 1.177334E-03 
-1.082447E+00, 8.821763E-04 
-2.097500E-01, 7.704618E-04 
5.347508E+00, 2.283548E-04 
6.246158E-01, 1.541488E-03 
8.445997E+00, 3.058749E-05 
7.118901E+00, 1.505488E-04 
-5.218511E+00, 2.479782E-04 
-7.926373E+00, 3.197774E-05 
2.887781E+00, 1.497628E-03 
7.367166E+00, 6.219884E-05 
5.839641E+00, 1.662034E-04 
-4.874673E+00, 4.409855E-04 
-1.577306E+00, 1.131112E-03 
-1.021205E+01, 9.150114E-06 
4.217889E-01, 1.518860E-03 
9.247084E+00, 1.715916E-05 
5.433275E-01, 8.832295E-04 
1.309867E+01, 5.574456E-06 
-2.665357E-01, 7.715877E-04 
2.973436E+00, 9.333199E-04 
4.307346E+00, 5.884736E-04 
7.737797E+00, 7.692133E-05 
3.956183E+00, 6.143416E-04 
1.185228E+01, 5.583312E-06 
8.837733E+00, 4.118335E-05 
-7.124796E+00, 1.365307E-04 
2.672551E+00, 1.200232E-03 
-3.808847E+00, 4.585712E-04 
8.681949E+00, 4.058019E-05 
-5.084277E+00, 4.649815E-04 
-9.303778E+00, 2.873339E-05 
8.001192E+00, 3.080965E-05 
8.461062E-01, 1.492756E-03 
-1.718589E+00, 9.581100E-04 
-3.013393E+00, 9.701263E-04 
-8.367071E+00, 3.193356E-05 
5.080203E+00, 3.293773E-04 
1.008729E+01, 7.676913E-06 
-9.947760E+00, 5.193894E-06 
5.170527E+00, 2.090808E-04 
-4.465168E+00, 3.659605E-04 
1.185837E+01, 7.271843E-06 
-9.700283E+00, 1.506732E-05 
-2.214150E+00, 1.311444E-03 
6.708951E+00, 8.110019E-05 
2.081394E+00, 1.090800E-03 
7.545232E+00, 8.283519E-05 
1.097887E+01, 7.732335E-06 
-7.581634E+00, 5.984871E-05 
9.171672E+00, 1.822152E-05 
-8.043871E+00, 4.623500E-05 
-4.523702E+00, 4.589791E-04 
-7.591487E+00, 5.719921E-05 
6.722750E+00, 6.760967E-05 
-7.375453E+00, 6.672328E-05 
-9.764669E+00, 1.216147E-05 
-3.247661E+00, 6.624214E-04 
-3.484232E+00, 1.302419E-03 
8.297575E+00, 6.133342E-05 
-9.160583E+00, 2.930190E-05 
-2.547548E+00, 1.177966E-03 
1.776195E+00, 9.357286E-04 
6.972684E+00, 1.062110E-04 
-9.244104E+00, 2.726773E-05 
-1.739026E+00, 8.669703E-04 
-9.392314E+00, 2.110932E-05 
8.941412E+00, 5.418982E-05 
1.033395E+01, 5.661879E-06 
6.373986E+00, 2.012392E-04 
-1.131281E+00, 1.679857E-03 
6.386616E-01, 9.904675E-04 
-2.280408E+00, 9.119041E-04 
1.029231E+01, 4.759137E-06 
1.018849E+01, 4.587055E-06 
4.425140E+00, 4.622785E-04 
6.846120E+00, 1.478215E-04 
-4.330202E+00, 6.134235E-04 
-9.538064E+00, 1.082796E-05 
-6.231182E+00, 1.343952E-04 
-2.473407E+00, 1.367852E-03 
6.161643E+00, 1.358980E-04 
1.068333E+01, 4.939356E-06 
3.085023E+00, 8.404834E-04 
-1.804183E+00, 1.127388E-03 
-5.091096E+00, 4.140558E-04 
5.347378E+00, 1.336472E-04 
-2.736666E+00, 1.152633E-03 
-9.537109E-01, 7.749564E-04 
-6.153671E+00, 1.502118E-04 
-7.962971E+00, 6.160686E-05 
4.191752E+00, 6.643502E-04 
-4.084649E+00, 4.141135E-04 
-1.311555E-01, 1.139127E-03 
-1.024051E+01, 6.180715E-06 
-2.874462E+00, 1.125060E-03 
-5.001132E+00, 4.141135E-04 
4.333613E+00, 4.933972E-04 
3.251243E+00, 9.125869E-04 
-8.862149E+00, 2.441716E-05 
-1.846302E+00, 9.194781E-04 
-2.959785E+00, 1.010134E-03 
-2.114656E+00, 1.031775E-03 
1.147730E+00, 1.076238E-03 
-6.976570E+00, 4.831683E-05 
1.139348E+01, 5.476051E-06 
-6.898672E+00, 6.631531E-05 
9.662566E+00, 1.468363E-05 
-1.089567E+01, 6.222504E-06 
-4.796501E+00, 3.884732E-04 
9.513261E+00, 1.035409E-05 
5.014354E+00, 1.860271E-04 
5.226707E+00, 2.200056E-04 
3.342895E+00, 6.726168E-04 
-5.312607E+00, 2.598984E-04 
-3.462326E+00, 1.200348E-03 
-1.796388E+00, 1.166470E-03 
-1.666881E+00, 1.716075E-03 
2.656595E+00, 8.327160E-04 
3.189904E-01, 1.709335E-03 
4.036046E+00, 7.739507E-04 
1.026050E+01, 5.610803E-06 
-6.276929E+00, 1.013554E-04 
-9.357343E+00, 7.642382E-06 
-1.093527E+01, 5.839169E-06 
-5.233992E+00, 2.579067E-04 
3.957879E+00, 3.417886E-04 
-5.907899E+00, 9.703673E-05 
-7.598395E+00, 8.201535E-05 
-1.014040E+01, 7.051003E-06 
-1.176878E+01, 4.046145E-06 
-1.000987E+01, 4.024924E-06 
-1.014540E+01, 4.021780E-06 
-1.070297E+01, 4.007350E-06 
-1.008888E+01, 4.007350E-06 
-7.884696E+00, 4.341390E-05 
-7.884004E+00, 3.416799E-05 
-7.790348E+00, 3.359897E-05 
-8.051252E+00, 2.826910E-05 
-6.383320E+00, 1.390532E-04 
-6.273702E+00, 1.348372E-04 
-6.580940E+00, 1.348344E-04 
-6.204590E+00, 1.343952E-04 
-6.105271E+00, 1.322177E-04 
-3.893827E+00, 6.499461E-04 
-4.006347E+00, 4.585712E-04 
-4.036495E+00, 4.243372E-04 
-1.747856E+00, 8.608465E-04 
-2.772692E-02, 8.043491E-04 
1.613292E-01, 7.528910E-04 
2.767565E+00, 7.513195E-04 
4.901170E+00, 2.193640E-04 
4.852987E+00, 2.064330E-04 
5.691656E+00, 1.403733E-04 
5.723585E+00, 1.401462E-04 
5.814283E+00, 1.372333E-04 
5.093047E+00, 1.372203E-04 
5.709377E+00, 1.350144E-04 
4.980455E+00, 1.337006E-04 
4.995904E+00, 1.337006E-04 
5.164258E+00, 1.336472E-04 
5.817176E+00, 1.336472E-04 
6.936468E+00, 6.047372E-05 
6.964284E+00, 1.060999E-04 
7.272688E+00, 8.931175E-05 
7.040533E+00, 8.901106E-05 
7.438829E+00, 7.177289E-05 
7.319956E+00, 6.957306E-05 
6.965437E+00, 6.849614E-05 
6.776004E+00, 8.110019E-05 
7.321144E+00, 6.695565E-05 
7.072057E+00, 6.760967E-05 
7.014087E+00, 6.391112E-05 
7.436587E+00, 6.266784E-05 
7.064070E+00, 6.266784E-05 
7.018631E+00, 6.047372E-05 
7.154899E+00, 6.047372E-05 
9.151336E+00, 1.828938E-05 
9.072689E+00, 1.706887E-05 
8.937036E+00, 1.575735E-05 
1.019241E+01, 7.136475E-06 
