-7.790720E+00, 5.157477E-05 
7.141886E+00, 1.366483E-04 
-5.829872E+00, 2.567148E-04 
-6.864025E-01, 1.162619E-03 
-9.214880E+00, 1.317533E-05 
-3.937156E-01, 9.127917E-04 
5.956179E+00, 1.336012E-04 
5.081915E+00, 5.551506E-04 
7.178214E+00, 7.425506E-05 
-6.052400E+00, 1.582421E-04 
6.081977E-01, 1.054718E-03 
-3.386553E+00, 7.304807E-04 
-9.053483E+00, 1.620234E-05 
-3.579244E+00, 5.770363E-04 
-3.193271E-01, 8.910864E-04 
1.118069E+01, 8.363027E-06 
8.506152E+00, 2.215905E-05 
-5.437360E+00, 1.998412E-04 
-5.405130E+00, 1.913113E-04 
2.751674E+00, 7.886801E-04 
-5.822243E+00, 2.599187E-04 
-3.785814E+00, 5.620891E-04 
-3.424616E+00, 5.462164E-04 
5.401629E+00, 2.277557E-04 
4.159779E+00, 3.853779E-04 
-5.676002E+00, 1.687553E-04 
1.278032E+00, 1.485361E-03 
-6.949817E+00, 1.242867E-04 
5.627998E+00, 2.378861E-04 
-9.177558E+00, 2.098446E-05 
-2.799117E+00, 1.246894E-03 
3.355163E-01, 1.440510E-03 
4.404650E+00, 4.262217E-04 
9.205305E+00, 7.380656E-06 
-8.459353E+00, 1.600571E-05 
-6.845410E+00, 9.788406E-05 
1.860394E+00, 1.271283E-03 
6.813883E+00, 1.524484E-04 
-3.119884E+00, 7.825369E-04 
4.174851E+00, 7.282904E-04 
6.385389E+00, 1.321641E-04 
7.797711E+00, 7.123696E-05 
-5.924779E+00, 1.949803E-04 
-6.120025E+00, 2.054597E-04 
8.411584E+00, 4.410816E-05 
9.743097E-01, 8.660697E-04 
8.555723E+00, 3.347804E-05 
1.052309E+01, 5.186007E-06 
9.063547E+00, 1.065843E-05 
1.821740E+00, 9.995706E-04 
1.210255E+01, 5.261161E-06 
1.990926E+00, 1.214359E-03 
8.917916E+00, 2.245297E-05 
6.928774E+00, 6.905823E-05 
-6.618137E+00, 1.271069E-04 
5.420649E+00, 3.158394E-04 
2.830168E-01, 1.179466E-03 
-5.533335E+00, 2.305273E-04 
-9.363652E+00, 2.120321E-05 
-6.423812E+00, 9.476338E-05 
5.548401E+00, 2.437517E-04 
-8.417475E+00, 3.189786E-05 
-9.686160E+00, 1.119798E-05 
-5.846532E+00, 2.419199E-04 
-6.087080E-03, 1.188341E-03 
1.536564E+00, 8.395335E-04 
-7.573351E+00, 5.010929E-05 
9.845806E+00, 1.099889E-05 
-6.268784E-01, 9.195265E-04 
-9.381618E-01, 1.195929E-03 
-2.873626E+00, 7.837078E-04 
7.441014E+00, 9.153743E-05 
-2.409399E+00, 8.075528E-04 
2.673411E+00, 7.296845E-04 
2.937730E+00, 1.211743E-03 
-7.390648E+00, 9.441357E-05 
4.116932E+00, 2.019038E-04 
8.568994E+00, 2.504555E-05 
-6.920748E+00, 1.653151E-04 
3.512323E+00, 7.838561E-04 
-6.882361E+00, 9.363504E-05 
6.852820E+00, 9.137063E-05 
-1.835517E+00, 8.068364E-04 
-4.966304E+00, 3.920898E-04 
-7.288458E+00, 1.106480E-04 
-1.864332E+00, 1.286711E-03 
-2.424138E+00, 8.566749E-04 
1.113916E+01, 4.826557E-06 
3.953255E+00, 5.619330E-04 
5.382753E+00, 2.978362E-04 
5.084585E+00, 4.590166E-04 
6.575735E+00, 1.260108E-04 
5.655510E+00, 2.743504E-04 
-2.434503E+00, 1.137927E-03 
-8.961876E+00, 1.367269E-05 
6.989431E+00, 8.365884E-05 
9.186056E+00, 1.052763E-05 
9.714711E+00, 1.181565E-05 
2.168379E+00, 1.166507E-03 
-7.220459E+00, 7.480290E-05 
3.791042E+00, 4.211099E-04 
-4.620393E+00, 3.093963E-04 
-8.667189E+00, 3.636377E-05 
8.109438E-01, 1.504197E-03 
-1.307548E+01, 8.689541E-06 
8.213422E-01, 1.563371E-03 
-1.176759E+01, 8.370886E-06 
5.306686E+00, 2.691804E-04 
-5.627284E+00, 1.961142E-04 
6.287460E+00, 1.351424E-04 
6.647793E+00, 1.145696E-04 
-7.397340E+00, 1.036723E-04 
-1.337680E+00, 9.881867E-04 
4.141863E+00, 5.696644E-04 
-8.151968E+00, 3.615904E-05 
1.822235E-01, 1.133923E-03 
-8.395550E+00, 4.040777E-05 
-3.193599E-01, 1.618253E-03 
6.546270E+00, 9.402556E-05 
-1.296049E+00, 1.241999E-03 
4.508585E+00, 5.170818E-04 
-4.506862E+00, 3.491371E-04 
5.276970E+00, 2.693903E-04 
-6.718125E+00, 1.007856E-04 
-9.426271E-02, 1.015731E-03 
-4.706846E+00, 4.520041E-04 
3.869111E+00, 6.677783E-04 
3.342328E-01, 1.440484E-03 
8.949847E+00, 1.779860E-05 
1.104977E+01, 5.740288E-06 
-6.083550E+00, 1.383837E-04 
1.047294E+01, 5.461053E-06 
3.085544E+00, 5.962994E-04 
5.088714E+00, 2.655429E-04 
7.026452E+00, 7.359144E-05 
-4.807956E+00, 5.845177E-04 
-2.449238E+00, 8.251749E-04 
9.807992E+00, 8.926577E-06 
-2.573918E-01, 1.216961E-03 
-1.605158E+00, 1.192322E-03 
7.365992E+00, 1.085653E-04 
-1.682919E+00, 1.077020E-03 
-5.480159E-01, 1.473763E-03 
7.606085E+00, 7.671097E-05 
2.335240E+00, 1.009604E-03 
-2.829939E-01, 9.854132E-04 
1.188463E+00, 1.566743E-03 
4.926198E+00, 3.208707E-04 
3.602778E+00, 4.045203E-04 
7.735157E+00, 9.118561E-05 
-1.084943E+01, 1.011181E-05 
-3.709476E+00, 6.247254E-04 
1.762231E+00, 9.637083E-04 
1.003257E+01, 8.013207E-06 
5.975618E+00, 2.197384E-04 
3.997783E-01, 1.143678E-03 
1.281012E+00, 7.654339E-04 
-6.711218E+00, 1.333026E-04 
-7.343524E+00, 9.367708E-05 
7.243908E+00, 6.906203E-05 
-9.469038E+00, 2.120321E-05 
4.972411E+00, 4.668043E-04 
-8.118914E+00, 3.271868E-05 
3.129383E-01, 1.513205E-03 
5.029903E-01, 8.905263E-04 
1.059827E+01, 5.740288E-06 
5.865401E+00, 2.623315E-04 
9.696318E+00, 6.894317E-06 
1.664144E-01, 1.130514E-03 
-5.518976E+00, 3.705920E-04 
4.114507E+00, 7.407809E-04 
-5.962740E+00, 1.413545E-04 
-4.609244E+00, 3.177316E-04 
3.422191E-01, 1.620908E-03 
-1.655120E-01, 1.044098E-03 
7.238884E+00, 1.005885E-04 
3.441719E+00, 5.652129E-04 
-4.218001E+00, 4.045693E-04 
-5.121331E+00, 2.448510E-04 
-1.020855E+01, 1.129021E-05 
7.299515E+00, 9.269950E-05 
-5.856038E+00, 2.985436E-04 
-1.591415E+00, 7.469760E-04 
-1.753461E+00, 8.163833E-04 
7.827291E+00, 6.232994E-05 
-6.649217E+00, 1.284833E-04 
6.623203E+00, 1.317548E-04 
5.556294E+00, 2.564430E-04 
-3.414655E+00, 8.856984E-04 
9.938367E+00, 5.963189E-06 
7.105460E+00, 9.179969E-05 
-5.853772E+00, 3.043910E-04 
-9.168594E+00, 1.888103E-05 
3.654678E+00, 5.587296E-04 
4.929995E-01, 1.173459E-03 
9.391278E+00, 9.621285E-06 
7.169862E+00, 7.406522E-05 
8.067821E-01, 1.167931E-03 
1.094304E+01, 4.840765E-06 
6.788724E+00, 1.067936E-04 
-6.047436E+00, 1.170061E-04 
7.001535E+00, 1.366483E-04 
7.448418E+00, 8.983143E-05 
-9.635684E-01, 1.070459E-03 
6.124313E+00, 1.395902E-04 
-2.844384E-01, 1.595183E-03 
3.592939E+00, 7.093604E-04 
8.647821E+00, 2.040788E-05 
8.431029E+00, 9.205810E-05 
2.859327E+00, 8.283829E-04 
-7.885974E+00, 7.355524E-05 
-4.906758E+00, 4.407860E-04 
-8.457494E+00, 3.691027E-05 
-3.963478E+00, 7.910132E-04 
9.274438E-01, 1.137143E-03 
7.056143E-01, 1.047767E-03 
8.735988E+00, 2.466400E-05 
8.101761E+00, 8.477023E-05 
-5.017407E+00, 5.422062E-04 
7.353293E+00, 8.141127E-05 
-9.115707E+00, 1.011181E-05 
3.141968E+00, 5.587216E-04 
-8.299935E+00, 3.038307E-05 
1.204301E+01, 5.349204E-06 
-7.988850E+00, 4.787969E-05 
3.985232E+00, 4.211099E-04 
8.660748E-01, 8.954076E-04 
7.512450E+00, 5.724345E-05 
-7.917828E+00, 3.392575E-05 
-2.350414E+00, 9.791020E-04 
-8.433260E+00, 4.240641E-05 
6.431051E+00, 1.332523E-04 
-1.187031E+01, 7.853281E-06 
6.418089E+00, 1.370351E-04 
9.832502E-01, 1.161053E-03 
-6.963957E-01, 1.548150E-03 
-5.827518E+00, 2.525075E-04 
5.475180E-01, 9.000984E-04 
-1.100086E+01, 8.181059E-06 
-8.473078E+00, 3.264399E-05 
-4.947995E+00, 6.141407E-04 
-3.792379E-01, 1.214603E-03 
-1.669884E+00, 9.350906E-04 
7.389196E+00, 8.601461E-05 
1.081690E+00, 1.482523E-03 
-7.780586E+00, 8.534335E-05 
4.523722E+00, 4.038076E-04 
9.485732E+00, 1.016313E-05 
-1.645771E+00, 9.406963E-04 
-7.966806E+00, 6.140036E-05 
6.138485E+00, 1.563406E-04 
-5.125519E+00, 2.581850E-04 
-4.695770E+00, 3.950648E-04 
7.093880E+00, 8.141127E-05 
2.314766E+00, 1.114495E-03 
8.863533E+00, 4.116964E-05 
-2.520414E+00, 7.992342E-04 
9.486467E+00, 1.147400E-05 
-5.058969E+00, 3.038200E-04 
5.159690E+00, 2.165549E-04 
6.437755E+00, 1.688704E-04 
2.465320E+00, 1.013479E-03 
-8.990987E+00, 3.111306E-05 
4.313160E+00, 5.943587E-04 
-4.257475E+00, 4.039307E-04 
8.913202E+00, 1.480652E-05 
1.008847E+01, 6.918221E-06 
-1.023956E+01, 1.276591E-05 
-9.015149E+00, 1.980537E-05 
2.918429E+00, 8.059376E-04 
3.008461E+00, 8.456776E-04 
6.301903E+00, 1.723781E-04 
8.853377E+00, 1.151748E-05 
9.346434E+00, 1.094746E-05 
2.694867E+00, 7.462205E-04 
5.602914E+00, 2.418991E-04 
6.048243E+00, 1.127023E-04 
1.038344E+01, 8.108508E-06 
1.907317E+00, 1.239367E-03 
-7.212253E+00, 6.891721E-05 
-8.995441E+00, 2.573399E-05 
4.404072E+00, 7.193808E-04 
6.843416E+00, 1.192428E-04 
3.843695E-01, 8.391686E-04 
-5.644450E+00, 1.924463E-04 
-8.339623E+00, 1.651001E-05 
6.366098E+00, 1.351912E-04 
1.125165E+01, 5.746241E-06 
3.128859E+00, 6.791989E-04 
7.190297E+00, 7.854542E-05 
-8.583887E+00, 2.398037E-05 
-4.671374E-01, 9.127917E-04 
-5.439599E-01, 1.217109E-03 
5.431326E+00, 2.545123E-04 
-4.373716E+00, 4.531417E-04 
-6.043504E+00, 2.701762E-04 
7.304125E+00, 8.368903E-05 
-8.067453E+00, 8.562244E-05 
5.367206E+00, 3.067897E-04 
1.071847E+00, 8.434126E-04 
-6.161143E+00, 9.789495E-05 
-9.253727E+00, 1.387794E-05 
-1.487251E+00, 7.555030E-04 
5.072068E+00, 2.275771E-04 
-5.397960E+00, 2.150116E-04 
-1.032356E+01, 1.518970E-05 
-5.019345E+00, 5.362159E-04 
-3.708482E-01, 8.874486E-04 
7.188412E-01, 1.502289E-03 
-9.101896E+00, 1.403007E-05 
-3.267069E+00, 5.675410E-04 
4.033442E+00, 3.663351E-04 
1.479140E+00, 8.534172E-04 
9.481239E+00, 9.676290E-06 
-5.384350E+00, 3.189104E-04 
3.106342E+00, 8.099525E-04 
-5.588554E+00, 2.875122E-04 
-3.704652E+00, 6.823470E-04 
3.458464E+00, 5.168534E-04 
4.977759E+00, 3.673079E-04 
4.432515E+00, 5.744850E-04 
1.832492E+00, 7.794167E-04 
-9.361879E+00, 1.355511E-05 
-1.373224E+01, 9.740362E-06 
-3.466796E+00, 5.484228E-04 
-1.048974E+01, 8.446944E-06 
-1.045667E+01, 8.021528E-06 
6.660145E+00, 1.260108E-04 
-1.076450E+01, 1.163255E-05 
5.478429E+00, 2.340095E-04 
3.754141E+00, 9.796469E-04 
9.998403E+00, 6.118675E-06 
1.450937E+00, 8.859854E-04 
-2.257773E+00, 1.312558E-03 
-2.225433E+00, 8.904257E-04 
3.389845E+00, 7.193808E-04 
-7.705769E-02, 1.453990E-03 
-6.995477E-01, 1.560946E-03 
-4.025238E+00, 5.882528E-04 
2.546875E-01, 1.214803E-03 
6.951845E-01, 1.546940E-03 
-1.119724E+01, 9.066489E-06 
1.978355E+00, 8.744470E-04 
-8.348941E+00, 3.002502E-05 
-2.072190E+00, 8.451753E-04 
-1.168030E+01, 8.795344E-06 
-1.281892E+00, 1.049699E-03 
-1.027699E+01, 8.725847E-06 
6.816632E+00, 6.179552E-05 
3.340394E-01, 1.254164E-03 
6.583409E+00, 9.072061E-05 
4.783506E+00, 3.158394E-04 
-7.197259E+00, 7.480290E-05 
-3.539935E+00, 5.314828E-04 
8.460651E+00, 3.977823E-05 
1.069453E+01, 4.776384E-06 
1.058249E+01, 7.435060E-06 
8.791889E+00, 1.112712E-05 
5.886785E+00, 1.802768E-04 
-1.126906E+01, 6.880178E-06 
1.152266E-01, 1.687100E-03 
-5.252598E+00, 2.310042E-04 
-1.036638E+00, 1.376171E-03 
3.882462E-01, 1.362158E-03 
-7.879173E+00, 5.968192E-05 
-9.574356E+00, 1.502984E-05 
-2.649291E+00, 7.803100E-04 
-1.482226E+00, 1.250254E-03 
5.407763E+00, 1.925771E-04 
2.203391E+00, 1.638626E-03 
-6.974077E+00, 9.841710E-05 
4.468454E+00, 4.818903E-04 
4.542665E+00, 5.005155E-04 
-8.403153E+00, 2.657302E-05 
-5.561637E+00, 1.925579E-04 
2.773389E+00, 8.347460E-04 
-5.001412E+00, 2.265708E-04 
-6.884575E+00, 1.165194E-04 
1.085698E+01, 5.105190E-06 
-9.658588E+00, 1.355511E-05 
-9.156879E+00, 2.033764E-05 
-1.862269E-01, 1.002232E-03 
-5.588009E+00, 2.305273E-04 
-1.037843E+01, 9.055888E-06 
-2.815941E-01, 1.435786E-03 
2.569951E+00, 8.438115E-04 
1.010288E+01, 4.712399E-06 
8.162791E+00, 4.045214E-05 
-9.810892E+00, 8.691595E-06 
-9.901686E+00, 6.192159E-06 
5.949892E-02, 1.382229E-03 
5.961371E+00, 1.758288E-04 
-8.647955E+00, 4.320387E-05 
-6.067335E+00, 1.624901E-04 
-7.466811E+00, 6.892395E-05 
4.196255E+00, 4.267464E-04 
2.826496E+00, 5.824063E-04 
-4.925267E-01, 1.386005E-03 
-1.300036E+01, 9.832962E-06 
-1.335612E+01, 6.472057E-06 
4.186371E-01, 1.802382E-03 
2.216595E+00, 8.124553E-04 
4.406897E+00, 4.826190E-04 
-6.821222E+00, 1.009474E-04 
3.028962E+00, 9.571607E-04 
-6.677472E+00, 2.214749E-04 
9.735112E+00, 1.309460E-05 
2.740579E+00, 9.892709E-04 
-5.184297E+00, 2.198254E-04 
1.041745E+00, 1.013479E-03 
4.128560E+00, 3.359340E-04 
-5.849021E+00, 2.243355E-04 
-2.647819E+00, 8.559901E-04 
9.739658E+00, 1.107952E-05 
-9.416951E+00, 1.976764E-05 
7.110129E+00, 6.792199E-05 
-1.789326E+00, 1.118319E-03 
-1.119052E+00, 7.763661E-04 
-7.369571E-01, 1.151440E-03 
-6.964686E+00, 1.075385E-04 
-6.622435E+00, 1.246104E-04 
3.586428E+00, 7.522160E-04 
-9.909590E+00, 7.853281E-06 
7.738940E+00, 6.333697E-05 
8.587939E+00, 2.847478E-05 
-1.283046E+00, 1.002996E-03 
-7.175201E+00, 7.342929E-05 
3.576687E+00, 4.555282E-04 
-9.145088E+00, 1.233901E-05 
2.662763E+00, 1.423779E-03 
-2.562709E+00, 1.073201E-03 
1.725663E+00, 9.436889E-04 
5.153688E+00, 3.552589E-04 
-4.183459E-01, 1.137994E-03 
4.740278E+00, 3.347827E-04 
-1.063816E+01, 8.435302E-06 
2.208408E+00, 9.887482E-04 
8.889638E+00, 2.323645E-05 
-4.186176E+00, 3.733902E-04 
7.255547E-01, 9.014683E-04 
1.365879E+01, 7.036392E-06 
-4.576718E+00, 5.721069E-04 
-7.114459E+00, 7.769730E-05 
-5.144538E+00, 2.409478E-04 
-8.212619E+00, 4.235268E-05 
-8.712192E+00, 1.696893E-05 
-4.588948E+00, 3.647524E-04 
-5.156847E+00, 3.826226E-04 
-4.567265E+00, 4.699457E-04 
4.164046E+00, 8.868428E-04 
2.100323E+00, 1.322445E-03 
9.002570E+00, 1.847452E-05 
3.222713E+00, 1.024998E-03 
-6.293136E+00, 1.350731E-04 
-6.401504E+00, 1.278521E-04 
-1.199963E-01, 1.294484E-03 
2.736589E+00, 7.478184E-04 
-3.627650E+00, 9.754584E-04 
5.836251E+00, 1.362129E-04 
-5.218655E+00, 2.146163E-04 
-6.600896E+00, 1.540239E-04 
-1.165017E+01, 7.821887E-06 
8.454657E+00, 2.015990E-05 
-2.564583E+00, 1.009655E-03 
-2.969750E+00, 1.026976E-03 
-6.563568E+00, 1.443040E-04 
7.080382E+00, 6.503674E-05 
-4.935282E+00, 5.597530E-04 
-6.086790E+00, 2.083772E-04 
-9.238615E+00, 1.227066E-05 
1.297169E+01, 6.795149E-06 
2.309361E+00, 1.008284E-03 
2.236250E+00, 8.455914E-04 
1.151407E+00, 7.734701E-04 
-4.302955E+00, 4.663248E-04 
4.279229E+00, 5.175848E-04 
-7.129163E+00, 9.851176E-05 
2.785096E+00, 7.966600E-04 
-7.028643E-01, 8.510530E-04 
-2.896524E+00, 9.399349E-04 
-4.722745E+00, 5.552449E-04 
-6.806510E-01, 1.149699E-03 
1.343858E+00, 8.265326E-04 
9.732212E+00, 8.181463E-06 
8.932849E+00, 2.170080E-05 
8.030723E+00, 3.874443E-05 
9.285354E+00, 8.678117E-06 
-3.936032E+00, 6.784253E-04 
5.126325E+00, 1.892536E-04 
7.344373E+00, 6.883957E-05 
-9.352416E+00, 1.616162E-05 
-5.847482E+00, 2.695755E-04 
4.329305E+00, 4.334470E-04 
-8.953693E+00, 1.766775E-05 
-9.318560E+00, 1.178700E-05 
8.954622E+00, 4.616141E-05 
-6.994563E+00, 5.753558E-05 
9.428695E+00, 8.871280E-06 
4.802294E+00, 2.714210E-04 
4.019836E+00, 5.001459E-04 
-4.482805E+00, 3.166510E-04 
8.786503E+00, 8.237657E-06 
-6.571202E+00, 1.361065E-04 
3.573526E+00, 7.109321E-04 
-3.306392E+00, 5.770351E-04 
-9.186332E-01, 1.316986E-03 
7.579920E+00, 5.626881E-05 
-6.084819E+00, 1.284131E-04 
1.613535E+00, 8.589036E-04 
-4.507172E+00, 3.658817E-04 
-2.790502E+00, 1.371946E-03 
4.142000E+00, 5.295080E-04 
-6.254857E+00, 1.264890E-04 
-5.435976E+00, 1.624901E-04 
-9.411382E+00, 1.265153E-05 
6.735571E+00, 9.238151E-05 
-6.237811E+00, 1.621433E-04 
-8.107278E+00, 3.100578E-05 
7.315311E+00, 5.831347E-05 
4.555052E+00, 4.826190E-04 
-7.596555E+00, 1.034109E-04 
-2.450403E+00, 8.040622E-04 
-5.002704E+00, 3.479561E-04 
8.168467E+00, 1.127493E-04 
-3.378553E+00, 5.388320E-04 
8.483654E+00, 1.942779E-05 
6.469408E+00, 9.907867E-05 
6.155440E+00, 1.228830E-04 
4.696070E+00, 4.168973E-04 
6.719578E+00, 1.062414E-04 
4.563493E+00, 3.493827E-04 
-9.630794E+00, 1.520010E-05 
-7.542834E+00, 5.913316E-05 
-4.151898E+00, 3.882887E-04 
1.507511E+00, 1.373099E-03 
-9.032597E+00, 2.361686E-05 
7.660328E+00, 6.041267E-05 
-3.791942E+00, 8.955857E-04 
6.002067E+00, 2.745414E-04 
1.170256E+01, 5.202613E-06 
4.896282E+00, 4.758741E-04 
2.348265E+00, 1.146903E-03 
-5.218469E+00, 3.037061E-04 
-3.515295E+00, 6.684865E-04 
1.176652E+00, 1.371612E-03 
-3.704725E+00, 1.048323E-03 
1.623309E+00, 9.950614E-04 
3.313068E-01, 1.104101E-03 
-2.610786E+00, 9.288245E-04 
3.041070E+00, 8.181250E-04 
1.797642E-01, 1.188245E-03 
7.176354E+00, 2.326956E-04 
-1.004458E+01, 1.574975E-05 
3.569756E+00, 4.556984E-04 
-7.305707E+00, 9.277584E-05 
-8.322564E+00, 4.062313E-05 
7.906804E+00, 9.049325E-05 
4.554079E+00, 3.434462E-04 
1.023734E+01, 4.663981E-06 
-3.710434E+00, 6.272409E-04 
6.864569E+00, 8.086835E-05 
-3.386375E+00, 6.456811E-04 
3.794928E+00, 6.984236E-04 
6.198916E+00, 1.169522E-04 
-2.687999E+00, 7.508095E-04 
2.296782E+00, 7.837218E-04 
-7.600389E+00, 4.780377E-05 
-8.868519E+00, 7.835754E-06 
5.574678E+00, 1.987579E-04 
9.878642E+00, 5.570932E-06 
-5.755907E-01, 1.150414E-03 
5.853964E+00, 1.395902E-04 
3.223975E+00, 5.587216E-04 
-4.743099E+00, 5.150856E-04 
1.121735E+00, 1.541864E-03 
-2.550878E-01, 1.399872E-03 
5.939807E+00, 1.465938E-04 
1.533920E+00, 1.285847E-03 
-5.380830E+00, 3.057848E-04 
7.974073E+00, 1.104462E-04 
1.030900E+01, 5.528170E-06 
2.252412E+00, 1.208440E-03 
6.563638E+00, 1.675119E-04 
2.953304E+00, 1.075150E-03 
2.903661E-01, 1.178696E-03 
5.345954E+00, 2.184110E-04 
6.729728E-01, 8.638400E-04 
-3.604511E+00, 9.690983E-04 
-9.427015E+00, 1.381888E-05 
7.445152E+00, 7.321632E-05 
8.387877E+00, 1.490074E-05 
-1.521429E+00, 7.359976E-04 
-8.946588E-01, 9.426175E-04 
-9.548368E+00, 1.574975E-05 
8.221250E+00, 2.159419E-05 
3.250063E+00, 1.032178E-03 
2.606045E+00, 1.376337E-03 
-8.267949E+00, 4.012593E-05 
1.413824E-01, 1.163787E-03 
-6.218932E+00, 1.135386E-04 
-2.946839E+00, 8.626510E-04 
-1.014222E+01, 7.728094E-06 
7.181090E+00, 7.713085E-05 
2.549647E+00, 8.254288E-04 
-5.890135E-01, 1.455933E-03 
-8.771456E+00, 2.939815E-05 
1.526212E+00, 1.327476E-03 
-7.643495E-01, 1.183028E-03 
3.443180E+00, 6.232768E-04 
5.713371E+00, 2.212502E-04 
5.119719E+00, 3.883513E-04 
-7.745584E-01, 1.190074E-03 
1.187267E+00, 1.526898E-03 
-3.383192E+00, 6.437737E-04 
1.138476E+00, 1.491479E-03 
6.815012E+00, 1.774930E-04 
1.059263E+01, 6.522915E-06 
2.468751E+00, 1.146895E-03 
6.106867E+00, 1.075140E-04 
-5.713766E-01, 9.679317E-04 
-2.272610E+00, 1.188420E-03 
-3.414863E+00, 1.376050E-03 
-9.835356E+00, 1.154607E-05 
-2.785384E+00, 8.338312E-04 
-8.867815E+00, 2.249026E-05 
4.265800E+00, 4.547495E-04 
-1.033714E+01, 7.821887E-06 
8.953589E+00, 2.297463E-05 
6.052835E+00, 1.351912E-04 
-5.277626E+00, 2.409478E-04 
-4.889776E+00, 2.299357E-04 
-1.194387E+01, 9.166942E-06 
-1.964109E+00, 8.321977E-04 
3.665807E+00, 8.756459E-04 
-7.520348E+00, 8.296848E-05 
-7.078605E-01, 1.664409E-03 
5.114581E+00, 2.875229E-04 
-4.883859E+00, 2.483452E-04 
1.458516E+00, 8.265326E-04 
7.365276E+00, 8.537480E-05 
2.270956E+00, 1.118826E-03 
-2.230229E+00, 8.318453E-04 
1.581576E+00, 1.219594E-03 
-5.302348E+00, 3.392857E-04 
3.635880E+00, 8.491993E-04 
9.829885E+00, 9.911235E-06 
-6.354418E+00, 9.441357E-05 
-4.372371E+00, 4.240799E-04 
-8.214051E+00, 3.396221E-05 
2.816418E+00, 8.003930E-04 
1.206905E-01, 1.357091E-03 
2.651617E+00, 8.894189E-04 
3.953133E+00, 8.757784E-04 
1.037850E+01, 7.722462E-06 
7.480184E+00, 6.390582E-05 
8.771068E+00, 2.644172E-05 
4.662009E+00, 3.676188E-04 
-1.920169E+00, 1.208595E-03 
-4.605098E+00, 5.422062E-04 
-8.192246E+00, 2.738450E-05 
-8.653162E+00, 4.595647E-05 
5.575563E-01, 1.469213E-03 
-1.229967E+00, 1.004423E-03 
-5.166139E+00, 2.924855E-04 
-4.517025E+00, 3.627197E-04 
-8.735573E+00, 3.150428E-05 
4.629973E+00, 3.924991E-04 
-9.324357E+00, 1.644065E-05 
7.602634E+00, 6.484579E-05 
-6.908162E+00, 1.139907E-04 
3.308869E+00, 8.355557E-04 
3.086847E+00, 7.051955E-04 
-1.240558E+01, 6.071550E-06 
6.639913E+00, 9.238151E-05 
7.659702E-01, 9.700917E-04 
-1.556700E+00, 1.075608E-03 
-7.198490E+00, 6.501755E-05 
9.759733E+00, 9.676290E-06 
9.080842E+00, 9.705511E-06 
-2.945638E+00, 6.405111E-04 
-5.260037E+00, 3.170188E-04 
2.383269E+00, 8.043016E-04 
-9.837627E+00, 1.425916E-05 
-6.157335E+00, 2.732152E-04 
-3.729073E+00, 6.286832E-04 
3.605903E+00, 7.610555E-04 
-2.107348E-01, 1.581175E-03 
5.735592E+00, 3.292244E-04 
-6.128125E-01, 8.510530E-04 
-1.781497E+00, 1.450211E-03 
-3.231765E+00, 8.856984E-04 
1.885207E+00, 1.161053E-03 
1.420296E+00, 1.485996E-03 
7.221428E+00, 5.904588E-05 
3.749762E+00, 5.989674E-04 
2.348150E+00, 1.300195E-03 
8.577505E+00, 2.303495E-05 
9.131095E+00, 1.611806E-05 
-8.100552E+00, 3.511396E-05 
6.228718E+00, 1.450914E-04 
4.333432E+00, 4.053428E-04 
-6.255217E+00, 2.888221E-04 
3.575896E+00, 7.445263E-04 
4.980864E+00, 3.219596E-04 
7.020872E+00, 6.573411E-05 
3.446840E+00, 8.366390E-04 
-1.162680E+01, 6.116897E-06 
-9.827410E+00, 7.708585E-06 
9.728012E+00, 9.713895E-06 
3.071331E+00, 5.961564E-04 
6.174196E+00, 1.245564E-04 
2.656315E+00, 1.322816E-03 
8.810287E+00, 1.689828E-05 
-2.358811E+00, 8.266345E-04 
-3.733889E+00, 1.059414E-03 
4.440784E+00, 3.663351E-04 
7.591892E+00, 7.561859E-05 
-6.877410E+00, 9.376769E-05 
-1.147883E+01, 9.055888E-06 
3.309623E+00, 5.366474E-04 
-1.157487E+01, 7.470729E-06 
-1.102507E+00, 1.418373E-03 
-3.966668E+00, 2.994419E-04 
-2.658056E-01, 1.385438E-03 
6.462075E+00, 1.628225E-04 
-7.652997E+00, 6.555046E-05 
1.816640E+00, 1.449415E-03 
9.359916E+00, 1.309460E-05 
1.255319E+00, 8.113989E-04 
8.560475E+00, 7.465527E-05 
-6.774897E+00, 1.477252E-04 
8.393685E+00, 3.542072E-05 
5.344458E+00, 2.652644E-04 
-2.621269E+00, 8.299152E-04 
6.066297E+00, 1.375287E-04 
-2.981213E+00, 5.503754E-04 
1.003899E+00, 1.060902E-03 
5.521040E+00, 2.471708E-04 
3.636236E+00, 5.573175E-04 
-2.655405E+00, 8.207154E-04 
-6.806089E+00, 9.350239E-05 
9.374541E+00, 1.758934E-05 
2.842394E-01, 1.449026E-03 
-5.181262E-02, 1.527791E-03 
-4.901201E+00, 4.560086E-04 
1.074333E-01, 1.544178E-03 
8.247346E+00, 3.952203E-05 
8.618041E+00, 1.913062E-05 
-1.013544E+00, 1.084220E-03 
9.246104E+00, 1.128193E-05 
-4.508926E+00, 3.782156E-04 
7.545133E+00, 8.447622E-05 
4.420949E+00, 4.198667E-04 
5.344985E+00, 3.524463E-04 
-1.667105E+00, 1.313980E-03 
1.306711E+00, 1.296448E-03 
5.496817E+00, 2.342362E-04 
7.468802E+00, 7.876872E-05 
-5.197519E+00, 2.018289E-04 
4.042617E+00, 5.610712E-04 
-7.870591E+00, 6.868335E-05 
9.691601E+00, 1.272667E-05 
-2.437056E+00, 1.033122E-03 
-9.034725E-01, 1.115329E-03 
4.349813E+00, 4.053428E-04 
-2.456443E+00, 1.058828E-03 
8.663528E+00, 6.151357E-05 
-9.098458E+00, 2.070733E-05 
-1.077996E+01, 6.482804E-06 
-4.989387E+00, 1.888271E-04 
-3.370308E+00, 7.359240E-04 
-1.411034E+00, 1.068181E-03 
2.464902E+00, 7.710101E-04 
9.991518E+00, 6.032864E-06 
-6.233602E+00, 9.432157E-05 
1.638729E+00, 8.534172E-04 
1.060100E+01, 5.105190E-06 
-6.395701E+00, 1.423773E-04 
-3.149879E+00, 9.133133E-04 
4.219649E+00, 4.126026E-04 
3.614882E+00, 6.789137E-04 
-7.677469E-01, 1.675522E-03 
2.870539E-01, 9.506164E-04 
-7.356548E+00, 8.335637E-05 
-7.287849E+00, 7.537458E-05 
8.553294E-01, 1.489475E-03 
7.317044E+00, 5.876638E-05 
-1.098497E+01, 9.584423E-06 
-6.041190E+00, 2.902899E-04 
-2.148994E+00, 1.143097E-03 
6.303945E-01, 1.089121E-03 
3.566517E+00, 1.109531E-03 
-4.989681E+00, 3.337704E-04 
3.509196E+00, 1.097857E-03 
-8.268994E+00, 3.111525E-05 
7.245640E+00, 7.359144E-05 
3.335621E+00, 9.636878E-04 
-5.926289E+00, 2.382519E-04 
-1.028547E+01, 7.022014E-06 
-1.018436E+01, 1.503997E-05 
3.951191E+00, 4.668043E-04 
9.700765E+00, 9.304299E-06 
-1.056204E+01, 8.219552E-06 
2.729951E+00, 1.267013E-03 
1.075165E+01, 6.983872E-06 
-6.524850E+00, 9.851176E-05 
1.410788E+00, 1.165850E-03 
-2.209020E+00, 1.458836E-03 
9.666615E+00, 8.947097E-06 
6.090721E+00, 1.367913E-04 
4.608662E+00, 5.022940E-04 
7.867997E+00, 6.648962E-05 
-2.539168E+00, 8.207154E-04 
-1.022682E+01, 8.809656E-06 
-1.925905E+00, 8.605593E-04 
9.650648E+00, 6.751227E-06 
-5.927720E+00, 2.472997E-04 
3.772586E+00, 6.010931E-04 
5.301311E+00, 2.947868E-04 
-9.685989E-01, 1.044098E-03 
-4.891925E+00, 3.685677E-04 
-1.597400E+00, 1.208724E-03 
-9.018893E-01, 7.905815E-04 
4.553226E+00, 5.021774E-04 
-3.672215E+00, 8.921252E-04 
4.531150E+00, 4.061457E-04 
-8.331933E+00, 2.424936E-05 
-1.684383E+00, 7.416125E-04 
6.532110E+00, 1.997080E-04 
1.006556E+01, 6.522915E-06 
9.521733E-01, 1.425132E-03 
6.895858E+00, 9.976999E-05 
-3.572613E+00, 5.717343E-04 
-2.535937E+00, 7.803100E-04 
-1.091649E+00, 1.164703E-03 
-1.025042E+01, 9.266113E-06 
8.971506E+00, 1.729372E-05 
3.486318E+00, 7.960781E-04 
-8.814171E+00, 1.655190E-05 
-4.166135E+00, 6.743851E-04 
-1.011069E+01, 1.252732E-05 
-5.527360E+00, 2.344148E-04 
-8.157191E-01, 9.137881E-04 
1.396310E+00, 1.307725E-03 
7.597833E+00, 8.613251E-05 
2.325292E+00, 1.082515E-03 
1.620188E+00, 1.184614E-03 
-4.405613E+00, 3.466905E-04 
9.994150E-01, 1.095850E-03 
6.583881E+00, 1.311709E-04 
8.877230E+00, 2.462206E-05 
1.022281E+01, 7.418260E-06 
-6.435906E+00, 1.619237E-04 
-4.489650E+00, 3.177316E-04 
9.141233E+00, 1.112712E-05 
8.398993E+00, 2.539602E-05 
1.327147E+00, 1.234093E-03 
1.658562E+00, 1.303514E-03 
2.067015E+00, 9.783285E-04 
-8.588438E+00, 2.963958E-05 
-4.175532E+00, 3.843248E-04 
2.079261E+00, 1.442510E-03 
6.819323E+00, 1.325690E-04 
9.189253E+00, 1.723280E-05 
6.965854E+00, 1.435670E-04 
-3.122363E+00, 9.096325E-04 
-1.494584E+00, 7.466215E-04 
7.601621E+00, 7.899202E-05 
-1.084259E+00, 7.567158E-04 
8.905132E-01, 1.346228E-03 
3.951993E+00, 7.072586E-04 
-1.085064E+00, 8.585859E-04 
9.703267E+00, 6.640347E-06 
-1.549139E+00, 8.409286E-04 
9.560772E+00, 9.708658E-06 
-2.436317E-01, 1.119665E-03 
1.185624E+01, 8.545744E-06 
9.208244E+00, 1.273250E-05 
-2.835424E+00, 1.123613E-03 
-2.875132E+00, 1.274132E-03 
2.631920E+00, 9.151807E-04 
1.291867E+00, 1.232874E-03 
1.012561E+01, 6.118675E-06 
8.582989E+00, 2.043417E-05 
9.517004E-01, 8.958792E-04 
-2.215180E+00, 7.983361E-04 
-5.771239E+00, 1.017838E-04 
5.831760E+00, 2.170258E-04 
-2.344738E+00, 1.209153E-03 
9.002898E+00, 1.151748E-05 
1.170500E+00, 8.516884E-04 
-7.900738E+00, 6.507314E-05 
1.025623E+01, 6.162002E-06 
2.479054E-01, 1.528546E-03 
5.709946E+00, 2.934928E-04 
-9.229446E+00, 1.579078E-05 
2.860994E+00, 1.185754E-03 
-8.882081E+00, 2.304615E-05 
9.965547E+00, 1.127701E-05 
1.124189E+01, 8.893563E-06 
-7.558235E+00, 6.507314E-05 
9.554994E+00, 5.899518E-06 
-6.277135E+00, 1.468744E-04 
1.125796E+00, 7.670982E-04 
-1.206056E+00, 1.108146E-03 
-4.990685E+00, 2.299357E-04 
-6.204517E+00, 1.945771E-04 
-1.045094E+00, 1.204537E-03 
-6.911429E+00, 9.917574E-05 
-1.067343E+01, 7.360702E-06 
1.952992E+00, 1.219553E-03 
6.831588E+00, 1.282755E-04 
-5.533728E+00, 1.913113E-04 
3.323513E+00, 6.131174E-04 
-2.098372E+00, 7.306541E-04 
-5.833320E+00, 1.954161E-04 
-4.074136E+00, 5.416065E-04 
-1.746846E+00, 8.501592E-04 
1.866096E+00, 1.116817E-03 
3.592411E+00, 5.219229E-04 
1.061453E+01, 5.632276E-06 
7.491954E+00, 7.333717E-05 
8.542594E+00, 2.255899E-05 
-7.527150E+00, 9.614343E-05 
-2.877771E+00, 1.009693E-03 
8.192746E+00, 6.151357E-05 
-4.020795E+00, 4.242111E-04 
-2.348682E+00, 1.012469E-03 
5.475716E+00, 3.043270E-04 
5.294396E+00, 1.929041E-04 
-5.368750E+00, 3.305880E-04 
1.430129E+00, 1.438621E-03 
-1.015446E+01, 8.079851E-06 
-1.278421E+00, 1.087801E-03 
-1.390692E+00, 1.326499E-03 
1.379001E+00, 1.089121E-03 
-5.429280E-01, 8.910864E-04 
-2.290742E-01, 1.070459E-03 
-5.627576E+00, 3.739913E-04 
-4.318469E+00, 5.507455E-04 
-4.243018E+00, 4.390313E-04 
-3.049417E+00, 5.990345E-04 
1.373458E+00, 1.249842E-03 
-2.499148E+00, 8.897511E-04 
5.484515E+00, 2.806761E-04 
-3.505569E-01, 1.255028E-03 
6.491561E+00, 2.224049E-04 
9.412101E+00, 1.480652E-05 
-1.511057E+00, 1.215470E-03 
5.783506E+00, 1.879381E-04 
-8.641890E+00, 2.645034E-05 
1.512743E+00, 1.140288E-03 
2.477957E+00, 1.411337E-03 
-4.868569E+00, 2.097791E-04 
9.077231E+00, 3.129199E-05 
-1.017698E+01, 1.574975E-05 
-1.017496E+01, 7.781623E-06 
2.924814E+00, 1.037646E-03 
3.296425E+00, 7.759266E-04 
-7.755991E+00, 5.646143E-05 
6.664206E+00, 1.386587E-04 
8.658072E+00, 4.268740E-05 
9.330697E+00, 1.063645E-05 
1.618835E+00, 1.198347E-03 
3.649016E+00, 5.850305E-04 
9.442805E+00, 1.693180E-05 
-1.026633E+00, 1.310386E-03 
-2.843804E+00, 8.189675E-04 
2.490582E+00, 7.462205E-04 
2.746130E+00, 1.119138E-03 
-1.176890E+01, 8.632778E-06 
3.798936E+00, 7.298437E-04 
-5.251062E+00, 3.093759E-04 
5.011042E+00, 3.449604E-04 
1.046706E+01, 8.437036E-06 
2.615030E-01, 1.194002E-03 
5.262267E+00, 3.347827E-04 
-7.745674E+00, 5.548092E-05 
8.136049E-01, 1.687100E-03 
2.340224E+00, 1.240166E-03 
5.405168E+00, 2.413065E-04 
3.301116E+00, 5.862419E-04 
-4.760486E+00, 3.801051E-04 
-4.674022E+00, 3.491371E-04 
2.464264E+00, 1.140372E-03 
-9.322852E+00, 1.651001E-05 
2.748736E+00, 7.933540E-04 
-6.765177E+00, 1.264890E-04 
-3.210370E+00, 7.957813E-04 
1.145891E+01, 5.880098E-06 
6.178821E+00, 9.997385E-05 
-7.246526E+00, 9.677749E-05 
8.204398E+00, 3.952203E-05 
-1.670064E+00, 1.270206E-03 
-5.139845E-01, 1.191632E-03 
-6.148560E+00, 1.621433E-04 
1.099734E+01, 8.293474E-06 
1.563208E+00, 1.214359E-03 
2.066636E+00, 7.788230E-04 
3.357459E+00, 1.013367E-03 
-4.188356E+00, 3.244094E-04 
2.930464E-01, 1.093557E-03 
3.002559E+00, 1.365760E-03 
-9.368753E+00, 1.409472E-05 
6.175116E+00, 1.424878E-04 
6.854773E+00, 1.148973E-04 
-1.232803E+00, 7.763661E-04 
4.810654E+00, 4.035196E-04 
-3.100234E+00, 5.503754E-04 
1.075411E+01, 8.651571E-06 
9.607385E-02, 1.392819E-03 
-2.571556E+00, 9.435627E-04 
-4.779812E+00, 3.935590E-04 
6.055935E+00, 2.232596E-04 
3.650976E+00, 5.961564E-04 
4.462157E+00, 3.699478E-04 
9.859939E+00, 7.871455E-06 
2.398726E+00, 8.305333E-04 
-8.678893E+00, 1.768794E-05 
-1.885961E+00, 9.869716E-04 
3.291006E+00, 6.836169E-04 
-3.369372E+00, 6.266601E-04 
-8.589473E+00, 1.598604E-05 
1.053776E+00, 1.362194E-03 
-4.060252E+00, 9.289073E-04 
4.039639E+00, 5.706614E-04 
-3.590505E+00, 1.037916E-03 
-1.372301E+00, 1.110418E-03 
8.596181E+00, 2.389970E-05 
-7.653611E+00, 8.222890E-05 
-8.964751E-01, 1.213896E-03 
8.732435E-01, 1.219786E-03 
5.937374E+00, 1.134557E-04 
7.808450E+00, 7.126167E-05 
5.233969E+00, 2.281594E-04 
8.716664E+00, 2.211965E-05 
-4.341985E+00, 3.695908E-04 
-8.227033E+00, 2.393984E-05 
-4.340056E+00, 6.174238E-04 
-2.288560E+00, 1.044828E-03 
1.184148E+01, 5.130147E-06 
-1.214500E+00, 8.897511E-04 
-9.013280E-01, 1.507624E-03 
-7.390156E+00, 5.785536E-05 
-9.273390E+00, 1.655190E-05 
9.267753E+00, 9.676290E-06 
5.274173E-01, 1.162107E-03 
1.080899E+01, 6.157017E-06 
8.640372E+00, 1.457600E-05 
-3.569720E+00, 5.484228E-04 
-7.262005E+00, 7.389161E-05 
-1.148324E+01, 7.074898E-06 
9.167179E+00, 1.824142E-05 
-2.898424E+00, 9.999300E-04 
4.700259E+00, 5.401353E-04 
9.298575E+00, 1.179904E-05 
-1.012581E+01, 8.506735E-06 
-2.632504E-01, 1.637996E-03 
-1.004339E+01, 1.071942E-05 
-1.567330E+00, 9.210357E-04 
-8.118177E+00, 2.975771E-05 
9.546474E-01, 1.601893E-03 
-6.935288E+00, 1.142958E-04 
-8.593440E+00, 2.419437E-05 
-9.519267E+00, 1.474974E-05 
6.859122E+00, 6.962573E-05 
9.408562E+00, 9.708658E-06 
-4.150801E+00, 6.898488E-04 
-1.324082E+00, 7.709311E-04 
-1.685308E+00, 7.663045E-04 
-7.859889E+00, 4.502238E-05 
-8.911248E+00, 1.563308E-05 
-4.197221E+00, 4.232828E-04 
-1.044049E+01, 7.514919E-06 
6.554994E+00, 1.300189E-04 
-5.173837E-01, 1.088866E-03 
1.020792E+01, 5.335355E-06 
4.373091E+00, 3.699478E-04 
8.508986E+00, 3.542072E-05 
-7.526129E+00, 7.277681E-05 
-5.776338E+00, 1.891791E-04 
2.593787E+00, 7.721306E-04 
1.109031E+01, 5.370817E-06 
-1.578239E+00, 7.469760E-04 
-2.108977E+00, 7.969104E-04 
-2.909524E-01, 1.077162E-03 
1.159724E+00, 9.488557E-04 
4.111384E+00, 5.229020E-04 
8.592628E+00, 2.114030E-05 
4.557465E+00, 3.772184E-04 
1.264507E+00, 1.143311E-03 
9.283715E+00, 1.480652E-05 
-9.134839E+00, 3.288905E-05 
6.141483E+00, 1.351912E-04 
-1.094757E+01, 1.127122E-05 
-7.835244E+00, 2.419437E-05 
-2.280301E+00, 1.116050E-03 
5.039278E+00, 2.124855E-04 
-7.540113E+00, 7.397383E-05 
2.771691E+00, 9.608660E-04 
7.858688E+00, 9.608063E-05 
2.603447E+00, 1.464703E-03 
1.637038E+00, 7.794167E-04 
-8.005674E+00, 3.767888E-05 
1.470416E+00, 9.993173E-04 
5.711070E-01, 1.356712E-03 
1.050630E+01, 6.130097E-06 
5.023648E+00, 3.219596E-04 
1.008226E+01, 5.399404E-06 
-5.835923E+00, 1.737082E-04 
-4.678813E+00, 5.806351E-04 
-8.470331E+00, 2.884543E-05 
-1.062238E+01, 6.015947E-06 
7.056704E-01, 1.658420E-03 
-3.611124E+00, 8.735627E-04 
-2.954613E-01, 1.173025E-03 
-2.714524E+00, 9.854132E-04 
5.487821E+00, 2.714210E-04 
1.493577E-01, 1.197738E-03 
9.945001E+00, 1.048543E-05 
-7.000450E+00, 1.170559E-04 
-1.043597E+01, 7.519080E-06 
-7.231607E+00, 8.009311E-05 
-4.130926E+00, 5.189575E-04 
4.271383E+00, 3.739180E-04 
5.763155E+00, 2.074760E-04 
-7.255798E+00, 8.013504E-05 
5.119478E+00, 4.621626E-04 
3.251448E+00, 5.962994E-04 
-1.380509E+00, 7.905815E-04 
-7.900298E+00, 4.907170E-05 
4.599624E+00, 5.623136E-04 
-1.589421E+00, 1.032324E-03 
-4.000981E+00, 6.305749E-04 
6.729096E+00, 1.228830E-04 
-2.755400E+00, 1.263293E-03 
5.772033E+00, 2.163377E-04 
9.012840E+00, 1.729372E-05 
-1.010575E+01, 1.855881E-05 
8.845509E+00, 2.125270E-05 
-5.947159E+00, 2.270772E-04 
-9.045954E+00, 1.928711E-05 
-5.437045E+00, 3.244094E-04 
-9.652428E+00, 1.396774E-05 
-9.027057E+00, 1.244056E-05 
4.028769E+00, 3.742530E-04 
-6.873463E+00, 9.432157E-05 
5.384687E+00, 2.271456E-04 
5.200908E+00, 2.124855E-04 
2.238060E+00, 1.143356E-03 
6.625781E+00, 1.376536E-04 
2.123454E+00, 1.287642E-03 
7.626090E+00, 7.182622E-05 
3.251284E+00, 7.725860E-04 
-1.042945E+00, 1.166107E-03 
5.896976E+00, 3.428874E-04 
6.118377E+00, 1.336012E-04 
-7.403321E+00, 9.788406E-05 
4.634936E+00, 5.972287E-04 
-4.370197E-01, 8.642956E-04 
3.701754E+00, 3.735048E-04 
-8.490825E+00, 3.087461E-05 
7.161301E+00, 6.232994E-05 
-5.908043E+00, 1.009144E-04 
2.983037E+00, 1.186190E-03 
4.662831E+00, 4.725456E-04 
-5.312006E+00, 4.175081E-04 
8.005452E+00, 5.867796E-05 
1.132982E+01, 5.130147E-06 
-2.421747E+00, 8.659353E-04 
-6.611373E+00, 1.153331E-04 
8.645006E-01, 1.093134E-03 
1.035721E+01, 5.191556E-06 
7.049812E+00, 1.517258E-04 
9.160966E+00, 6.751227E-06 
9.969314E+00, 5.116763E-06 
-1.009228E+01, 6.377840E-06 
4.702272E+00, 4.634251E-04 
3.760841E+00, 3.853779E-04 
5.632993E+00, 3.454247E-04 
-1.013456E+01, 7.728094E-06 
-8.543652E+00, 1.961957E-05 
2.521811E-01, 1.236760E-03 
-8.836619E+00, 2.763353E-05 
-1.272064E+00, 1.427888E-03 
-1.209092E+01, 6.116897E-06 
-8.388756E+00, 1.547211E-05 
5.668074E+00, 1.515304E-04 
7.925656E+00, 6.905823E-05 
-2.034529E+00, 9.506164E-04 
-9.726736E+00, 1.252846E-05 
9.825588E+00, 1.099889E-05 
8.114391E+00, 3.472866E-05 
6.464025E+00, 1.515304E-04 
-9.649512E+00, 1.031145E-05 
-1.708768E+00, 1.145663E-03 
-5.323873E+00, 2.132067E-04 
-9.392204E+00, 1.349522E-05 
9.332534E+00, 1.839486E-05 
9.614357E+00, 7.858312E-06 
-2.824094E+00, 8.382455E-04 
2.058038E+00, 1.217776E-03 
-8.999273E+00, 1.765493E-05 
-6.346573E+00, 1.014575E-04 
-9.232477E+00, 1.510621E-05 
4.628928E+00, 5.470217E-04 
1.078247E+01, 5.270028E-06 
-2.009607E+00, 1.322562E-03 
-6.770746E+00, 1.353404E-04 
1.834196E+00, 1.144864E-03 
3.089804E+00, 1.091093E-03 
3.405093E+00, 5.729860E-04 
-8.025053E-01, 1.653301E-03 
1.106059E+01, 7.036392E-06 
-8.649411E+00, 2.393984E-05 
-4.519187E+00, 4.528456E-04 
-8.575741E+00, 4.392725E-05 
3.196487E-01, 1.399422E-03 
3.960554E+00, 6.094915E-04 
-6.004859E+00, 3.456382E-04 
-8.669964E+00, 4.040777E-05 
9.899841E+00, 7.228621E-06 
-4.181264E+00, 3.639883E-04 
-6.821858E+00, 1.286935E-04 
3.341092E+00, 6.286304E-04 
1.079510E+01, 4.663981E-06 
-1.545636E+00, 1.193342E-03 
-3.436044E+00, 8.036146E-04 
5.253200E+00, 3.042645E-04 
-1.985371E+00, 9.498397E-04 
-4.015735E+00, 3.898550E-04 
9.378186E+00, 1.725735E-05 
1.024547E+01, 6.894317E-06 
9.811986E+00, 8.681550E-06 
4.943508E+00, 1.868271E-04 
-9.234741E+00, 1.563308E-05 
-1.147086E+00, 1.274025E-03 
5.100707E+00, 4.838681E-04 
-1.085015E+01, 7.770070E-06 
3.686775E-01, 1.158023E-03 
4.252942E+00, 4.363076E-04 
-9.077920E-01, 1.182008E-03 
4.530619E+00, 3.749638E-04 
5.544289E+00, 1.868271E-04 
1.223649E+00, 8.113989E-04 
-9.409873E+00, 2.573399E-05 
3.659872E+00, 6.825175E-04 
2.387332E+00, 8.849507E-04 
-9.026452E+00, 1.448947E-05 
7.295670E+00, 1.155033E-04 
-9.782548E-02, 1.254370E-03 
1.180098E+01, 6.170191E-06 
-9.124541E+00, 3.396221E-05 
5.207028E+00, 3.001346E-04 
1.052848E+01, 7.741430E-06 
5.442392E-01, 8.905263E-04 
-9.672800E+00, 1.965977E-05 
-9.179613E+00, 1.348792E-05 
-1.643161E-01, 9.000984E-04 
7.466799E+00, 6.906203E-05 
8.682275E+00, 1.707074E-05 
-2.494876E+00, 8.551339E-04 
8.852635E+00, 2.134424E-05 
-1.027631E+00, 1.414931E-03 
-2.180114E+00, 8.101670E-04 
-3.595490E+00, 6.372710E-04 
-3.120213E+00, 8.162574E-04 
-4.697463E+00, 3.750464E-04 
4.885755E+00, 3.788451E-04 
-1.041813E+01, 9.338388E-06 
6.262088E+00, 1.210380E-04 
-9.946609E+00, 1.273036E-05 
1.879769E+00, 8.436785E-04 
-9.262573E+00, 1.122980E-05 
5.543009E+00, 2.341493E-04 
-5.948043E+00, 1.894016E-04 
-2.382556E+00, 8.433173E-04 
3.035822E+00, 1.263069E-03 
7.559604E-01, 9.080379E-04 
-5.612039E+00, 2.356419E-04 
9.505702E+00, 1.188956E-05 
-2.391211E+00, 8.400718E-04 
-2.447333E+00, 1.296834E-03 
3.393418E+00, 5.868063E-04 
5.279664E+00, 2.978362E-04 
9.143823E+00, 2.324658E-05 
-2.440575E+00, 1.085556E-03 
3.551360E-01, 1.604427E-03 
1.230790E+01, 4.663981E-06 
-9.258530E+00, 1.547211E-05 
-1.673838E+00, 8.289262E-04 
1.163179E+01, 9.138258E-06 
8.820049E+00, 1.831574E-05 
-1.525494E+00, 9.939655E-04 
4.514204E+00, 5.366474E-04 
-9.020749E+00, 3.159860E-05 
-4.696088E+00, 4.170238E-04 
-1.365303E+00, 1.032592E-03 
2.741498E+00, 1.202798E-03 
6.590845E+00, 1.308640E-04 
8.642181E+00, 5.275319E-05 
8.920372E+00, 1.611806E-05 
1.121379E+01, 6.993484E-06 
-5.266969E+00, 2.358109E-04 
1.185867E+01, 6.880820E-06 
-1.564542E+00, 9.078283E-04 
-5.784179E+00, 2.759089E-04 
5.375904E+00, 1.937585E-04 
-9.386709E+00, 1.605376E-05 
-6.314087E-01, 1.282876E-03 
5.067038E+00, 2.875861E-04 
6.576999E+00, 1.241341E-04 
4.443490E+00, 5.436149E-04 
1.083646E+01, 5.537288E-06 
-4.057309E+00, 1.010830E-03 
8.311282E+00, 6.151357E-05 
-6.175926E+00, 1.440133E-04 
-3.845401E-01, 1.132653E-03 
8.465394E+00, 6.424801E-05 
-7.361975E+00, 7.879606E-05 
-1.049188E+01, 9.249150E-06 
1.233679E+00, 9.285122E-04 
7.133190E+00, 9.021096E-05 
3.559836E+00, 8.045128E-04 
-5.621387E+00, 3.457122E-04 
5.874621E+00, 2.267552E-04 
7.708283E+00, 7.205412E-05 
3.288010E+00, 7.126214E-04 
5.952654E+00, 1.563406E-04 
2.358121E+00, 1.455231E-03 
-3.311007E+00, 6.257292E-04 
-5.220627E+00, 3.706766E-04 
-8.133223E+00, 3.615904E-05 
-6.481414E+00, 1.170061E-04 
9.321967E+00, 1.135428E-05 
4.461414E+00, 3.336125E-04 
7.806388E+00, 6.578707E-05 
-8.912536E+00, 2.027562E-05 
1.082826E+01, 8.885186E-06 
1.051865E+01, 6.162002E-06 
8.682484E+00, 1.758934E-05 
-2.999412E+00, 6.385068E-04 
-6.667227E+00, 1.792994E-04 
-1.188358E+00, 7.466215E-04 
-7.466638E+00, 8.607802E-05 
-2.187781E+00, 9.152871E-04 
-1.135005E+01, 1.110914E-05 
1.061791E+01, 8.185535E-06 
4.127221E+00, 5.850305E-04 
6.834717E+00, 7.182622E-05 
-9.715403E-01, 7.720890E-04 
-6.292388E+00, 1.301313E-04 
-4.202331E-01, 1.264951E-03 
-8.408176E-01, 7.505766E-04 
-8.474437E+00, 3.259135E-05 
9.975625E+00, 5.611791E-06 
-3.367350E+00, 8.234465E-04 
1.312372E+00, 8.629483E-04 
-5.054924E+00, 2.761348E-04 
1.005703E+01, 6.398602E-06 
-6.339024E+00, 1.090335E-04 
1.182355E+01, 5.261161E-06 
9.291058E-01, 1.327943E-03 
-6.169832E+00, 1.949803E-04 
2.876971E+00, 1.108767E-03 
6.796001E+00, 1.494986E-04 
6.909011E+00, 1.585772E-04 
-8.808848E+00, 2.361686E-05 
-9.096435E+00, 2.187266E-05 
-3.647840E+00, 6.785850E-04 
6.157699E+00, 1.289038E-04 
-1.898486E+00, 8.266345E-04 
8.680587E+00, 1.065843E-05 
-6.122643E+00, 1.036466E-04 
-8.259015E+00, 4.299066E-05 
1.394656E+00, 1.168012E-03 
-1.862579E-01, 1.411731E-03 
8.437319E+00, 3.663149E-05 
-6.258321E+00, 1.151732E-04 
-5.113802E+00, 2.994419E-04 
-1.120664E+01, 6.377840E-06 
-2.117241E+00, 8.371456E-04 
6.810103E+00, 9.067229E-05 
-6.186151E+00, 2.101741E-04 
-5.244391E+00, 2.133073E-04 
4.855754E-02, 1.214456E-03 
-4.064062E+00, 3.726468E-04 
-1.033167E+01, 1.396293E-05 
-6.438538E+00, 1.476031E-04 
5.159366E+00, 2.443585E-04 
1.023814E+00, 1.468612E-03 
-3.758106E+00, 7.602480E-04 
3.815061E+00, 5.996459E-04 
-4.162387E+00, 7.214784E-04 
-1.170959E+00, 1.088078E-03 
1.923097E-01, 1.283221E-03 
3.810133E+00, 6.715642E-04 
3.204000E+00, 6.613635E-04 
-1.378695E+00, 7.663045E-04 
-1.084646E+01, 8.058981E-06 
6.682069E+00, 1.351912E-04 
-1.582820E+00, 7.860105E-04 
-7.707779E+00, 4.738169E-05 
-4.291481E+00, 3.166510E-04 
1.096418E+00, 1.220558E-03 
4.171758E+00, 4.805588E-04 
-5.602299E+00, 1.924463E-04 
-5.789528E+00, 3.268915E-04 
1.024991E+01, 6.130092E-06 
-1.342719E-01, 1.160179E-03 
9.815468E+00, 8.465901E-06 
1.062062E+01, 9.019568E-06 
-2.949154E+00, 9.881867E-04 
-7.805604E+00, 5.777082E-05 
3.434260E+00, 6.003815E-04 
2.888861E+00, 1.299221E-03 
-1.046717E+01, 1.650393E-05 
3.549502E-01, 9.539986E-04 
9.120988E+00, 2.890965E-05 
5.876085E+00, 1.939262E-04 
-7.943560E+00, 3.796501E-05 
-9.538998E+00, 1.789320E-05 
5.344588E+00, 1.879381E-04 
2.341122E+00, 8.035132E-04 
-5.804002E+00, 1.942228E-04 
8.551035E+00, 2.466273E-05 
4.385214E-01, 1.304921E-03 
-4.355334E+00, 3.764011E-04 
5.135333E+00, 2.076836E-04 
2.770404E+00, 1.167926E-03 
1.098586E+01, 4.712399E-06 
7.220140E+00, 9.627379E-05 
4.422588E+00, 6.376969E-04 
-9.561710E-01, 1.332057E-03 
3.646822E+00, 5.438793E-04 
7.499372E+00, 9.361330E-05 
-7.723272E-01, 1.605695E-03 
2.983249E+00, 8.747217E-04 
-4.147880E+00, 4.045693E-04 
8.334973E+00, 4.430308E-05 
4.056333E+00, 3.647870E-04 
-8.502873E+00, 2.336450E-05 
-3.054029E+00, 8.123782E-04 
2.435739E-01, 1.217979E-03 
-1.346055E+01, 6.472057E-06 
-2.118115E+00, 8.041855E-04 
-2.704070E+00, 7.860105E-04 
9.043232E+00, 2.854363E-05 
-7.011070E+00, 6.391126E-05 
-5.749278E-02, 1.482853E-03 
6.340315E+00, 1.301195E-04 
8.994645E+00, 9.676290E-06 
-4.456400E+00, 4.568102E-04 
4.946471E+00, 5.353430E-04 
-7.934382E+00, 9.126259E-05 
5.016933E+00, 4.587686E-04 
-7.981318E+00, 3.117368E-05 
1.296354E+01, 8.339596E-06 
-9.202287E+00, 1.777710E-05 
-1.295397E+00, 1.161871E-03 
-8.604779E+00, 3.310381E-05 
-9.183356E+00, 1.897077E-05 
5.942214E+00, 1.308296E-04 
8.823605E+00, 1.707074E-05 
-8.242183E+00, 3.578790E-05 
-3.930736E+00, 7.812053E-04 
-6.982630E+00, 6.302279E-05 
5.154878E+00, 2.087122E-04 
-5.986138E+00, 1.783341E-04 
5.597372E+00, 2.396594E-04 
-1.719379E+00, 1.407029E-03 
8.591498E+00, 2.026727E-05 
1.853255E+00, 1.077162E-03 
2.162152E+00, 9.335940E-04 
-1.664940E+00, 8.659140E-04 
6.516205E+00, 9.805420E-05 
-7.533257E+00, 5.218071E-05 
3.778797E+00, 6.005064E-04 
-1.156935E+00, 9.210357E-04 
-7.606279E+00, 6.928951E-05 
-1.148718E+01, 8.548723E-06 
3.452195E+00, 8.280021E-04 
-8.444080E+00, 3.002502E-05 
8.670301E+00, 4.906907E-05 
4.601111E-01, 1.356097E-03 
3.323115E+00, 6.868923E-04 
-4.390917E+00, 4.490759E-04 
-2.592024E+00, 1.415330E-03 
9.022143E+00, 2.324658E-05 
9.089916E+00, 3.003785E-05 
-1.116326E+01, 9.782137E-06 
1.059326E+01, 9.138258E-06 
-8.508793E+00, 3.240467E-05 
-9.086809E+00, 1.321859E-05 
-4.039586E+00, 7.721400E-04 
3.930772E+00, 4.262217E-04 
-6.627029E+00, 1.009474E-04 
-9.426135E-01, 9.676100E-04 
-2.218777E+00, 7.810116E-04 
5.493901E+00, 2.922752E-04 
-6.505533E+00, 1.291451E-04 
-5.925591E+00, 2.324690E-04 
3.473723E+00, 6.003815E-04 
-7.238463E+00, 7.905764E-05 
-3.577416E+00, 6.876545E-04 
-4.203124E+00, 7.303056E-04 
-2.681491E+00, 1.310447E-03 
-1.658328E-01, 1.105886E-03 
-1.972372E+00, 1.005468E-03 
-5.708318E+00, 2.613088E-04 
2.911249E+00, 7.827045E-04 
7.552975E+00, 5.922609E-05 
5.393560E+00, 4.949464E-04 
-7.923797E+00, 6.300511E-05 
-3.978145E+00, 3.645068E-04 
9.086014E+00, 5.875204E-05 
-1.368765E+00, 1.230451E-03 
5.574964E+00, 1.982346E-04 
2.874576E+00, 1.280417E-03 
4.943540E+00, 2.076836E-04 
9.361998E+00, 1.831574E-05 
-8.385146E+00, 5.857883E-05 
-5.955782E+00, 2.745065E-04 
-3.439680E+00, 6.395289E-04 
-5.092283E+00, 3.790777E-04 
7.230693E+00, 6.573411E-05 
-8.471525E+00, 2.805786E-05 
8.807160E+00, 5.473022E-05 
-8.286774E+00, 2.876151E-05 
8.027271E+00, 5.364813E-05 
7.555794E+00, 1.001684E-04 
-4.109369E+00, 5.990345E-04 
1.015780E-01, 1.346382E-03 
4.071794E+00, 4.168973E-04 
-6.101090E-01, 1.319633E-03 
-8.791518E+00, 1.533551E-05 
7.893776E+00, 7.093604E-05 
6.705748E+00, 1.188480E-04 
-7.985449E+00, 8.081555E-05 
-7.654618E+00, 8.175290E-05 
4.839034E+00, 3.712105E-04 
-8.850278E+00, 4.042493E-05 
-9.336632E+00, 1.766775E-05 
1.589167E+00, 8.395335E-04 
-8.878179E+00, 1.402248E-05 
7.089381E+00, 1.381240E-04 
-8.352088E+00, 4.168218E-05 
5.421736E-01, 9.993173E-04 
2.951730E+00, 1.076231E-03 
5.399571E+00, 2.077183E-04 
4.097379E+00, 3.474193E-04 
9.659718E+00, 1.121424E-05 
6.943324E-01, 1.214590E-03 
2.429742E+00, 1.269238E-03 
1.671262E+00, 1.328323E-03 
-5.883650E-01, 1.344517E-03 
-4.614503E+00, 3.818054E-04 
-9.888641E+00, 1.446384E-05 
2.937993E-01, 8.954076E-04 
3.252594E+00, 8.236413E-04 
-3.934849E+00, 3.898550E-04 
4.979793E+00, 4.048063E-04 
9.031214E+00, 9.384446E-06 
-4.922812E+00, 4.051278E-04 
-1.558035E+00, 1.049699E-03 
7.299151E+00, 6.055730E-05 
-3.818444E+00, 7.494739E-04 
-5.101439E+00, 3.404959E-04 
8.650006E+00, 4.211054E-05 
7.252649E+00, 6.332265E-05 
-8.246847E+00, 5.334018E-05 
-5.445601E+00, 3.614393E-04 
5.362434E+00, 3.112649E-04 
-6.554311E+00, 1.167845E-04 
8.777121E+00, 3.721277E-05 
6.825440E-01, 8.886840E-04 
-6.647547E-01, 9.451494E-04 
2.905897E+00, 8.398027E-04 
3.548459E+00, 6.005064E-04 
7.558369E+00, 5.831347E-05 
-7.751637E+00, 6.735712E-05 
2.765641E+00, 1.082741E-03 
-7.924774E+00, 4.062313E-05 
-1.829875E+00, 1.001572E-03 
1.206791E+01, 6.442447E-06 
8.284341E+00, 3.827213E-05 
7.204898E+00, 6.883957E-05 
7.083542E+00, 8.086835E-05 
2.322522E+00, 1.060381E-03 
-9.901515E+00, 1.033079E-05 
2.530148E+00, 7.379097E-04 
2.287778E+00, 9.387280E-04 
-1.019879E+01, 7.781623E-06 
-1.006550E+01, 1.055238E-05 
9.192617E+00, 9.676290E-06 
7.707157E+00, 6.611955E-05 
-9.978625E+00, 7.472496E-06 
2.110304E+00, 7.478184E-04 
1.038023E+01, 6.032864E-06 
-1.147627E+01, 9.399483E-06 
-7.497846E+00, 5.877828E-05 
-8.182609E-01, 1.128221E-03 
7.318687E+00, 1.032623E-04 
-1.004760E+01, 1.841924E-05 
6.868818E+00, 1.386587E-04 
-2.272405E+00, 1.250274E-03 
9.676984E+00, 1.445724E-05 
-1.070030E+01, 1.270104E-05 
6.282318E+00, 1.688704E-04 
-6.935562E+00, 1.291686E-04 
1.257024E+00, 8.863472E-04 
1.046973E+01, 5.143020E-06 
-4.151071E+00, 4.388602E-04 
-8.104482E+00, 7.608801E-05 
5.274705E+00, 2.217907E-04 
7.815130E+00, 7.654426E-05 
-9.147338E+00, 2.110476E-05 
4.734418E+00, 4.502569E-04 
9.109498E+00, 2.213027E-05 
-9.637828E+00, 1.426904E-05 
-7.328009E+00, 9.617742E-05 
-3.530125E+00, 7.405217E-04 
-3.447755E+00, 6.983589E-04 
-2.139082E+00, 1.114504E-03 
6.934700E+00, 5.876638E-05 
8.290803E+00, 2.924657E-05 
8.825308E+00, 4.268740E-05 
1.332884E+00, 1.157385E-03 
-6.670286E+00, 1.340765E-04 
-3.253046E-01, 1.197786E-03 
1.672632E+00, 1.125876E-03 
-3.360003E+00, 9.288245E-04 
-7.054996E+00, 4.900314E-05 
-4.774663E+00, 4.339934E-04 
8.719798E+00, 2.386660E-05 
5.824437E+00, 1.217710E-04 
-3.011031E+00, 1.015241E-03 
-2.045684E+00, 7.709649E-04 
-9.771215E+00, 1.332065E-05 
2.199916E+00, 1.314831E-03 
1.027234E+01, 5.295618E-06 
5.521148E+00, 2.817660E-04 
3.187656E+00, 5.560144E-04 
-4.145625E+00, 7.697290E-04 
-2.494528E+00, 7.837108E-04 
-6.304935E+00, 1.153516E-04 
-3.444601E-01, 1.084220E-03 
5.245179E+00, 2.596242E-04 
-3.433475E-01, 1.203887E-03 
1.105304E+01, 5.941587E-06 
-3.846249E+00, 9.459967E-04 
-2.981496E+00, 9.482594E-04 
4.839872E+00, 5.446517E-04 
-5.438098E+00, 2.796796E-04 
-1.080432E+01, 8.740412E-06 
-4.317763E+00, 6.372710E-04 
2.310736E+00, 1.219442E-03 
-6.326934E-02, 1.323752E-03 
1.285607E+00, 1.245542E-03 
-3.095446E+00, 9.365299E-04 
1.021161E+01, 7.354829E-06 
1.024720E+01, 5.461053E-06 
-7.894372E+00, 7.375453E-05 
-1.586071E+00, 1.117468E-03 
-7.581714E-01, 1.299511E-03 
-1.096149E+01, 8.265543E-06 
1.899474E+00, 1.279127E-03 
1.992300E+00, 8.035132E-04 
-6.351551E+00, 1.248742E-04 
9.090470E+00, 1.935258E-05 
7.371243E+00, 6.829455E-05 
8.119270E+00, 7.780161E-05 
-9.663806E+00, 1.252732E-05 
2.323963E+00, 1.140416E-03 
4.646293E+00, 5.325059E-04 
2.692223E+00, 1.130308E-03 
3.343835E+00, 1.089815E-03 
6.477130E+00, 1.258161E-04 
-4.075868E+00, 4.500338E-04 
4.130624E+00, 3.784694E-04 
7.290736E+00, 7.406522E-05 
-8.660494E+00, 1.711389E-05 
-8.874296E+00, 3.223041E-05 
-3.777764E+00, 8.251229E-04 
-4.884335E-01, 1.581771E-03 
-1.432404E+00, 6.837774E-04 
-7.944693E+00, 5.564667E-05 
-3.812115E+00, 7.560025E-04 
9.411303E+00, 9.713895E-06 
-9.063249E+00, 1.928711E-05 
-1.446403E+00, 1.311836E-03 
8.922106E+00, 2.327546E-05 
7.161345E+00, 7.023129E-05 
9.832993E+00, 1.072855E-05 
9.309798E+00, 1.052763E-05 
-4.886060E+00, 5.725216E-04 
-3.821680E+00, 6.937390E-04 
-9.188994E+00, 1.387794E-05 
3.630254E+00, 6.613635E-04 
-1.845591E+00, 1.171870E-03 
-8.013552E+00, 9.646271E-05 
5.766921E-02, 8.638400E-04 
-1.067120E+01, 6.608222E-06 
-1.574765E+00, 7.709311E-04 
-4.804962E+00, 4.574230E-04 
-2.873422E+00, 5.462164E-04 
5.882578E+00, 1.308296E-04 
-7.317140E+00, 7.537458E-05 
7.679772E+00, 6.740336E-05 
2.101871E+00, 1.059908E-03 
8.836345E+00, 1.798182E-05 
7.666961E+00, 8.761001E-05 
6.468519E+00, 1.684633E-04 
-6.419332E+00, 1.673545E-04 
1.302699E+01, 5.015292E-06 
-5.040676E+00, 3.098339E-04 
8.665980E-01, 8.958792E-04 
6.773149E+00, 1.024085E-04 
-7.683042E+00, 6.577302E-05 
-2.345211E+00, 7.810116E-04 
-6.494150E+00, 1.616608E-04 
-4.632346E+00, 3.706916E-04 
-4.193938E+00, 4.580649E-04 
2.469554E+00, 9.092844E-04 
8.237573E+00, 5.177696E-05 
-3.340193E+00, 6.743851E-04 
3.427572E+00, 5.652129E-04 
-3.571444E+00, 5.620891E-04 
4.891861E+00, 1.881709E-04 
2.680570E+00, 1.191758E-03 
2.920304E+00, 8.049745E-04 
2.367984E+00, 1.518328E-03 
8.359629E+00, 2.082949E-05 
-9.584254E-01, 1.184813E-03 
6.338622E+00, 1.056770E-04 
4.607647E+00, 5.286244E-04 
1.640923E+00, 7.670982E-04 
1.135660E+01, 5.191556E-06 
9.283601E+00, 8.363027E-06 
-8.514339E+00, 2.714151E-05 
7.270755E+00, 1.550039E-04 
8.573140E+00, 4.053454E-05 
-9.435127E+00, 1.403007E-05 
-3.511031E+00, 6.297941E-04 
2.661537E+00, 1.272835E-03 
-1.627800E+00, 7.393432E-04 
-8.752584E+00, 1.681183E-05 
1.642942E+00, 1.418869E-03 
5.726700E+00, 2.074760E-04 
-1.010475E+01, 1.233901E-05 
2.964573E+00, 1.290054E-03 
7.216295E+00, 8.611682E-05 
-8.940384E+00, 1.282370E-05 
-6.137334E+00, 3.093759E-04 
-2.513837E+00, 9.386044E-04 
1.018188E+01, 5.116763E-06 
4.718916E+00, 3.863128E-04 
5.707978E+00, 2.953053E-04 
6.585229E+00, 1.222139E-04 
1.073462E+00, 9.285122E-04 
4.055007E+00, 5.888822E-04 
-6.942094E+00, 1.106477E-04 
-2.667709E+00, 1.167780E-03 
-5.833235E+00, 2.225705E-04 
-6.949232E+00, 1.157742E-04 
6.914916E-01, 1.244882E-03 
-4.456764E+00, 3.906421E-04 
2.225319E+00, 7.407809E-04 
-1.809896E+00, 8.307477E-04 
-3.261165E+00, 7.236471E-04 
6.858059E+00, 1.698009E-04 
8.157950E-01, 1.093557E-03 
-1.124297E+01, 1.147046E-05 
1.527115E+00, 1.056067E-03 
-7.119515E-01, 1.345654E-03 
7.820511E+00, 7.677230E-05 
9.260136E+00, 1.802276E-05 
8.480216E+00, 4.906907E-05 
-4.588008E+00, 6.082109E-04 
9.728736E+00, 5.899518E-06 
-6.892298E+00, 7.932920E-05 
-1.067282E+01, 7.343394E-06 
5.618040E+00, 2.342362E-04 
-5.613047E+00, 2.861945E-04 
1.520772E+00, 8.997466E-04 
2.580216E+00, 8.279945E-04 
-1.197025E+01, 6.071550E-06 
3.919059E+00, 5.534341E-04 
-2.435039E-01, 1.044033E-03 
3.572258E+00, 6.010931E-04 
-2.954257E+00, 8.119500E-04 
-7.295508E+00, 7.336350E-05 
-1.000268E+00, 1.040129E-03 
-5.102886E+00, 3.617715E-04 
-2.529476E+00, 1.177369E-03 
1.015246E+00, 8.875177E-04 
-4.832130E+00, 3.276880E-04 
5.296292E+00, 2.934928E-04 
8.716011E+00, 1.791230E-05 
7.091796E+00, 8.537480E-05 
9.671909E+00, 1.016313E-05 
3.576934E+00, 5.415379E-04 
-3.640830E+00, 1.035871E-03 
-4.825385E+00, 3.123295E-04 
1.090138E+01, 5.201031E-06 
9.060318E+00, 9.113166E-06 
-1.221787E+01, 9.699173E-06 
1.886298E+00, 1.102822E-03 
-4.726586E+00, 4.528456E-04 
-2.617673E-01, 1.253176E-03 
4.205063E+00, 3.665140E-04 
-1.211992E-01, 1.450478E-03 
-4.035751E+00, 3.935590E-04 
2.651906E+00, 1.222453E-03 
-2.526311E+00, 1.355442E-03 
-2.057832E-01, 1.303877E-03 
-1.037236E+01, 6.880178E-06 
1.666527E+00, 8.434126E-04 
6.940541E+00, 1.126416E-04 
-3.505996E+00, 8.504451E-04 
-7.931965E+00, 6.643493E-05 
1.392847E+00, 1.539724E-03 
-9.396548E+00, 1.107942E-05 
3.908788E+00, 3.949292E-04 
1.677868E+00, 8.744470E-04 
-1.032187E+01, 8.008205E-06 
7.596047E+00, 6.826785E-05 
-3.537116E+00, 5.388320E-04 
7.864667E+00, 8.546992E-05 
-6.149439E+00, 1.737082E-04 
-9.180591E+00, 1.485912E-05 
-9.296365E-01, 1.016811E-03 
3.461444E+00, 5.257578E-04 
-7.832067E+00, 9.051146E-05 
-5.383442E+00, 3.580380E-04 
-1.228002E+01, 6.377840E-06 
-1.049403E+01, 1.252732E-05 
6.989837E+00, 6.684492E-05 
4.794587E+00, 3.675755E-04 
1.063598E+01, 4.854972E-06 
3.932500E+00, 9.483208E-04 
1.943562E-01, 1.175833E-03 
-1.326714E+01, 7.770070E-06 
-1.743168E+00, 8.559901E-04 
4.756453E+00, 4.061457E-04 
-2.618745E+00, 9.451494E-04 
6.127528E+00, 3.541893E-04 
-4.549295E+00, 3.480882E-04 
-1.601850E+00, 1.243065E-03 
-7.497877E+00, 6.342147E-05 
-2.179328E+00, 1.302180E-03 
-2.835530E+00, 7.720538E-04 
-7.573727E+00, 9.646156E-05 
1.060849E+01, 8.615351E-06 
8.930613E+00, 1.923951E-05 
9.105673E+00, 9.796769E-06 
5.541069E+00, 2.271456E-04 
-4.287661E+00, 4.578704E-04 
1.131904E+01, 5.941587E-06 
-3.307391E+00, 7.236471E-04 
-9.180411E-01, 8.642956E-04 
-6.101195E+00, 1.014575E-04 
9.475425E+00, 1.034149E-05 
9.213058E+00, 1.736433E-05 
-6.023152E+00, 2.517994E-04 
-7.040288E+00, 1.114183E-04 
-5.842101E+00, 1.163833E-04 
9.051183E+00, 6.393150E-06 
6.486855E+00, 1.105627E-04 
-2.493139E+00, 9.386044E-04 
-3.190231E-01, 1.667922E-03 
-9.129659E+00, 1.768794E-05 
1.061286E+01, 8.811030E-06 
5.206760E-01, 1.344323E-03 
-8.439735E-01, 9.195265E-04 
-6.579242E+00, 1.589431E-04 
5.957874E-01, 1.099599E-03 
3.477512E+00, 8.987051E-04 
-5.752850E+00, 3.715781E-04 
9.193188E+00, 1.839486E-05 
-7.806189E+00, 3.580767E-05 
-2.859190E-01, 1.623442E-03 
-1.572246E+00, 8.742279E-04 
-3.902122E+00, 7.561215E-04 
-4.685079E+00, 3.950648E-04 
-9.681758E+00, 1.081182E-05 
8.039729E+00, 1.016810E-04 
-5.791847E+00, 1.560865E-04 
-2.327247E+00, 1.011199E-03 
9.786119E+00, 1.136360E-05 
-2.174809E+00, 1.160208E-03 
-8.258998E+00, 3.691027E-05 
-4.158822E+00, 3.038200E-04 
-1.154725E+01, 6.685093E-06 
-8.387046E+00, 3.206328E-05 
7.653744E+00, 7.603010E-05 
1.259378E+00, 1.167755E-03 
-7.539973E+00, 6.805324E-05 
-6.939647E+00, 1.195106E-04 
4.963640E+00, 3.640689E-04 
-6.572064E+00, 1.007728E-04 
8.171226E+00, 9.608063E-05 
-4.080836E+00, 3.843248E-04 
9.612159E+00, 1.457600E-05 
1.060962E+01, 5.191556E-06 
9.316432E+00, 1.457600E-05 
-3.450243E+00, 5.675410E-04 
4.286615E+00, 4.271058E-04 
8.606683E+00, 1.676510E-05 
-7.783239E+00, 5.888328E-05 
3.851993E+00, 1.079993E-03 
1.681277E+00, 1.165865E-03 
-1.824903E+00, 1.387225E-03 
-2.168703E+00, 7.983361E-04 
-5.199298E+00, 3.558258E-04 
-3.539221E+00, 6.274491E-04 
6.021885E+00, 2.066077E-04 
2.137402E+00, 1.220526E-03 
3.049970E+00, 7.838561E-04 
-1.574779E+00, 7.567158E-04 
-2.823451E+00, 7.949101E-04 
2.570101E+00, 1.372373E-03 
7.815102E+00, 6.962573E-05 
2.072404E+00, 7.788230E-04 
1.089424E+01, 4.712399E-06 
1.199614E+01, 4.776384E-06 
-2.215804E+00, 1.087844E-03 
6.954777E+00, 7.561859E-05 
-3.636490E+00, 9.942103E-04 
3.914860E+00, 3.974641E-04 
-1.443184E-01, 1.136042E-03 
-1.006114E+01, 1.958850E-05 
9.588488E+00, 1.084865E-05 
6.477260E+00, 1.039339E-04 
-9.934839E+00, 1.524054E-05 
-5.342240E-01, 1.079595E-03 
-7.595677E+00, 7.674470E-05 
1.291558E+00, 7.734701E-04 
6.601142E+00, 1.402611E-04 
-6.912643E+00, 9.646156E-05 
-1.319052E+01, 1.055344E-05 
1.512124E+00, 8.894503E-04 
-9.556534E+00, 1.182198E-05 
-6.674650E+00, 1.560865E-04 
7.619389E+00, 1.003367E-04 
-5.208331E+00, 2.668737E-04 
9.197712E+00, 1.736433E-05 
1.370608E+00, 1.054718E-03 
-1.348704E+00, 1.254681E-03 
1.954860E+00, 8.436785E-04 
-1.249655E+01, 8.306851E-06 
-2.453490E+00, 8.151870E-04 
-5.822877E+00, 2.142782E-04 
-1.262552E+00, 7.720890E-04 
8.728959E+00, 2.135010E-05 
7.315991E+00, 8.350646E-05 
-8.079282E+00, 3.028589E-05 
-1.238882E+01, 6.482804E-06 
2.897639E+00, 1.215212E-03 
-1.198886E+01, 1.034492E-05 
-7.560500E+00, 6.234737E-05 
1.283019E-01, 1.166750E-03 
7.317891E+00, 7.326298E-05 
2.031506E+00, 1.038070E-03 
6.075788E+00, 1.563406E-04 
-1.016421E+01, 1.160395E-05 
-8.029952E+00, 6.769759E-05 
-7.343025E+00, 8.447873E-05 
2.222413E+00, 1.483351E-03 
1.042981E+01, 8.709662E-06 
1.099211E+00, 9.436889E-04 
-7.348513E+00, 7.388883E-05 
-1.017867E+01, 1.990385E-05 
-9.149045E+00, 1.414993E-05 
1.136298E+00, 1.645004E-03 
9.303333E+00, 9.676290E-06 
3.482220E+00, 5.551457E-04 
1.346663E+00, 1.449107E-03 
7.621304E+00, 5.738676E-05 
-3.436588E+00, 8.321977E-04 
-1.010321E+01, 9.266113E-06 
-8.200442E+00, 3.017356E-05 
-4.936411E+00, 5.701805E-04 
5.381970E+00, 2.165549E-04 
1.452502E+00, 1.375498E-03 
-3.077095E+00, 8.873762E-04 
-9.359603E+00, 1.425916E-05 
-3.312905E+00, 5.836444E-04 
-2.506555E+00, 1.202240E-03 
2.398032E+00, 1.574591E-03 
1.016249E+00, 1.618405E-03 
2.431553E+00, 9.939432E-04 
-6.665802E+00, 1.126358E-04 
-4.655782E+00, 4.545995E-04 
-9.536552E+00, 1.195652E-05 
5.882778E+00, 2.460756E-04 
-2.235681E+00, 1.047767E-03 
2.640008E-01, 1.667485E-03 
4.519593E+00, 4.579320E-04 
6.877863E+00, 2.130345E-04 
-8.376096E-01, 4.437243E-04 
-7.525069E+00, 1.250748E-04 
-3.206255E+00, 5.900946E-04 
5.167462E+00, 2.655429E-04 
-1.027337E+01, 5.903947E-06 
1.053696E+01, 6.367652E-06 
1.357694E+00, 1.212143E-03 
1.083090E+00, 1.109418E-03 
5.170995E+00, 3.811772E-04 
6.374917E+00, 1.632449E-04 
-6.419248E+00, 1.319525E-04 
3.955976E+00, 1.017099E-03 
6.120244E+00, 2.591274E-04 
-6.616903E+00, 1.139907E-04 
6.406840E+00, 2.183628E-04 
-3.968102E+00, 8.326800E-04 
-6.667824E+00, 1.175843E-04 
-6.921206E-01, 9.734525E-04 
-1.168076E+01, 1.005231E-05 
1.096097E+00, 1.015731E-03 
-2.162620E+00, 1.093221E-03 
-9.290381E+00, 1.897077E-05 
6.593501E+00, 1.153572E-04 
1.189753E+01, 6.853081E-06 
-3.589801E+00, 6.276611E-04 
-8.992807E-01, 9.647023E-04 
-1.110958E+01, 6.685093E-06 
9.054241E+00, 6.977159E-06 
-3.686791E+00, 8.301942E-04 
-3.128624E+00, 1.261998E-03 
8.602956E-01, 1.108702E-03 
-5.634937E+00, 3.337704E-04 
-7.979089E+00, 3.691027E-05 
-9.777075E+00, 1.871592E-05 
-2.525526E+00, 1.296834E-03 
-4.857879E+00, 5.164612E-04 
-5.958494E+00, 1.437561E-04 
1.194771E+01, 8.249140E-06 
-5.890269E+00, 1.333340E-04 
-4.790815E+00, 3.741186E-04 
-4.026697E+00, 6.928814E-04 
5.700492E+00, 3.428874E-04 
-4.480178E+00, 3.478384E-04 
-8.254134E+00, 2.805786E-05 
-2.173934E+00, 1.209493E-03 
-1.641619E+00, 1.279956E-03 
-7.307078E+00, 1.077111E-04 
-9.034281E+00, 2.645034E-05 
1.726846E+00, 1.033536E-03 
1.056992E+01, 5.186007E-06 
-1.005730E+01, 7.529929E-06 
6.253370E+00, 1.241736E-04 
-9.675254E+00, 7.835754E-06 
-2.678032E-01, 1.330441E-03 
-8.579347E+00, 3.184039E-05 
-8.715858E+00, 2.635065E-05 
-8.833704E+00, 3.928536E-05 
-6.254656E+00, 1.009144E-04 
4.346104E+00, 6.123601E-04 
-7.643472E-01, 9.584106E-04 
8.749060E+00, 2.354875E-05 
5.034108E+00, 2.066077E-04 
-8.426618E+00, 4.738169E-05 
-6.149896E+00, 2.029311E-04 
6.994349E+00, 1.783666E-04 
2.764653E+00, 1.011538E-03 
-7.039047E+00, 1.402786E-04 
-1.002323E+01, 1.011135E-05 
5.061531E+00, 6.833778E-04 
-1.175813E+00, 7.555030E-04 
-6.171643E+00, 9.617742E-05 
-7.344192E+00, 8.723281E-05 
5.355883E+00, 1.944267E-04 
1.056788E+01, 4.712399E-06 
5.114589E-01, 1.589302E-03 
9.461906E+00, 6.398602E-06 
-2.165018E+00, 7.393432E-04 
-5.953120E+00, 3.235984E-04 
-9.090698E+00, 1.438076E-05 
1.213683E+01, 5.261161E-06 
-7.669958E+00, 5.557910E-05 
-5.527734E+00, 2.902899E-04 
4.539102E+00, 3.703892E-04 
-5.586218E+00, 3.323097E-04 
3.898978E-01, 1.428666E-03 
4.801319E+00, 3.405701E-04 
-1.191566E+00, 1.190183E-03 
1.074872E+00, 8.609653E-04 
-4.088404E+00, 3.813096E-04 
-2.537579E+00, 1.201093E-03 
-1.742454E+00, 1.062892E-03 
1.785717E+00, 1.061233E-03 
5.652720E+00, 2.922752E-04 
3.060060E+00, 9.158907E-04 
3.881269E+00, 6.277611E-04 
5.997622E+00, 1.375287E-04 
-1.675543E+00, 7.802005E-04 
2.040500E+00, 9.275431E-04 
-8.643888E+00, 1.847370E-05 
6.520776E+00, 1.375287E-04 
-4.954765E+00, 3.179819E-04 
-1.237344E-01, 1.276562E-03 
-3.213038E+00, 7.780146E-04 
-8.334770E+00, 3.231444E-05 
1.763749E+00, 1.140035E-03 
8.577820E+00, 6.333697E-05 
-3.011033E+00, 5.717343E-04 
-7.023761E+00, 1.047896E-04 
-9.573283E+00, 1.802356E-05 
-9.418500E+00, 1.558163E-05 
-2.990194E+00, 7.323013E-04 
8.788658E+00, 3.827213E-05 
7.342904E+00, 9.021096E-05 
-2.431882E+00, 8.068364E-04 
-7.812434E-01, 8.585859E-04 
1.207906E+01, 5.265922E-06 
9.166892E+00, 1.128193E-05 
-4.259817E+00, 4.663248E-04 
7.649067E+00, 6.585552E-05 
-3.287959E+00, 6.459731E-04 
2.584876E+00, 7.787252E-04 
1.043282E+01, 8.249140E-06 
-3.757112E+00, 6.174610E-04 
5.925668E-01, 1.266136E-03 
-7.804947E+00, 5.323965E-05 
8.029833E+00, 2.105527E-05 
-2.545749E+00, 1.231292E-03 
7.114477E+00, 6.055730E-05 
-7.704516E+00, 7.843108E-05 
8.795931E+00, 4.606991E-05 
-7.842695E+00, 3.384880E-05 
-1.094236E+01, 6.980549E-06 
-2.942543E+00, 5.957387E-04 
-4.050410E+00, 9.569699E-04 
-4.964936E+00, 4.626450E-04 
-7.460065E+00, 6.287254E-05 
-6.991020E+00, 1.075385E-04 
8.139748E+00, 5.325779E-05 
-9.024475E+00, 1.402248E-05 
-7.116745E-01, 9.679317E-04 
-6.460886E+00, 1.027291E-04 
-7.362998E+00, 5.094766E-05 
-1.939125E+00, 7.802005E-04 
1.095264E+01, 8.957157E-06 
7.658839E+00, 7.877566E-05 
-9.787081E+00, 1.115536E-05 
8.151003E+00, 3.075678E-05 
8.204715E+00, 3.108005E-05 
-9.999860E+00, 6.377840E-06 
-8.680403E+00, 1.765493E-05 
-1.025631E+01, 6.608222E-06 
1.021238E+01, 8.013207E-06 
-1.066081E+01, 5.903947E-06 
-1.038888E+01, 1.160395E-05 
9.800240E+00, 7.228621E-06 
-1.038620E+01, 1.233901E-05 
-8.937726E+00, 1.533551E-05 
-9.118604E+00, 1.448947E-05 
-8.983758E+00, 1.438076E-05 
-8.317623E+00, 3.384880E-05 
-8.265855E+00, 3.259135E-05 
-8.243863E+00, 2.975771E-05 
-6.182057E+00, 2.906305E-04 
-6.139145E+00, 1.382236E-04 
-6.253381E+00, 1.224255E-04 
-5.097244E+00, 2.761348E-04 
-5.388901E+00, 2.150116E-04 
-3.083116E+00, 6.405111E-04 
-1.001529E+01, 1.055238E-05 
-9.358621E+00, 1.348792E-05 
-9.107232E+00, 1.317533E-05 
-6.993006E+00, 7.932920E-05 
-7.153819E+00, 7.905764E-05 
-7.256234E+00, 7.879606E-05 
-7.288888E+00, 6.501755E-05 
-7.294153E+00, 6.391126E-05 
-7.242218E+00, 6.302279E-05 
-4.672799E+00, 4.699457E-04 
-4.391956E+00, 4.580649E-04 
-4.153062E+00, 4.500338E-04 
-4.153994E+00, 4.388602E-04 
-4.011589E+00, 3.882887E-04 
-2.704227E+00, 7.508095E-04 
-2.961172E+00, 7.323013E-04 
-1.064656E+00, 3.752883E-04 
-1.631467E+00, 7.416125E-04 
-1.430948E+00, 7.359976E-04 
3.143488E+00, 5.824063E-04 
5.131115E+00, 1.437615E-04 
5.311666E+00, 2.693903E-04 
-8.731982E-01, 3.752883E-04 
6.182165E+00, 1.375287E-04 
4.944249E+00, 1.437615E-04 
5.840160E+00, 1.362129E-04 
8.456877E+00, 5.275319E-05 
-4.031964E-01, 1.109311E-04 
-7.916642E-01, 1.109311E-04 
-5.915995E-01, 1.109311E-04 
-4.825032E-01, 1.109311E-04 
9.884203E+00, 5.295618E-06 
1.224204E+01, 4.663981E-06 
