8.731419E+00, 3.782861E-05 
-7.266671E+00, 4.974006E-05 
1.053602E+01, 5.354777E-06 
-4.181220E+00, 5.097036E-04 
9.111839E+00, 1.617994E-05 
3.248971E+00, 9.467784E-04 
-9.526792E+00, 1.116369E-05 
2.374523E+00, 1.160926E-03 
8.681881E-01, 1.483199E-03 
-2.559232E+00, 6.339949E-04 
-7.900976E+00, 9.327262E-05 
8.368770E+00, 5.062742E-05 
2.875723E+00, 9.734739E-04 
-5.451061E+00, 2.895007E-04 
-8.102436E-01, 9.770151E-04 
5.893910E+00, 2.388743E-04 
9.801695E+00, 7.863879E-06 
4.461240E+00, 5.430902E-04 
-1.031393E+01, 6.566538E-06 
-9.733290E+00, 8.443907E-06 
1.022955E+01, 7.121470E-06 
-2.500559E+00, 1.011090E-03 
3.016082E+00, 6.007209E-04 
1.180338E+01, 5.489606E-06 
-5.293023E+00, 3.707521E-04 
8.599628E+00, 3.825430E-05 
9.301288E+00, 1.233131E-05 
-3.541193E+00, 6.900470E-04 
5.968989E+00, 1.351670E-04 
8.447507E+00, 4.492243E-05 
6.397093E+00, 1.531219E-04 
-8.069451E+00, 3.835909E-05 
-8.174454E+00, 3.303630E-05 
3.980314E+00, 5.246377E-04 
-8.232902E+00, 2.692456E-05 
5.748623E+00, 2.994127E-04 
-1.057491E+01, 7.618198E-06 
-3.644153E+00, 4.535951E-04 
-7.545846E+00, 3.236209E-05 
9.463632E+00, 1.508902E-05 
6.734216E+00, 1.785765E-04 
9.953451E+00, 1.158925E-05 
9.186135E-01, 1.383697E-03 
8.266870E+00, 2.622035E-05 
3.218691E+00, 8.524036E-04 
6.488559E+00, 1.205707E-04 
9.565960E+00, 1.470255E-05 
5.841118E+00, 1.997969E-04 
2.538294E+00, 7.124448E-04 
-1.628694E+00, 9.661589E-04 
-6.604201E+00, 1.491631E-04 
-3.045070E+00, 6.451457E-04 
3.129379E+00, 1.166015E-03 
7.326480E+00, 1.065328E-04 
8.671231E+00, 5.636896E-05 
-9.769433E+00, 1.325023E-05 
3.049196E+00, 6.248871E-04 
-5.449190E+00, 3.553507E-04 
-8.724705E+00, 3.310716E-05 
2.647530E+00, 8.237520E-04 
6.709169E+00, 1.495842E-04 
5.930320E+00, 1.325017E-04 
-6.683962E+00, 1.458345E-04 
6.208252E+00, 1.647997E-04 
-9.797984E-01, 9.192510E-04 
9.670357E+00, 1.495959E-05 
2.571326E-01, 1.196604E-03 
1.329993E+00, 1.103547E-03 
-6.575994E+00, 2.420299E-04 
3.332313E+00, 6.280943E-04 
5.886199E+00, 2.074614E-04 
-4.560357E+00, 3.707521E-04 
-3.007153E+00, 5.960615E-04 
-9.661954E+00, 7.402146E-06 
8.268026E+00, 2.116746E-05 
5.552394E+00, 2.165042E-04 
-2.675397E+00, 8.666510E-04 
-5.606517E+00, 2.685874E-04 
-6.021878E+00, 1.817639E-04 
-5.787406E-01, 1.116908E-03 
-4.469069E+00, 4.055398E-04 
1.614193E+00, 9.583744E-04 
-8.749316E+00, 3.177189E-05 
4.110907E+00, 4.145349E-04 
1.268040E+00, 1.165018E-03 
-6.637377E+00, 1.793697E-04 
7.906926E+00, 4.417291E-05 
-3.699819E+00, 5.318319E-04 
1.013535E+01, 1.630200E-05 
3.054849E-01, 8.881549E-04 
7.347355E+00, 7.012571E-05 
6.667079E+00, 1.550082E-04 
-6.841313E+00, 2.275929E-04 
6.652787E+00, 1.416440E-04 
4.245290E+00, 6.024986E-04 
-1.130148E+01, 8.095939E-06 
2.991619E+00, 6.639103E-04 
5.574629E+00, 2.405616E-04 
-2.568913E+00, 6.478350E-04 
4.685326E+00, 5.258219E-04 
-1.725223E-01, 1.566816E-03 
-1.213949E+00, 1.297482E-03 
8.709413E+00, 3.232155E-05 
-8.504610E+00, 1.945377E-05 
-3.590765E+00, 5.007523E-04 
7.175546E+00, 1.585953E-04 
7.275163E+00, 1.014155E-04 
4.527082E+00, 3.097395E-04 
-1.054819E+01, 6.024268E-06 
7.088249E+00, 1.398271E-04 
4.365370E+00, 6.314987E-04 
-1.249115E+01, 5.382279E-06 
-7.151623E+00, 7.154520E-05 
6.136347E+00, 1.590311E-04 
-9.184158E-03, 1.206024E-03 
4.080655E+00, 4.750243E-04 
-7.343273E+00, 9.961898E-05 
-7.152041E+00, 6.107793E-05 
8.618056E+00, 2.392733E-05 
-8.217955E+00, 8.990936E-05 
8.818829E+00, 3.429280E-05 
3.511408E+00, 8.993125E-04 
-7.274524E+00, 8.473780E-05 
-5.267829E+00, 2.952485E-04 
6.040059E+00, 2.731222E-04 
-4.511618E+00, 3.714595E-04 
-3.096845E+00, 4.420197E-04 
-1.150459E+01, 6.607894E-06 
8.489331E-01, 1.204309E-03 
3.059323E+00, 7.573575E-04 
-7.560445E+00, 7.666962E-05 
-1.744188E+00, 1.541817E-03 
-2.748327E+00, 7.196729E-04 
-5.793453E+00, 2.414674E-04 
3.863174E+00, 3.273114E-04 
2.445523E+00, 8.997414E-04 
-6.324728E+00, 2.800861E-04 
1.992485E+00, 1.416989E-03 
1.016493E+01, 6.572936E-06 
1.310953E+01, 6.689112E-06 
5.757795E+00, 3.073359E-04 
2.999232E+00, 1.087742E-03 
-4.144089E+00, 5.587319E-04 
-9.786543E+00, 8.567949E-06 
2.434255E+00, 9.791713E-04 
1.232250E+00, 1.457412E-03 
-6.280945E+00, 1.766508E-04 
3.713628E+00, 7.338447E-04 
2.650300E+00, 7.726562E-04 
6.361065E+00, 1.813679E-04 
-3.114972E+00, 5.507554E-04 
4.261558E+00, 4.386424E-04 
-6.917396E+00, 2.132847E-04 
-1.306561E+00, 8.925220E-04 
1.090329E+00, 1.077326E-03 
1.479860E+00, 1.077326E-03 
-1.040286E+01, 6.911629E-06 
9.022083E+00, 2.631323E-05 
-7.519231E+00, 5.476676E-05 
-6.873154E-01, 1.539898E-03 
-2.762255E+00, 7.859751E-04 
-5.448034E+00, 3.583094E-04 
-3.965994E+00, 7.881224E-04 
-3.912119E+00, 4.398118E-04 
-4.246340E-01, 1.582678E-03 
-7.499478E+00, 9.392486E-05 
1.048259E+01, 7.731747E-06 
-1.028227E+00, 9.057226E-04 
8.674276E+00, 5.290960E-05 
8.829123E+00, 1.144540E-05 
5.345585E+00, 2.582341E-04 
-4.783583E+00, 2.983262E-04 
-9.442988E+00, 1.592363E-05 
-5.852222E+00, 4.244769E-04 
-9.406533E+00, 1.823852E-05 
-4.995859E+00, 3.005480E-04 
4.372658E+00, 4.590401E-04 
-1.897106E+00, 1.143996E-03 
-2.467605E+00, 6.264212E-04 
-2.134234E+00, 7.698707E-04 
7.192282E+00, 5.655046E-05 
-5.383631E+00, 2.667505E-04 
1.138409E+00, 1.209180E-03 
-6.523934E+00, 2.655976E-04 
-6.580353E+00, 1.518153E-04 
-1.060364E+01, 4.430518E-06 
-4.372675E+00, 4.028982E-04 
-3.285891E+00, 6.553719E-04 
-8.113189E+00, 2.466247E-05 
9.262109E+00, 2.219903E-05 
1.710976E-01, 1.472099E-03 
6.885945E+00, 1.026298E-04 
1.112419E+00, 1.264996E-03 
1.249580E+00, 1.417315E-03 
-9.063341E+00, 1.490501E-05 
8.330934E+00, 2.917643E-05 
1.224665E+00, 9.433117E-04 
8.749291E-01, 1.377966E-03 
8.122998E+00, 3.030727E-05 
9.787303E+00, 1.549052E-05 
-3.143149E+00, 4.398118E-04 
-4.485463E+00, 2.941958E-04 
-1.574824E-01, 1.109553E-03 
1.276884E+00, 1.451637E-03 
-1.022036E+01, 4.949745E-06 
-3.019585E+00, 9.021982E-04 
3.384868E+00, 6.088459E-04 
1.153270E+00, 1.280183E-03 
-7.105079E+00, 9.082643E-05 
-3.418794E+00, 7.654781E-04 
-4.439789E+00, 5.469419E-04 
-6.099237E+00, 1.692725E-04 
-6.574268E+00, 1.699392E-04 
7.780549E+00, 6.723609E-05 
4.749811E+00, 4.461138E-04 
3.447813E+00, 7.086117E-04 
-1.515623E-01, 1.854578E-03 
-2.605318E+00, 6.451457E-04 
-1.941676E+00, 5.744626E-04 
-1.062437E+01, 6.568642E-06 
6.658341E+00, 1.387693E-04 
-7.326241E+00, 6.621432E-05 
2.679654E+00, 6.957586E-04 
1.057168E+01, 5.435779E-06 
-1.271144E+01, 8.413946E-06 
-4.843019E+00, 3.225162E-04 
6.872216E+00, 9.915633E-05 
-6.076693E+00, 4.537033E-04 
5.090373E+00, 1.969132E-04 
-3.840497E+00, 3.926450E-04 
-1.801160E+00, 1.307573E-03 
-4.409575E+00, 4.102274E-04 
2.538703E+00, 1.161585E-03 
1.178412E+00, 7.680992E-04 
-7.725252E+00, 3.860006E-05 
8.027711E+00, 6.198555E-05 
-9.000402E+00, 1.374589E-05 
-9.773683E+00, 7.056734E-06 
4.327032E+00, 5.980094E-04 
5.880921E+00, 3.663734E-04 
4.071730E+00, 5.613011E-04 
4.546183E-01, 1.250247E-03 
-6.459630E+00, 2.380097E-04 
-5.053741E+00, 4.314771E-04 
-1.065905E+01, 4.430518E-06 
8.055294E+00, 6.127412E-05 
-1.176168E+01, 6.635590E-06 
9.236678E+00, 3.162013E-05 
1.059806E+01, 7.092793E-06 
-9.355738E+00, 1.217858E-05 
7.464392E+00, 6.842825E-05 
4.236431E+00, 4.386364E-04 
2.693485E+00, 1.146582E-03 
1.759090E+00, 9.456269E-04 
-2.468296E+00, 5.744626E-04 
1.034126E+01, 7.702450E-06 
-3.251945E+00, 5.550803E-04 
6.605922E+00, 1.359507E-04 
4.600578E+00, 5.245376E-04 
1.317794E+00, 7.792075E-04 
5.607348E+00, 2.705451E-04 
1.653735E+00, 1.089215E-03 
9.700303E+00, 8.863721E-06 
-3.338763E+00, 5.596167E-04 
5.895661E+00, 2.577578E-04 
4.025099E+00, 4.202111E-04 
-2.828765E+00, 1.111640E-03 
4.275208E+00, 4.824837E-04 
-4.105411E-01, 1.130299E-03 
-1.012424E+01, 5.250381E-06 
8.749884E-01, 1.514113E-03 
-7.615337E+00, 2.897422E-05 
-4.296022E+00, 4.713867E-04 
-7.183802E+00, 8.490711E-05 
-1.466960E+00, 9.336164E-04 
5.041966E+00, 3.097395E-04 
2.397444E+00, 1.167865E-03 
3.574107E+00, 7.779529E-04 
-6.482500E+00, 1.573944E-04 
1.901027E+00, 9.619585E-04 
-3.125367E+00, 5.836220E-04 
7.330307E+00, 8.167969E-05 
-1.297511E+00, 1.017973E-03 
-5.319633E+00, 3.338262E-04 
7.402954E+00, 7.658890E-05 
-3.853625E+00, 5.008232E-04 
7.157925E+00, 6.294674E-05 
7.434390E+00, 1.593316E-04 
5.364074E+00, 3.054912E-04 
2.505358E+00, 6.296098E-04 
-4.731352E+00, 3.084961E-04 
1.090266E+01, 4.646661E-06 
8.989196E+00, 2.208646E-05 
-8.079532E+00, 4.873829E-05 
2.844173E+00, 1.191947E-03 
1.140118E+01, 7.702450E-06 
5.529252E+00, 2.903645E-04 
1.048989E+01, 6.382330E-06 
-2.976731E+00, 4.420197E-04 
8.827325E+00, 1.013194E-05 
-3.213667E-01, 1.449663E-03 
2.799904E+00, 9.243905E-04 
1.114262E+00, 1.211448E-03 
6.837490E+00, 1.374707E-04 
1.071702E+01, 5.435779E-06 
1.055849E+01, 5.067875E-06 
9.627909E-01, 1.204252E-03 
1.019903E+01, 8.020327E-06 
9.008425E+00, 1.090066E-05 
-2.550279E+00, 7.147859E-04 
1.020219E+01, 4.987043E-06 
-5.614303E+00, 2.487913E-04 
-9.603393E+00, 6.018319E-06 
-1.116914E+01, 7.738357E-06 
-2.211989E+00, 6.904902E-04 
9.338583E-01, 9.767567E-04 
-9.362736E+00, 1.469003E-05 
-1.679257E+00, 1.427413E-03 
1.119068E+01, 7.409725E-06 
-2.234246E-01, 1.520487E-03 
1.150572E+00, 1.218278E-03 
9.428306E-01, 1.198126E-03 
-3.074815E+00, 5.505003E-04 
1.071842E+01, 6.662568E-06 
-1.062728E+01, 8.760281E-06 
-7.039551E+00, 8.396547E-05 
8.108271E+00, 6.412509E-05 
5.384189E+00, 2.405616E-04 
-1.074514E+01, 8.177940E-06 
1.534611E+00, 1.113259E-03 
6.668440E+00, 8.469113E-05 
-8.602124E+00, 3.144976E-05 
-5.887874E+00, 3.903856E-04 
4.160481E+00, 4.239107E-04 
6.848187E+00, 1.194372E-04 
-9.035960E+00, 2.122035E-05 
2.047686E+00, 1.138925E-03 
-9.136539E+00, 1.945377E-05 
-7.182325E+00, 1.671944E-04 
4.962828E+00, 3.367905E-04 
-1.064812E+01, 6.568642E-06 
7.622453E+00, 6.307087E-05 
3.947519E+00, 7.699923E-04 
-3.062466E+00, 5.696571E-04 
-3.958657E+00, 4.796274E-04 
7.344105E+00, 8.915483E-05 
-2.425162E+00, 6.600745E-04 
-3.311305E+00, 5.024227E-04 
-3.604932E+00, 6.490048E-04 
-8.424991E+00, 3.631616E-05 
-4.259401E+00, 4.598331E-04 
6.937212E+00, 1.238631E-04 
-1.349921E+00, 8.455084E-04 
-1.001389E+01, 6.682619E-06 
-5.017255E-01, 1.782076E-03 
6.286339E+00, 1.253130E-04 
-1.265084E+01, 5.808845E-06 
-7.454725E+00, 8.216982E-05 
-1.016976E+01, 7.756106E-06 
1.939514E+00, 1.561478E-03 
2.363705E+00, 9.455354E-04 
-8.402005E+00, 4.424799E-05 
6.314286E+00, 1.239075E-04 
5.609888E+00, 2.988172E-04 
-2.242744E+00, 8.042043E-04 
-9.473857E+00, 1.532333E-05 
3.675855E+00, 9.051441E-04 
-1.041956E+01, 8.567949E-06 
-8.652396E+00, 2.111008E-05 
-6.122358E+00, 4.034140E-04 
4.240359E+00, 7.592065E-04 
1.777224E+00, 7.721608E-04 
4.593972E+00, 5.510303E-04 
-6.703153E+00, 1.667589E-04 
3.291910E+00, 5.996745E-04 
-9.151968E+00, 1.430172E-05 
-1.150623E+00, 8.996563E-04 
5.452330E+00, 3.054124E-04 
6.880634E+00, 1.451823E-04 
-7.898377E-01, 1.150258E-03 
9.333605E+00, 1.010510E-05 
1.367430E+00, 1.302051E-03 
3.059620E+00, 5.957375E-04 
2.208452E+00, 6.882668E-04 
-1.724182E+00, 1.133242E-03 
1.124917E+01, 6.303851E-06 
-2.582624E+00, 7.646092E-04 
-1.715970E+00, 1.080278E-03 
-1.075256E+01, 4.871693E-06 
2.295912E+00, 8.675541E-04 
-9.033222E-01, 1.217692E-03 
7.027410E-01, 1.311264E-03 
8.187518E-01, 1.243799E-03 
-3.318252E+00, 6.303056E-04 
4.326697E+00, 4.981443E-04 
-4.995426E+00, 4.498069E-04 
-1.086206E+01, 6.229188E-06 
8.391235E+00, 3.310431E-05 
4.720439E+00, 6.282719E-04 
-3.618836E+00, 5.345022E-04 
6.833966E-01, 1.435607E-03 
-7.781156E+00, 1.422963E-04 
-7.459260E+00, 7.720012E-05 
2.542042E+00, 8.238140E-04 
-2.829805E+00, 6.774412E-04 
-3.028869E+00, 6.053175E-04 
-3.430019E+00, 5.560811E-04 
5.853257E+00, 3.075690E-04 
7.188365E+00, 1.194372E-04 
4.093414E+00, 6.111559E-04 
-5.368214E+00, 3.038852E-04 
2.561406E+00, 8.724441E-04 
-9.991748E+00, 8.813422E-06 
-9.214956E+00, 1.423873E-05 
1.130847E+01, 7.373763E-06 
-5.075526E+00, 3.052372E-04 
2.895626E+00, 8.294624E-04 
1.039164E+01, 5.825693E-06 
-2.917341E+00, 7.726269E-04 
-6.219010E+00, 1.924218E-04 
-7.209124E+00, 7.302482E-05 
5.986047E+00, 1.133989E-04 
4.091568E+00, 4.818336E-04 
6.600322E+00, 1.210170E-04 
-8.316577E+00, 4.176183E-05 
-7.988517E+00, 5.873019E-05 
-4.110678E+00, 3.783347E-04 
7.645421E+00, 6.752659E-05 
-5.148034E+00, 3.553507E-04 
-7.474150E+00, 9.589020E-05 
9.578400E-02, 9.050404E-04 
5.264671E+00, 3.245040E-04 
-5.439406E+00, 4.573767E-04 
1.039304E+00, 1.305310E-03 
-2.764693E+00, 6.088294E-04 
-9.231074E+00, 7.199152E-06 
-5.524241E+00, 3.583094E-04 
-1.125331E+01, 4.940392E-06 
4.290383E+00, 3.367905E-04 
9.631942E+00, 1.074780E-05 
-9.059708E+00, 1.546467E-05 
-1.139121E+00, 8.808410E-04 
6.439619E+00, 1.995744E-04 
8.484886E+00, 3.049824E-05 
9.233124E+00, 3.416212E-05 
-8.068280E+00, 3.809495E-05 
8.770339E+00, 9.676335E-06 
9.409251E+00, 1.931235E-05 
5.603876E+00, 3.116345E-04 
9.378088E+00, 1.748250E-05 
-1.054580E+01, 5.313866E-06 
-8.055075E+00, 5.765234E-05 
-1.204261E+00, 1.368433E-03 
-9.726861E+00, 1.158050E-05 
7.875220E+00, 5.225647E-05 
9.110197E+00, 1.397917E-05 
7.046057E+00, 6.552186E-05 
4.579453E+00, 3.233944E-04 
7.683122E+00, 6.687301E-05 
-4.214102E+00, 4.573767E-04 
1.946682E+00, 8.754575E-04 
7.565294E+00, 6.203403E-05 
8.905209E+00, 5.007710E-05 
5.943887E+00, 2.186123E-04 
1.025079E+01, 7.593183E-06 
-5.644421E+00, 3.886412E-04 
-5.352421E+00, 3.806298E-04 
-3.543957E+00, 5.235354E-04 
-7.622045E+00, 4.529999E-05 
1.000220E+01, 5.065971E-06 
-9.876712E+00, 8.599974E-06 
3.455592E+00, 1.158515E-03 
-8.094369E+00, 6.400085E-05 
-5.110092E+00, 2.828085E-04 
1.113312E+01, 6.428707E-06 
-5.291897E+00, 4.194600E-04 
6.913274E+00, 1.092939E-04 
-4.752237E+00, 3.587394E-04 
-6.611770E+00, 1.813988E-04 
-8.542120E+00, 3.223256E-05 
5.969968E+00, 2.856235E-04 
-8.091256E+00, 3.160429E-05 
1.133334E+00, 9.456269E-04 
7.004092E+00, 8.755393E-05 
-5.580950E+00, 2.541509E-04 
-5.500215E-01, 1.193171E-03 
2.922503E+00, 7.600362E-04 
-8.171811E+00, 4.945624E-05 
-4.164185E+00, 3.950687E-04 
5.115085E+00, 3.457453E-04 
2.721852E+00, 8.864341E-04 
-4.429600E-01, 1.239577E-03 
-4.345400E+00, 5.375834E-04 
-6.512049E-01, 1.326948E-03 
-4.296586E+00, 5.151962E-04 
6.198557E+00, 1.537051E-04 
-3.194706E+00, 6.994348E-04 
3.388868E+00, 9.921913E-04 
-5.555920E+00, 3.338247E-04 
-2.750029E+00, 7.578354E-04 
3.770165E+00, 7.496520E-04 
-7.898677E+00, 3.072913E-05 
-2.305689E+00, 6.878773E-04 
-9.348022E+00, 1.445787E-05 
-9.364410E+00, 8.688326E-06 
-6.552992E+00, 2.446386E-04 
-5.321150E+00, 3.403276E-04 
-7.526685E+00, 7.949375E-05 
7.043594E+00, 1.041232E-04 
1.000001E+01, 7.121470E-06 
1.150410E+01, 8.860885E-06 
-8.721164E+00, 3.111010E-05 
5.141866E+00, 1.969132E-04 
-4.083632E+00, 5.430232E-04 
3.485517E+00, 5.846308E-04 
-1.700021E+00, 1.055293E-03 
1.045775E+01, 6.382330E-06 
-6.527330E+00, 1.692725E-04 
9.043817E-01, 1.526670E-03 
3.892150E+00, 9.426844E-04 
1.157660E+00, 8.464666E-04 
8.444259E+00, 2.599184E-05 
-2.768793E+00, 8.105175E-04 
-9.673129E-01, 9.038234E-04 
9.111706E+00, 1.950519E-05 
-1.416637E+00, 1.346545E-03 
4.454728E+00, 4.303042E-04 
8.058945E-02, 1.475099E-03 
-8.584383E+00, 5.444589E-05 
-8.168597E+00, 3.362366E-05 
8.209127E+00, 4.353907E-05 
-8.269299E+00, 2.660239E-05 
2.462554E+00, 8.290290E-04 
4.745845E-01, 1.299048E-03 
2.689584E+00, 1.087063E-03 
-1.217000E+01, 4.700930E-06 
9.566423E+00, 2.152094E-05 
3.488812E+00, 8.372993E-04 
1.762130E+00, 1.060973E-03 
9.307528E+00, 1.746596E-05 
-9.202702E+00, 1.739353E-05 
-5.383552E+00, 3.436048E-04 
-2.370389E+00, 1.131569E-03 
2.097306E+00, 7.250213E-04 
7.772176E+00, 5.655046E-05 
5.403568E+00, 2.420793E-04 
1.175279E+01, 8.079960E-06 
6.293521E-01, 1.213378E-03 
4.317910E+00, 5.381732E-04 
-8.241500E+00, 3.094619E-05 
1.021569E+00, 1.237366E-03 
6.433336E+00, 1.649523E-04 
1.755522E+00, 1.398632E-03 
2.332371E-01, 1.207515E-03 
-8.232800E+00, 1.962038E-05 
-9.020148E+00, 1.700014E-05 
8.668983E+00, 4.790710E-05 
-6.706279E+00, 1.434169E-04 
-3.824469E+00, 5.400962E-04 
8.363038E+00, 3.835265E-05 
7.622728E+00, 6.644959E-05 
9.528700E+00, 1.397917E-05 
-6.320876E+00, 1.530181E-04 
-1.761175E+00, 9.079280E-04 
2.694327E+00, 9.237669E-04 
4.249546E-01, 1.068724E-03 
-2.273122E+00, 6.450847E-04 
-6.275130E+00, 1.807993E-04 
-7.082024E+00, 1.271714E-04 
9.805282E+00, 1.518712E-05 
2.728670E+00, 9.116418E-04 
-5.477810E+00, 2.724517E-04 
-1.520707E-01, 1.438236E-03 
9.238837E+00, 3.531149E-05 
-9.353051E-01, 1.496717E-03 
4.192898E+00, 6.776604E-04 
2.658404E+00, 6.652455E-04 
-7.365834E+00, 9.106061E-05 
-9.693103E+00, 1.250551E-05 
2.048515E+00, 1.044129E-03 
7.574040E+00, 7.830734E-05 
-9.121154E+00, 1.374505E-05 
1.300107E-01, 1.201466E-03 
-6.403266E+00, 2.067577E-04 
4.197482E+00, 4.836635E-04 
-4.514555E+00, 3.012832E-04 
7.262038E+00, 7.833572E-05 
1.777464E+00, 1.527946E-03 
3.802597E+00, 9.046887E-04 
6.888602E+00, 8.777290E-05 
-6.463825E+00, 1.697259E-04 
-1.146591E+01, 4.705427E-06 
9.125114E+00, 1.783152E-05 
-4.341740E+00, 4.999060E-04 
5.916237E+00, 2.204630E-04 
-8.422373E+00, 1.945377E-05 
4.808992E+00, 5.901474E-04 
-3.889964E+00, 3.096649E-04 
-9.278173E-01, 1.787431E-03 
-1.076651E+01, 4.940392E-06 
-9.978226E+00, 6.710520E-06 
-3.666986E+00, 6.648010E-04 
7.238618E+00, 8.202577E-05 
5.168588E+00, 4.811233E-04 
-2.722765E+00, 9.698497E-04 
2.438914E+00, 9.319829E-04 
-1.118366E+01, 6.030216E-06 
9.509210E+00, 1.214278E-05 
2.108249E+00, 1.165177E-03 
3.238891E+00, 9.175892E-04 
4.754831E+00, 3.279445E-04 
-1.406776E+00, 1.073707E-03 
-1.069802E+01, 7.289251E-06 
8.810723E+00, 1.561241E-05 
-8.357808E-01, 1.852556E-03 
-4.369211E+00, 4.756043E-04 
-7.760205E+00, 5.870861E-05 
-5.660616E+00, 3.089685E-04 
3.721853E+00, 6.490079E-04 
-1.099541E+00, 2.100416E-03 
-9.993857E+00, 1.445787E-05 
-7.112005E+00, 1.431262E-04 
4.752203E+00, 3.830922E-04 
-3.317652E+00, 4.759274E-04 
-4.069919E-01, 1.223847E-03 
-6.589595E+00, 1.357725E-04 
7.794047E+00, 2.882271E-05 
-3.491108E+00, 7.547981E-04 
-7.272840E+00, 5.297298E-05 
-7.915493E-01, 7.818548E-04 
-3.858005E+00, 6.528912E-04 
8.824931E+00, 1.707198E-05 
-1.571105E+00, 1.056445E-03 
-9.948286E+00, 8.678541E-06 
6.235656E+00, 1.891217E-04 
6.678944E+00, 1.514690E-04 
-1.034984E+00, 1.320479E-03 
-9.450863E+00, 1.514206E-05 
-4.751868E+00, 3.144207E-04 
-4.916036E+00, 2.676759E-04 
5.261168E+00, 2.277199E-04 
-2.167592E+00, 1.385529E-03 
9.278051E+00, 1.748250E-05 
-7.236688E+00, 4.003492E-05 
-5.823862E+00, 3.084411E-04 
-2.197603E+00, 6.451302E-04 
7.778804E+00, 5.366723E-05 
9.011048E+00, 2.104138E-05 
-3.331774E+00, 8.053988E-04 
-2.782091E+00, 1.121607E-03 
3.124118E+00, 7.512949E-04 
-3.009707E+00, 7.266128E-04 
-6.020343E+00, 2.072308E-04 
3.538058E+00, 8.712508E-04 
-7.862514E-01, 1.130299E-03 
8.422836E+00, 2.234606E-05 
-1.083120E+00, 1.512227E-03 
-8.830425E+00, 2.276043E-05 
9.057155E+00, 1.576854E-05 
3.641114E+00, 1.037935E-03 
-5.293603E+00, 3.980821E-04 
-1.058498E+00, 1.107122E-03 
3.073139E+00, 8.852142E-04 
-8.367508E+00, 2.473838E-05 
4.617026E+00, 4.330085E-04 
-9.309574E+00, 1.204303E-05 
-8.156946E+00, 2.602381E-05 
-4.111336E+00, 4.162945E-04 
-5.869319E+00, 3.033081E-04 
-6.299035E+00, 2.163601E-04 
-5.274736E+00, 3.532783E-04 
-8.300267E+00, 2.470025E-05 
-9.020826E+00, 1.743054E-05 
9.898245E+00, 1.088611E-05 
8.057584E+00, 4.369523E-05 
6.045842E+00, 2.224084E-04 
-9.130637E-01, 1.448174E-03 
-2.338264E+00, 7.698707E-04 
8.674740E+00, 3.493191E-05 
-6.504101E+00, 1.496739E-04 
-1.705942E+00, 1.423386E-03 
-1.375424E+00, 9.793408E-04 
-2.935760E+00, 6.135271E-04 
8.945976E+00, 1.377188E-05 
-1.036030E+01, 6.024268E-06 
5.566850E+00, 2.071809E-04 
1.639387E+00, 1.198360E-03 
1.101718E+01, 5.693551E-06 
5.778723E+00, 3.706364E-04 
-1.004331E+01, 5.499299E-06 
4.440701E+00, 5.998180E-04 
-1.718901E+00, 9.490370E-04 
-8.061890E-01, 1.397599E-03 
-1.385463E+00, 1.217486E-03 
-6.939829E+00, 7.154520E-05 
7.213898E+00, 9.197625E-05 
8.619786E+00, 1.988522E-05 
-9.885628E+00, 1.325023E-05 
8.116640E+00, 3.540868E-05 
8.588375E+00, 2.913606E-05 
-3.937602E+00, 7.459915E-04 
5.359129E+00, 2.489620E-04 
-1.282941E+01, 5.335198E-06 
7.612246E+00, 4.856453E-05 
1.009189E+01, 8.599700E-06 
-8.149929E+00, 2.425060E-05 
-9.707726E+00, 1.225723E-05 
-1.667655E+00, 1.067389E-03 
-1.096260E+00, 1.270115E-03 
-7.714394E+00, 1.073651E-04 
1.009078E+01, 7.970002E-06 
1.007122E+01, 8.496117E-06 
-2.776413E+00, 7.945799E-04 
4.667240E+00, 4.340158E-04 
9.356706E+00, 3.161541E-05 
9.844101E+00, 1.223990E-05 
9.109230E+00, 2.653940E-05 
4.428774E+00, 5.930619E-04 
-1.609419E+00, 1.320149E-03 
6.890976E+00, 9.722857E-05 
-7.519269E+00, 1.300520E-04 
-2.516866E-01, 1.063877E-03 
-6.955065E+00, 2.068065E-04 
-8.347986E+00, 3.435053E-05 
-7.018157E+00, 9.755564E-05 
7.408568E+00, 1.047051E-04 
-2.576948E+00, 5.660985E-04 
5.791601E+00, 3.563655E-04 
1.584359E+00, 9.791713E-04 
6.003850E+00, 2.834097E-04 
-8.382952E+00, 3.223256E-05 
6.478291E+00, 1.468903E-04 
2.881200E+00, 6.858751E-04 
4.142656E+00, 4.192380E-04 
-8.753183E+00, 2.276043E-05 
1.012931E+01, 6.721631E-06 
-1.138646E+01, 6.415429E-06 
-4.328409E+00, 2.917365E-04 
3.561940E+00, 7.314057E-04 
-1.182254E+01, 4.868909E-06 
-8.940773E+00, 2.137678E-05 
-9.518307E+00, 1.577193E-05 
-9.531079E+00, 1.539740E-05 
-3.477692E+00, 6.382842E-04 
-7.269702E+00, 8.556578E-05 
3.761343E-01, 1.122385E-03 
-8.660336E+00, 2.972039E-05 
8.582765E+00, 3.566304E-05 
-9.815945E+00, 7.104848E-06 
-2.124885E+00, 7.904334E-04 
2.137969E+00, 6.230188E-04 
-1.091577E+00, 1.194816E-03 
8.008235E-01, 1.179420E-03 
-9.677367E+00, 1.541946E-05 
-9.849819E+00, 7.859731E-06 
1.450626E+00, 1.493364E-03 
-5.355194E-01, 1.126094E-03 
-8.981681E+00, 2.111008E-05 
-1.101697E+01, 6.954047E-06 
-7.294039E+00, 8.556578E-05 
4.768362E+00, 5.421033E-04 
-1.360195E+00, 1.482793E-03 
1.751166E+00, 1.185584E-03 
-5.362952E+00, 3.962989E-04 
-6.120554E+00, 2.678672E-04 
-9.535159E+00, 1.410422E-05 
8.257415E+00, 2.440751E-05 
9.511582E+00, 1.561241E-05 
9.140591E+00, 1.209221E-05 
5.536289E+00, 3.015994E-04 
-3.367242E+00, 6.869709E-04 
-8.655386E+00, 2.509260E-05 
-7.154533E+00, 8.165211E-05 
-4.632381E+00, 5.204928E-04 
-7.723237E+00, 6.831580E-05 
3.049773E+00, 7.235785E-04 
1.343758E+00, 8.331138E-04 
-3.403650E+00, 5.608291E-04 
-3.494984E+00, 6.161546E-04 
-6.836019E+00, 2.571609E-04 
1.031912E+01, 8.678736E-06 
-2.976997E+00, 5.680948E-04 
5.751020E+00, 2.267979E-04 
5.902409E+00, 1.041232E-04 
3.924774E+00, 8.104310E-04 
-7.516562E+00, 6.944278E-05 
8.601613E-01, 9.583744E-04 
6.864358E+00, 8.777290E-05 
-5.197555E+00, 4.055398E-04 
-2.558636E+00, 8.112536E-04 
-1.750898E+00, 1.193114E-03 
1.921389E+00, 7.721608E-04 
-9.784985E+00, 1.778684E-05 
2.437520E+00, 7.675485E-04 
1.665277E-02, 1.263170E-03 
6.895670E+00, 1.351670E-04 
-1.193017E+01, 5.269539E-06 
6.151913E+00, 1.562422E-04 
1.307054E+00, 9.705639E-04 
-7.068548E+00, 1.484305E-04 
2.316484E+00, 7.902169E-04 
2.156398E+00, 7.849402E-04 
-7.829583E+00, 7.229139E-05 
-7.928842E+00, 3.094619E-05 
6.711259E+00, 1.028373E-04 
8.272051E+00, 6.356576E-05 
-6.183488E+00, 3.144207E-04 
4.364681E-01, 1.186246E-03 
6.418959E+00, 1.233363E-04 
3.512768E-01, 1.346869E-03 
1.011525E+01, 4.946821E-06 
3.042688E+00, 6.111559E-04 
3.707769E+00, 6.017321E-04 
9.188524E-01, 1.411004E-03 
-8.114324E-01, 1.101828E-03 
6.407117E+00, 1.434639E-04 
1.814293E+00, 8.652508E-04 
-5.003469E+00, 3.403306E-04 
-5.958009E+00, 2.155185E-04 
-1.088428E+01, 8.739036E-06 
7.151772E-01, 1.150531E-03 
-7.589713E+00, 7.841645E-05 
5.249621E+00, 3.612403E-04 
-5.549389E+00, 2.761763E-04 
2.620428E+00, 1.015206E-03 
6.162821E+00, 1.327741E-04 
7.652762E+00, 1.479105E-04 
2.659437E+00, 9.467485E-04 
7.696750E+00, 5.387189E-05 
7.536060E+00, 4.369523E-05 
1.092486E+01, 7.303176E-06 
-3.194721E+00, 7.834898E-04 
9.715121E+00, 1.949322E-05 
7.781808E+00, 7.238222E-05 
2.427080E+00, 8.612609E-04 
2.551425E+00, 8.621944E-04 
7.087723E+00, 1.321523E-04 
1.069822E+01, 7.052493E-06 
5.734866E+00, 2.212536E-04 
1.002437E+01, 9.974086E-06 
-1.675099E+00, 1.144781E-03 
9.518869E+00, 3.189497E-05 
2.023181E+00, 1.017602E-03 
-1.995390E+00, 7.128364E-04 
-4.345876E+00, 3.005480E-04 
6.305750E+00, 1.740572E-04 
-1.669020E+00, 1.101544E-03 
9.444377E+00, 2.102924E-05 
-2.856242E+00, 8.050140E-04 
-4.486894E+00, 3.595378E-04 
-6.386340E+00, 1.878296E-04 
-9.525834E+00, 1.249969E-05 
7.436143E+00, 8.006310E-05 
-3.021684E+00, 5.061432E-04 
6.638240E+00, 8.815773E-05 
-4.373055E+00, 5.420844E-04 
6.796411E+00, 1.397533E-04 
-7.510168E-01, 1.261954E-03 
-5.114845E+00, 3.050459E-04 
-2.360156E+00, 8.900082E-04 
1.085103E+01, 5.774081E-06 
-4.475887E+00, 6.056681E-04 
8.236232E+00, 3.703979E-05 
-2.360399E+00, 1.131625E-03 
-3.088432E+00, 4.801197E-04 
5.038543E+00, 5.605507E-04 
2.024067E+00, 7.849402E-04 
9.300684E+00, 8.079960E-06 
5.266462E+00, 2.605867E-04 
-3.073079E+00, 1.060262E-03 
5.660135E-01, 1.215067E-03 
-1.061132E+01, 7.019178E-06 
1.156364E+01, 7.622883E-06 
-4.846302E+00, 5.416796E-04 
1.881955E+00, 9.205814E-04 
7.472953E+00, 1.184115E-04 
-6.618058E+00, 2.809577E-04 
-1.115095E+00, 1.258327E-03 
6.766769E+00, 7.888960E-05 
9.066635E+00, 2.476671E-05 
-1.517795E+00, 1.277068E-03 
2.801759E+00, 6.249787E-04 
5.905833E+00, 2.513326E-04 
-7.487129E+00, 1.219545E-04 
-1.190437E+01, 6.469304E-06 
3.453323E+00, 8.493528E-04 
-6.362720E+00, 1.441334E-04 
1.172238E+01, 5.652988E-06 
-1.034183E+01, 7.923796E-06 
-1.114065E+01, 5.946202E-06 
-2.630540E-01, 1.226039E-03 
-9.866321E+00, 5.752538E-06 
-9.765502E+00, 5.700647E-06 
1.278526E+00, 1.172533E-03 
-1.012828E+01, 4.705427E-06 
9.754425E+00, 9.639787E-06 
5.896954E+00, 2.841297E-04 
-3.461364E+00, 4.643292E-04 
2.681999E+00, 7.083903E-04 
6.828694E-01, 8.464666E-04 
6.219531E+00, 1.485923E-04 
-8.022796E+00, 3.160429E-05 
-7.933565E+00, 5.071946E-05 
-4.351695E+00, 3.832448E-04 
-3.158394E+00, 5.238017E-04 
-5.620484E+00, 3.028964E-04 
-5.703955E-01, 1.068085E-03 
-3.526824E+00, 4.867710E-04 
2.412096E+00, 6.882668E-04 
2.527571E+00, 8.614300E-04 
-4.958306E+00, 3.150138E-04 
1.231278E+00, 1.068724E-03 
-4.160694E+00, 3.248428E-04 
-7.960422E+00, 2.578258E-05 
4.300292E+00, 4.647758E-04 
1.272450E+00, 8.387859E-04 
-2.683158E+00, 7.147946E-04 
1.221756E+01, 6.610521E-06 
7.988604E+00, 1.092939E-04 
-3.029928E+00, 6.610717E-04 
-5.560569E+00, 2.826938E-04 
8.522845E+00, 3.298487E-05 
7.775026E+00, 7.609530E-05 
-4.476802E+00, 4.943970E-04 
2.221135E+00, 7.715078E-04 
-6.233656E+00, 1.791547E-04 
9.401253E+00, 1.095527E-05 
-1.028464E+00, 1.281189E-03 
8.734507E+00, 1.882904E-05 
4.474198E+00, 3.775469E-04 
-6.732866E+00, 2.122046E-04 
-3.773702E+00, 6.074174E-04 
-7.311239E-02, 1.254858E-03 
-2.639504E-02, 1.301430E-03 
-8.880313E+00, 1.700014E-05 
-2.582952E-01, 1.693459E-03 
9.701840E+00, 1.394722E-05 
-5.625662E+00, 3.451808E-04 
-9.782820E-01, 7.887817E-04 
-6.115483E+00, 2.786029E-04 
9.744703E+00, 2.104138E-05 
4.304939E+00, 4.125169E-04 
-7.943607E-01, 1.337446E-03 
-6.012468E+00, 1.587160E-04 
-7.698928E+00, 4.510740E-05 
-1.032193E+01, 6.359314E-06 
-2.177867E+00, 8.675666E-04 
5.246944E+00, 3.612403E-04 
-4.223247E+00, 5.513119E-04 
9.390721E+00, 2.963878E-05 
7.880905E+00, 3.815802E-05 
7.853346E-01, 1.426737E-03 
-9.951756E+00, 8.183276E-06 
3.217610E+00, 7.745606E-04 
-1.050409E+01, 4.706819E-06 
1.123179E+01, 6.302704E-06 
3.151901E+00, 1.042859E-03 
-4.480243E+00, 3.829605E-04 
8.117050E+00, 5.905086E-05 
1.809539E+00, 9.307554E-04 
-5.163200E+00, 4.117568E-04 
-6.697723E+00, 2.079400E-04 
5.404408E+00, 2.165042E-04 
-6.957212E+00, 1.333693E-04 
-4.919187E+00, 4.130620E-04 
-3.394477E+00, 4.867710E-04 
-5.249627E+00, 2.372542E-04 
9.048365E+00, 1.625545E-05 
-5.791038E+00, 4.593405E-04 
-4.244004E+00, 4.524956E-04 
4.699054E+00, 3.998336E-04 
-8.644905E+00, 2.726190E-05 
-1.050957E+01, 4.406711E-06 
9.117273E+00, 1.746596E-05 
-1.646931E+00, 8.691704E-04 
-5.447230E+00, 2.572969E-04 
-1.407511E+00, 9.812458E-04 
-6.315360E+00, 2.183279E-04 
8.982496E+00, 5.062742E-05 
2.485410E+00, 7.715078E-04 
-6.621950E+00, 2.112648E-04 
6.781683E+00, 1.454148E-04 
1.274435E+00, 1.305389E-03 
-1.094326E+01, 7.461438E-06 
-3.079380E+00, 1.065581E-03 
-4.399439E-01, 1.431173E-03 
5.459734E-01, 1.246418E-03 
-7.356143E+00, 5.044145E-05 
3.679270E+00, 6.473442E-04 
3.235450E+00, 5.972325E-04 
5.369967E-01, 8.481128E-04 
1.395537E+00, 1.503674E-03 
-1.069751E+01, 7.623567E-06 
3.990760E+00, 5.465950E-04 
-8.962318E+00, 3.007791E-05 
-7.038917E-01, 1.120625E-03 
1.129664E+00, 9.201179E-04 
2.214293E+00, 6.472523E-04 
-8.513551E+00, 3.223256E-05 
-2.429966E+00, 9.819479E-04 
6.761779E+00, 1.431867E-04 
-9.215249E+00, 1.473009E-05 
-6.415704E+00, 2.416764E-04 
9.413777E+00, 1.366300E-05 
-8.155484E+00, 3.477313E-05 
7.330285E+00, 7.434968E-05 
7.902434E+00, 6.479628E-05 
8.740991E+00, 2.086908E-05 
-4.177531E+00, 4.643292E-04 
-9.291831E+00, 1.625003E-05 
2.975693E-01, 9.891256E-04 
-4.796561E+00, 4.331648E-04 
1.200558E+00, 1.357311E-03 
1.199174E+01, 7.088709E-06 
3.871103E+00, 1.110909E-03 
9.859511E+00, 1.132314E-05 
-4.436181E+00, 4.086130E-04 
1.140689E+01, 7.350158E-06 
4.672095E+00, 4.661311E-04 
-1.171255E+00, 1.170102E-03 
1.038105E+01, 7.826762E-06 
-9.378880E+00, 1.302535E-05 
-5.059197E+00, 4.314304E-04 
8.723038E+00, 1.950519E-05 
7.580594E+00, 7.489234E-05 
-7.184057E+00, 1.219545E-04 
-1.023201E+01, 7.923796E-06 
-3.429726E-01, 1.240383E-03 
-3.452735E+00, 4.398118E-04 
-5.650139E+00, 2.379741E-04 
-1.018939E+01, 4.406711E-06 
-6.910876E+00, 1.267960E-04 
-5.266186E+00, 4.422806E-04 
-7.259412E+00, 8.007095E-05 
-3.655925E+00, 5.073151E-04 
-7.397984E+00, 8.216982E-05 
-1.127122E+01, 5.673260E-06 
-3.924244E+00, 8.390172E-04 
-9.236741E+00, 2.293320E-05 
-6.162625E+00, 2.776533E-04 
1.873936E-01, 8.610180E-04 
6.781818E-01, 1.128717E-03 
3.001672E+00, 5.914362E-04 
1.477903E+00, 1.283105E-03 
-6.008360E+00, 3.225540E-04 
-8.610968E-01, 1.697858E-03 
-6.664375E+00, 2.630210E-04 
2.581168E+00, 7.657851E-04 
-3.292511E+00, 5.726890E-04 
8.879181E+00, 3.439721E-05 
2.334721E+00, 6.376860E-04 
-6.167779E+00, 1.484305E-04 
-6.337608E+00, 1.671944E-04 
-7.410566E+00, 5.161660E-05 
3.027916E-01, 1.388439E-03 
-2.338277E+00, 1.031733E-03 
6.087858E+00, 1.223184E-04 
-3.507197E+00, 5.139762E-04 
6.274521E+00, 1.223184E-04 
9.468420E+00, 1.786263E-05 
-8.469413E+00, 3.310716E-05 
-4.212870E-01, 1.331717E-03 
6.894273E-03, 1.073276E-03 
-7.668288E+00, 9.442218E-05 
-3.939850E+00, 5.377877E-04 
-7.765833E+00, 1.026299E-04 
-7.903942E+00, 3.181231E-05 
1.069396E+01, 5.435779E-06 
-6.621499E+00, 2.050898E-04 
-1.073646E+01, 6.437433E-06 
8.019226E+00, 1.831068E-05 
-8.999658E+00, 1.945377E-05 
-5.312233E+00, 2.667505E-04 
8.771928E-01, 7.912076E-04 
3.618752E+00, 6.086603E-04 
4.080009E+00, 5.834823E-04 
6.593477E+00, 1.183917E-04 
3.043498E+00, 7.178775E-04 
7.709026E+00, 8.540110E-05 
-9.682496E-01, 1.604064E-03 
-1.932843E+00, 7.146496E-04 
-3.621580E-01, 1.443193E-03 
8.394029E+00, 2.853427E-05 
5.663422E+00, 2.974444E-04 
1.345313E+00, 9.638151E-04 
6.772730E+00, 1.244810E-04 
-1.854441E+00, 1.154289E-03 
4.223693E+00, 3.717372E-04 
2.348109E+00, 8.993201E-04 
-4.869227E+00, 5.423883E-04 
-4.541186E+00, 4.785345E-04 
-6.152513E+00, 1.803625E-04 
-1.307687E+01, 7.937267E-06 
-2.256895E+00, 1.409483E-03 
8.080063E+00, 2.837149E-05 
3.783956E+00, 7.555421E-04 
1.187020E+00, 1.103547E-03 
-5.472698E-01, 9.331872E-04 
-8.283158E+00, 2.606841E-05 
6.912280E+00, 1.426691E-04 
1.643346E+00, 1.075410E-03 
9.634640E+00, 1.397917E-05 
-4.973831E+00, 3.520086E-04 
5.136000E+00, 4.918674E-04 
3.871794E+00, 6.279811E-04 
-2.446770E+00, 9.945955E-04 
-3.130469E+00, 4.398118E-04 
7.291636E+00, 4.353907E-05 
-1.124251E+00, 1.486789E-03 
-1.165483E+01, 5.555772E-06 
4.757503E+00, 3.951043E-04 
-2.232576E+00, 1.067440E-03 
3.256551E+00, 8.083572E-04 
1.051112E+01, 6.314068E-06 
-5.520330E+00, 3.205656E-04 
1.594830E+00, 9.205814E-04 
-5.002259E+00, 4.982040E-04 
-3.471204E+00, 6.169922E-04 
7.105953E+00, 1.378574E-04 
5.974618E-01, 1.467551E-03 
-5.797502E+00, 2.587782E-04 
7.075568E+00, 4.785610E-05 
6.590723E+00, 1.373300E-04 
-3.565166E-01, 1.440892E-03 
5.729063E+00, 2.635704E-04 
-4.198223E+00, 5.960615E-04 
-6.308494E+00, 1.435830E-04 
1.053263E+01, 7.435791E-06 
3.257104E+00, 7.629418E-04 
1.069194E+01, 7.868098E-06 
-1.927797E+00, 1.001644E-03 
-8.115608E+00, 2.047416E-05 
5.291399E+00, 2.418317E-04 
7.922014E+00, 6.252731E-05 
-7.071496E+00, 9.442218E-05 
-1.898453E+00, 1.006078E-03 
3.392717E+00, 7.367953E-04 
6.684329E+00, 1.125446E-04 
-7.807750E+00, 4.409639E-05 
9.817925E-01, 1.724684E-03 
6.343698E-01, 1.205946E-03 
-7.894845E+00, 3.860006E-05 
-5.262799E+00, 2.589616E-04 
1.654610E+00, 8.188371E-04 
4.680175E+00, 5.457971E-04 
-9.753063E+00, 1.094132E-05 
2.075854E+00, 1.002977E-03 
-5.058074E+00, 4.440906E-04 
-4.365719E+00, 4.270641E-04 
6.343650E+00, 1.136363E-04 
5.722160E+00, 2.304059E-04 
-4.727519E+00, 5.234359E-04 
8.763497E+00, 1.133478E-05 
-1.020698E+01, 7.199152E-06 
8.174177E-01, 1.165018E-03 
8.602288E+00, 2.116746E-05 
-1.715381E+00, 1.384533E-03 
4.773800E+00, 3.073828E-04 
-7.137221E+00, 1.102121E-04 
1.653174E+00, 1.172533E-03 
-9.459731E+00, 1.546467E-05 
8.812898E+00, 3.079515E-05 
-8.457878E-01, 1.851029E-03 
4.833536E+00, 6.254918E-04 
-7.803575E+00, 1.116768E-04 
9.186096E+00, 2.450368E-05 
-8.261750E+00, 5.241636E-05 
1.020832E+01, 6.989584E-06 
4.307675E+00, 4.024432E-04 
-9.162808E+00, 1.197525E-05 
1.000720E+01, 9.705467E-06 
-1.882746E+00, 9.599924E-04 
6.099098E+00, 1.464807E-04 
6.210805E+00, 1.943000E-04 
7.993775E+00, 3.882746E-05 
-2.312453E+00, 9.915218E-04 
4.018207E+00, 3.273114E-04 
1.144239E+00, 8.188371E-04 
-1.037236E+01, 7.206528E-06 
-7.940769E+00, 4.124359E-05 
9.477616E+00, 2.476671E-05 
-7.231298E+00, 1.495802E-04 
-5.871649E+00, 2.543081E-04 
3.196438E+00, 1.165649E-03 
-8.220402E+00, 2.634345E-05 
9.735179E+00, 1.949322E-05 
-2.479333E+00, 1.011090E-03 
-3.321222E-01, 1.665859E-03 
5.232291E+00, 2.838738E-04 
5.131923E+00, 5.029733E-04 
-7.397253E+00, 1.514923E-04 
3.706944E+00, 9.744065E-04 
6.233786E+00, 1.183917E-04 
-1.073829E+01, 7.381257E-06 
-2.216897E+00, 1.130903E-03 
3.827414E+00, 6.674969E-04 
-2.372931E+00, 7.135488E-04 
4.000695E+00, 4.548257E-04 
-6.759691E+00, 2.174742E-04 
-3.266398E+00, 4.801197E-04 
-3.393970E+00, 7.492129E-04 
-9.424806E+00, 1.397951E-05 
2.272734E-01, 8.580907E-04 
-6.852763E+00, 2.703790E-04 
1.739778E+00, 1.432830E-03 
6.198701E+00, 1.087722E-04 
-5.054962E+00, 2.676759E-04 
7.843336E+00, 6.806636E-05 
7.926746E+00, 4.208080E-05 
9.801717E+00, 8.599700E-06 
-9.501902E+00, 1.490501E-05 
-8.917463E+00, 2.188003E-05 
-9.558129E-01, 1.266925E-03 
7.013523E+00, 9.978135E-05 
-4.904415E-01, 1.151899E-03 
-6.615879E+00, 1.985801E-04 
-3.171751E+00, 6.878773E-04 
-6.029632E+00, 1.697259E-04 
9.167308E+00, 1.746596E-05 
7.089407E+00, 1.001542E-04 
-4.339716E+00, 4.814350E-04 
-6.457716E+00, 1.658225E-04 
-1.613313E-01, 1.910581E-03 
-3.709415E+00, 5.382104E-04 
2.232514E+00, 8.724441E-04 
1.266619E+01, 8.144561E-06 
-2.557013E+00, 9.558995E-04 
2.522379E+00, 8.000493E-04 
3.318151E+00, 9.173338E-04 
-6.819621E+00, 1.348877E-04 
-8.831129E+00, 1.916831E-05 
2.147665E+00, 6.802727E-04 
-1.880735E+00, 1.005772E-03 
8.778301E+00, 1.650511E-05 
8.134166E+00, 3.403318E-05 
-5.928687E+00, 2.695288E-04 
2.395503E+00, 1.003205E-03 
-1.914438E+00, 1.125894E-03 
-9.528132E+00, 8.835862E-06 
2.237024E+00, 1.170510E-03 
8.451674E+00, 4.163970E-05 
-3.923530E-01, 1.378705E-03 
-1.960296E+00, 1.136884E-03 
-2.228638E+00, 1.103959E-03 
-9.353368E+00, 1.410422E-05 
-7.789911E+00, 4.439085E-05 
-5.626422E+00, 4.308066E-04 
-1.144980E+01, 7.381257E-06 
-1.220948E+00, 9.712868E-04 
2.423286E-01, 1.628644E-03 
-6.901593E-01, 1.230675E-03 
4.720587E+00, 4.472847E-04 
-2.144372E-01, 1.730115E-03 
-2.078793E+00, 1.138798E-03 
2.361286E+00, 6.230188E-04 
3.838973E+00, 9.534945E-04 
-1.005163E+01, 1.374589E-05 
6.128860E-01, 8.335877E-04 
-9.381975E+00, 1.071582E-05 
1.817941E+00, 9.026428E-04 
-9.646549E+00, 8.599974E-06 
3.624907E+00, 6.472523E-04 
5.278272E+00, 2.531052E-04 
7.439652E+00, 9.771547E-05 
2.815613E+00, 7.776810E-04 
8.441791E+00, 3.345031E-05 
8.837145E-01, 1.444310E-03 
-7.016886E+00, 1.182720E-04 
-6.315333E+00, 1.832937E-04 
3.574609E+00, 7.359758E-04 
3.450758E+00, 1.124032E-03 
-1.119828E+01, 6.080536E-06 
-1.547216E+00, 8.487334E-04 
-6.757317E+00, 2.218563E-04 
5.818736E+00, 2.801964E-04 
5.340507E+00, 2.004731E-04 
-9.229940E+00, 1.374505E-05 
9.513315E+00, 1.243108E-05 
4.819956E+00, 4.047890E-04 
6.184922E+00, 2.668902E-04 
-1.940439E+00, 8.882569E-04 
-4.701309E+00, 3.248428E-04 
-7.985363E+00, 5.922504E-05 
2.681921E+00, 1.001502E-03 
-5.149847E+00, 4.660117E-04 
1.088884E+01, 8.432255E-06 
-3.175342E+00, 5.216960E-04 
4.491343E+00, 3.995938E-04 
1.926940E+00, 1.128717E-03 
-8.958607E+00, 2.744600E-05 
1.025263E+01, 5.067614E-06 
-7.181402E+00, 4.667405E-05 
-6.086577E+00, 2.590185E-04 
-3.498052E-01, 1.482345E-03 
7.756610E+00, 8.347633E-05 
-7.090445E+00, 7.302482E-05 
6.017648E+00, 1.262342E-04 
6.504547E+00, 1.647997E-04 
-8.746753E+00, 3.303613E-05 
9.955185E+00, 5.875532E-06 
-3.209422E+00, 5.505003E-04 
4.619716E+00, 4.145349E-04 
7.917321E+00, 5.929887E-05 
-5.160887E+00, 2.641839E-04 
7.470343E-01, 1.456021E-03 
4.534654E+00, 4.548257E-04 
4.765529E+00, 4.462592E-04 
2.657740E+00, 6.796139E-04 
-1.463956E+00, 8.684666E-04 
-3.114027E+00, 6.669172E-04 
-4.808024E+00, 3.078651E-04 
-1.245111E+01, 7.575291E-06 
-2.909505E+00, 6.586050E-04 
1.028343E+01, 5.067614E-06 
-7.983208E-01, 1.233356E-03 
7.956018E+00, 3.429280E-05 
1.158221E+00, 8.387859E-04 
-8.582867E+00, 2.439318E-05 
4.512625E+00, 5.530655E-04 
2.776698E+00, 6.814391E-04 
-5.775514E+00, 2.749818E-04 
6.377763E+00, 1.346038E-04 
-6.149042E+00, 1.803625E-04 
-8.722554E+00, 3.257258E-05 
-6.170568E+00, 3.076266E-04 
1.015448E+01, 5.927119E-06 
-2.186490E+00, 7.726269E-04 
-3.614989E-01, 1.468410E-03 
-7.642442E-01, 9.729995E-04 
9.286106E+00, 1.746596E-05 
7.158283E+00, 1.654691E-04 
4.488228E+00, 4.723351E-04 
-7.394585E+00, 1.626697E-04 
4.720905E+00, 5.196714E-04 
5.813286E+00, 3.840802E-04 
-1.577424E-01, 1.215045E-03 
6.288704E-01, 8.035835E-04 
-9.527190E+00, 7.124084E-06 
7.050799E+00, 8.804737E-05 
1.492571E+00, 1.149800E-03 
-7.829948E+00, 6.281611E-05 
7.757238E+00, 1.244810E-04 
-3.195596E+00, 5.608291E-04 
8.404141E+00, 2.798810E-05 
4.765781E+00, 4.042850E-04 
2.975177E+00, 9.542096E-04 
8.360176E+00, 3.815802E-05 
2.815919E+00, 6.585437E-04 
2.964007E+00, 8.725206E-04 
1.006402E+00, 8.451738E-04 
-5.815385E-01, 1.118564E-03 
-1.728538E+00, 8.808410E-04 
-1.707353E+00, 1.485417E-03 
5.845539E+00, 1.947938E-04 
1.735474E-01, 1.380267E-03 
1.052148E+01, 4.828088E-06 
3.502857E+00, 1.008587E-03 
7.316718E+00, 5.218113E-05 
-4.533740E+00, 5.273132E-04 
5.472157E+00, 2.158133E-04 
-2.538593E+00, 6.161546E-04 
-6.533066E+00, 2.183279E-04 
5.975204E+00, 2.175443E-04 
-1.064202E+00, 1.151899E-03 
3.080995E+00, 1.006910E-03 
1.948922E+00, 6.376860E-04 
3.624104E+00, 6.296098E-04 
4.206414E+00, 6.030680E-04 
8.185458E+00, 2.479498E-05 
-5.236089E+00, 2.544241E-04 
5.423864E+00, 2.290824E-04 
-6.184630E+00, 3.237771E-04 
-5.169348E-01, 1.027225E-03 
4.816828E+00, 2.027170E-04 
-5.270298E+00, 2.754497E-04 
5.365665E+00, 3.936882E-04 
-9.871875E+00, 1.282638E-05 
-4.887494E+00, 2.844009E-04 
-6.182965E+00, 3.583094E-04 
8.707283E+00, 1.436414E-05 
-5.532464E+00, 2.787393E-04 
-5.925232E+00, 2.414674E-04 
-1.710840E+00, 1.548315E-03 
3.837762E+00, 7.795616E-04 
8.176621E+00, 5.387189E-05 
-3.686254E+00, 4.591210E-04 
1.135219E+01, 8.812033E-06 
-1.807753E+00, 8.808410E-04 
4.083020E+00, 5.543992E-04 
3.756250E+00, 5.844470E-04 
-2.319966E+00, 6.255053E-04 
-5.364772E+00, 2.494516E-04 
-6.879744E+00, 2.444135E-04 
3.967370E+00, 7.818041E-04 
2.009952E+00, 9.308070E-04 
3.630386E-01, 1.162328E-03 
6.612687E+00, 8.643224E-05 
-5.329642E+00, 3.225540E-04 
9.843989E+00, 1.319561E-05 
-3.774099E+00, 5.781338E-04 
8.910842E+00, 3.729017E-05 
-7.859273E+00, 7.683330E-05 
-3.525959E+00, 7.867986E-04 
-5.483472E+00, 2.844009E-04 
-4.931025E+00, 5.024227E-04 
-2.338538E+00, 6.046631E-04 
-7.009127E+00, 2.016288E-04 
9.331197E+00, 9.623398E-06 
-1.157849E+01, 5.865152E-06 
8.870338E+00, 1.155817E-05 
-4.062432E+00, 8.656597E-04 
-7.264446E+00, 7.949375E-05 
8.423996E+00, 6.198555E-05 
-1.152502E+00, 1.082585E-03 
9.783910E+00, 1.114773E-05 
6.981458E+00, 1.635649E-04 
-4.972476E+00, 2.590185E-04 
-5.742377E-01, 1.059605E-03 
-1.364402E+00, 1.240356E-03 
-6.593906E+00, 1.995149E-04 
5.434130E+00, 3.369566E-04 
9.357150E-01, 9.221213E-04 
-9.968974E+00, 5.723005E-06 
-4.767129E+00, 5.515822E-04 
-2.070956E+00, 5.759080E-04 
-1.071764E+01, 6.877743E-06 
-1.231198E+00, 8.638498E-04 
-2.757878E+00, 9.957877E-04 
-9.057219E+00, 1.397951E-05 
-3.676355E+00, 5.610839E-04 
-2.656794E-01, 1.484364E-03 
-3.860600E+00, 4.776613E-04 
-9.429253E+00, 1.948677E-05 
-6.308831E+00, 1.441334E-04 
4.122283E-01, 9.585456E-04 
-3.410451E-01, 1.240695E-03 
-4.244973E+00, 2.930032E-04 
9.411912E+00, 1.501533E-05 
1.073314E+01, 4.657031E-06 
8.217866E+00, 4.785610E-05 
9.792848E+00, 8.496117E-06 
1.741531E-01, 8.729033E-04 
-5.906591E-01, 1.722439E-03 
-1.103358E+01, 5.495636E-06 
-4.573357E+00, 3.903856E-04 
4.584780E-01, 1.238074E-03 
-7.128235E+00, 5.311388E-05 
-1.006417E+01, 6.785449E-06 
8.992761E+00, 1.432592E-05 
-7.801487E+00, 4.003492E-05 
2.166798E+00, 6.727488E-04 
-5.290261E+00, 4.124640E-04 
-4.727349E+00, 3.912408E-04 
1.003438E+01, 6.681000E-06 
-3.808447E+00, 5.587126E-04 
4.626552E+00, 3.603266E-04 
-3.958848E+00, 3.631580E-04 
-5.734817E+00, 4.165376E-04 
1.055349E+01, 6.951345E-06 
-6.865845E+00, 5.320479E-05 
1.883623E+00, 6.727488E-04 
-2.142760E+00, 9.620958E-04 
-6.296771E+00, 1.791547E-04 
7.620202E+00, 1.023208E-04 
1.518851E+00, 9.433117E-04 
-8.626126E+00, 2.147639E-05 
-6.362224E+00, 1.435830E-04 
-5.500947E+00, 2.754497E-04 
2.750398E+00, 7.290647E-04 
-8.248177E+00, 4.529999E-05 
3.576964E-01, 1.328587E-03 
9.539948E+00, 2.609056E-05 
2.690754E+00, 6.965406E-04 
-3.826347E-01, 1.329817E-03 
-8.780172E+00, 3.189296E-05 
5.285294E+00, 2.547174E-04 
7.746213E-01, 1.036977E-03 
-3.945072E-01, 8.035835E-04 
-9.738407E+00, 6.566538E-06 
-1.063112E+00, 1.133656E-03 
1.362783E+00, 1.106107E-03 
2.656652E+00, 7.072498E-04 
-9.789650E+00, 1.602286E-05 
5.740944E+00, 1.997969E-04 
7.145857E+00, 1.048972E-04 
4.399744E+00, 3.663457E-04 
2.591381E+00, 8.172199E-04 
3.046237E+00, 9.679245E-04 
6.683166E-01, 1.666228E-03 
1.062664E+01, 4.657031E-06 
-1.182866E+01, 4.700930E-06 
8.389022E+00, 4.291586E-05 
-4.806643E+00, 2.632534E-04 
5.962774E-01, 8.580907E-04 
1.091335E+01, 4.482271E-06 
5.012646E+00, 3.401366E-04 
5.511417E+00, 3.749293E-04 
6.536437E+00, 1.555936E-04 
9.566675E+00, 9.468730E-06 
5.994123E+00, 2.152507E-04 
1.002587E+01, 4.560089E-06 
-1.527980E+00, 1.430213E-03 
-1.438526E+01, 7.960641E-06 
-1.917634E+00, 1.036393E-03 
6.862988E+00, 9.197625E-05 
1.518557E+00, 8.881549E-04 
-5.043915E+00, 4.911585E-04 
-7.744981E+00, 4.176183E-05 
-9.898164E+00, 1.394810E-05 
7.492584E+00, 8.294660E-05 
-2.942096E+00, 7.815584E-04 
1.023767E+01, 4.828088E-06 
3.455351E-01, 1.305356E-03 
-1.429366E+00, 1.293822E-03 
3.271245E+00, 7.265604E-04 
8.224556E+00, 5.929887E-05 
-5.314059E+00, 3.668595E-04 
3.007211E+00, 7.172460E-04 
-7.057545E+00, 1.149675E-04 
-4.520735E+00, 3.046191E-04 
4.885767E-01, 1.457560E-03 
5.671299E+00, 2.249839E-04 
7.088036E+00, 1.114230E-04 
-7.070507E+00, 1.186271E-04 
2.583344E+00, 1.084084E-03 
-3.104918E+00, 7.385904E-04 
4.021609E+00, 6.354119E-04 
-9.646631E+00, 1.550540E-05 
3.284117E+00, 1.025645E-03 
2.946615E+00, 9.542821E-04 
-2.449676E+00, 6.774412E-04 
7.431724E+00, 6.752659E-05 
-6.324458E+00, 1.947831E-04 
-1.314159E+00, 1.063918E-03 
1.213449E+00, 1.173191E-03 
-5.117412E+00, 4.747495E-04 
3.905563E+00, 4.981443E-04 
-6.480600E+00, 1.271714E-04 
-1.073814E+01, 6.851913E-06 
-4.505913E+00, 3.647728E-04 
7.044177E+00, 8.804737E-05 
-5.061002E+00, 3.084961E-04 
1.005020E+01, 5.354777E-06 
1.567571E-01, 9.767567E-04 
-7.841170E+00, 3.005925E-05 
9.929210E+00, 1.989787E-05 
-6.775808E+00, 2.348301E-04 
-2.758487E+00, 7.559951E-04 
-3.614105E+00, 4.339380E-04 
1.048578E+00, 1.384763E-03 
-6.751571E+00, 1.633259E-04 
-3.666814E+00, 8.089478E-04 
-1.233808E+01, 7.593792E-06 
8.226149E-01, 1.365618E-03 
8.898456E+00, 9.275815E-06 
7.670089E+00, 5.333920E-05 
6.876136E+00, 8.815773E-05 
-9.744011E+00, 1.438267E-05 
9.406811E+00, 1.684106E-05 
-2.830904E-01, 1.387670E-03 
-1.030990E+01, 6.877743E-06 
-8.110977E-01, 8.996563E-04 
-1.636325E+00, 1.244718E-03 
-6.395949E+00, 2.031908E-04 
2.992739E+00, 1.087742E-03 
-5.302174E+00, 4.202333E-04 
4.807475E+00, 4.694648E-04 
8.516720E+00, 4.492243E-05 
1.225837E+00, 1.002576E-03 
6.709958E+00, 1.464807E-04 
-3.553986E+00, 4.984279E-04 
-2.543496E+00, 6.478350E-04 
-1.526984E+00, 8.455084E-04 
-2.621870E+00, 5.824620E-04 
-8.614858E+00, 3.045402E-05 
5.299193E+00, 2.288536E-04 
9.661715E+00, 1.114773E-05 
5.266915E+00, 2.145567E-04 
5.531858E+00, 2.375935E-04 
-2.656806E+00, 9.638758E-04 
-5.240651E+00, 3.870599E-04 
-4.249558E+00, 5.420844E-04 
2.378204E+00, 1.081251E-03 
1.358669E+00, 1.481526E-03 
-1.041742E+01, 4.706819E-06 
-1.885993E+00, 9.036350E-04 
-8.052352E+00, 2.833494E-05 
3.172012E+00, 8.794494E-04 
5.049913E-01, 8.731225E-04 
3.698671E+00, 5.996745E-04 
-5.353038E+00, 3.052372E-04 
-9.658454E+00, 1.295413E-05 
5.781980E+00, 2.871814E-04 
1.193335E+01, 7.637897E-06 
-9.155620E+00, 2.174562E-05 
-9.299334E+00, 1.355101E-05 
-8.768152E+00, 2.383809E-05 
4.337966E-01, 9.891256E-04 
2.754013E+00, 9.775181E-04 
-8.213718E+00, 2.726990E-05 
1.030667E+01, 8.186084E-06 
-6.335436E+00, 1.919363E-04 
-4.629661E+00, 4.452623E-04 
-8.463937E+00, 3.157456E-05 
-5.841093E+00, 2.826938E-04 
4.612331E-01, 1.271443E-03 
5.991707E+00, 2.010051E-04 
-3.988340E+00, 7.861473E-04 
-3.598685E+00, 5.554469E-04 
-5.938823E+00, 2.661150E-04 
1.078499E+01, 4.646661E-06 
6.409230E+00, 1.351670E-04 
-7.950019E+00, 3.316132E-05 
1.947426E+00, 8.652508E-04 
6.654094E+00, 1.445304E-04 
-3.026475E+00, 7.458240E-04 
6.262011E+00, 1.487042E-04 
1.311512E-01, 1.437174E-03 
9.589430E+00, 1.883742E-05 
-3.327112E+00, 7.707449E-04 
-2.373133E+00, 6.255053E-04 
4.795425E+00, 3.266616E-04 
2.772870E-01, 1.013317E-03 
5.230754E-01, 1.270263E-03 
-6.356203E+00, 1.692476E-04 
1.444356E+00, 1.189651E-03 
7.671433E+00, 7.605737E-05 
-9.077422E+00, 1.357273E-05 
-4.675804E+00, 5.009145E-04 
9.742846E+00, 9.846037E-06 
7.175841E+00, 1.666023E-04 
-1.103066E+00, 1.199373E-03 
1.409090E+00, 1.387718E-03 
-4.069885E-01, 1.595084E-03 
5.853923E-01, 1.320185E-03 
3.958035E+00, 7.724756E-04 
-2.627593E+00, 1.012475E-03 
2.656937E+00, 1.109229E-03 
-1.474350E+00, 8.487334E-04 
-9.143033E+00, 1.272899E-05 
-3.048511E+00, 5.860255E-04 
-8.756218E+00, 3.258815E-05 
-8.425688E+00, 3.225942E-05 
6.918519E+00, 1.755458E-04 
5.486882E+00, 3.055745E-04 
-6.637002E+00, 1.448457E-04 
1.024616E+01, 7.221690E-06 
-1.008447E+01, 1.272899E-05 
-7.357487E-01, 1.244733E-03 
1.107895E-01, 1.158841E-03 
8.361489E+00, 3.729017E-05 
4.616364E+00, 5.281377E-04 
8.657250E+00, 4.208275E-05 
-9.778874E+00, 4.406711E-06 
1.988239E+00, 6.249787E-04 
-2.092209E-01, 1.213138E-03 
-1.576786E+00, 1.189217E-03 
6.993943E+00, 1.397533E-04 
4.555295E+00, 5.064213E-04 
-6.838419E+00, 2.335946E-04 
2.796741E+00, 7.172460E-04 
-4.509333E+00, 5.120956E-04 
3.360436E+00, 1.037935E-03 
9.362852E+00, 1.168898E-05 
1.496254E+00, 1.428699E-03 
-7.763782E+00, 4.979806E-05 
9.387032E+00, 2.086908E-05 
1.598065E+00, 1.102146E-03 
3.253276E+00, 5.957375E-04 
1.007120E+01, 5.107278E-06 
-7.221171E+00, 9.755564E-05 
-8.665370E-01, 1.324602E-03 
8.232827E+00, 3.726784E-05 
1.836981E+00, 1.266077E-03 
5.073250E-01, 1.187110E-03 
5.705628E+00, 2.372251E-04 
-5.529383E+00, 4.402834E-04 
-3.857152E+00, 5.860065E-04 
1.789102E+00, 1.393288E-03 
-2.795205E+00, 7.992952E-04 
5.353213E+00, 2.387880E-04 
-2.162245E+00, 1.082908E-03 
6.220182E+00, 1.390005E-04 
-8.544004E+00, 2.470666E-05 
7.900356E+00, 3.310431E-05 
-5.525060E-01, 1.131441E-03 
1.763530E-01, 9.585456E-04 
-4.987769E-01, 1.409320E-03 
-1.639408E-01, 1.385890E-03 
7.379102E+00, 5.333920E-05 
1.586842E+00, 1.284435E-03 
9.444337E+00, 2.126996E-05 
-2.968656E+00, 6.747722E-04 
-1.256598E+00, 1.501618E-03 
6.600460E+00, 1.665740E-04 
3.230462E+00, 8.615238E-04 
1.095085E+01, 4.641770E-06 
1.022667E+01, 8.729549E-06 
9.262747E-01, 1.352735E-03 
7.798352E-01, 1.190297E-03 
1.322129E+00, 1.161352E-03 
-4.441804E+00, 3.810103E-04 
8.629606E+00, 1.989787E-05 
8.210771E+00, 3.429437E-05 
-6.133635E+00, 1.995149E-04 
1.631467E+00, 1.353408E-03 
5.535022E+00, 2.145567E-04 
-4.264931E+00, 6.300494E-04 
-4.512665E+00, 6.431480E-04 
1.006304E+01, 1.595401E-05 
7.535846E+00, 9.502110E-05 
-8.956839E+00, 2.078867E-05 
5.248548E+00, 3.279445E-04 
1.958746E+00, 9.698786E-04 
-7.159404E-01, 1.090587E-03 
-4.753114E+00, 3.950687E-04 
-8.105476E+00, 3.043296E-05 
9.837684E-01, 1.198151E-03 
-8.206349E+00, 3.045402E-05 
4.325022E+00, 5.274416E-04 
-6.693204E-01, 1.050208E-03 
-3.712806E+00, 4.339380E-04 
-9.628298E+00, 1.326865E-05 
7.061433E-01, 8.359765E-04 
9.178695E+00, 2.599184E-05 
-1.019066E+01, 4.541945E-06 
7.796773E+00, 7.475501E-05 
-7.617244E+00, 4.686132E-05 
-9.739647E-01, 1.258342E-03 
1.016878E+01, 8.678736E-06 
3.753579E-01, 1.107213E-03 
3.205614E-01, 1.551145E-03 
9.183758E+00, 3.401752E-05 
5.197558E+00, 3.245040E-04 
2.038297E+00, 1.066338E-03 
-7.315874E+00, 7.837812E-05 
4.594451E+00, 4.569182E-04 
-3.049375E+00, 6.053175E-04 
4.175958E+00, 3.987406E-04 
5.409486E+00, 3.312828E-04 
3.007916E+00, 5.913286E-04 
5.703795E+00, 2.806505E-04 
5.572365E+00, 3.308457E-04 
-4.161516E+00, 5.847398E-04 
-5.331511E+00, 3.954321E-04 
7.874262E+00, 8.585523E-05 
2.084007E+00, 7.598472E-04 
-4.210718E-01, 1.426667E-03 
7.512676E+00, 7.585649E-05 
-3.668309E+00, 5.296939E-04 
9.524363E+00, 1.265188E-05 
3.464663E+00, 6.086603E-04 
-1.033236E+01, 4.913825E-06 
-9.079008E+00, 1.642894E-05 
-8.211512E+00, 2.894974E-05 
-6.448092E+00, 1.587160E-04 
-3.542860E+00, 5.824620E-04 
4.712221E+00, 3.220268E-04 
1.025972E+01, 4.657031E-06 
5.222875E+00, 5.029733E-04 
-6.330690E+00, 1.935299E-04 
-1.640735E+00, 1.560151E-03 
-2.282515E+00, 7.741434E-04 
-1.011764E+01, 5.789658E-06 
9.084897E+00, 1.472727E-05 
-6.095260E+00, 1.707230E-04 
-2.860975E+00, 1.052363E-03 
-7.452000E+00, 1.182720E-04 
9.416954E+00, 1.024404E-05 
5.096788E+00, 2.027170E-04 
-1.773641E+00, 8.745702E-04 
-7.087157E+00, 1.029613E-04 
-5.062810E+00, 4.741261E-04 
4.596773E+00, 6.075262E-04 
9.266600E+00, 9.120178E-06 
6.842083E+00, 9.046286E-05 
4.889179E+00, 3.717372E-04 
-4.792020E+00, 5.266309E-04 
-2.246574E+00, 6.904902E-04 
-8.397425E+00, 5.014587E-05 
-2.815906E+00, 9.710405E-04 
9.781557E+00, 8.073329E-06 
5.909216E+00, 1.938917E-04 
-1.143429E+00, 1.179517E-03 
1.090045E+01, 6.572936E-06 
-1.010073E+01, 4.871693E-06 
8.826212E+00, 6.133741E-05 
9.420269E+00, 1.360337E-05 
3.216746E+00, 6.672728E-04 
9.927576E+00, 1.070922E-05 
3.237896E+00, 7.677286E-04 
9.192240E+00, 3.401752E-05 
-8.538249E+00, 2.928985E-05 
4.725355E+00, 3.884796E-04 
9.318779E+00, 1.056537E-05 
6.732540E+00, 1.718210E-04 
-5.748625E+00, 2.800326E-04 
-4.322170E+00, 2.942012E-04 
7.914306E+00, 3.959997E-05 
3.772070E+00, 6.937612E-04 
1.061758E+01, 5.973922E-06 
-2.803230E+00, 7.861655E-04 
1.104452E+00, 1.385410E-03 
-8.632051E-01, 1.099308E-03 
-9.534144E+00, 1.092073E-05 
1.448508E+00, 1.462545E-03 
-2.247798E+00, 8.795591E-04 
3.078098E+00, 7.241810E-04 
-2.300253E+00, 1.282817E-03 
2.402595E+00, 7.083903E-04 
-3.617535E+00, 5.699650E-04 
-6.369975E+00, 2.415751E-04 
-7.810716E+00, 5.287078E-05 
-1.031638E+01, 7.859731E-06 
-9.569311E+00, 1.411608E-05 
5.795265E+00, 2.647706E-04 
-9.756216E+00, 6.682619E-06 
-6.143708E+00, 1.514923E-04 
-2.012406E+00, 9.147534E-04 
-3.038673E-01, 1.281534E-03 
2.196573E+00, 7.626995E-04 
8.002511E+00, 6.429647E-05 
3.929018E+00, 6.353677E-04 
3.383396E+00, 5.879326E-04 
-4.144358E+00, 5.686425E-04 
3.378018E+00, 5.942318E-04 
6.286386E+00, 1.774682E-04 
-2.455994E+00, 7.228657E-04 
8.792778E+00, 2.488559E-05 
-8.205545E+00, 4.450429E-05 
9.548724E+00, 1.832685E-05 
-6.428791E+00, 2.372542E-04 
-3.949140E+00, 7.650696E-04 
5.301277E+00, 2.597344E-04 
-1.993193E+00, 1.406998E-03 
-4.678048E+00, 3.908403E-04 
-1.478945E-01, 1.243247E-03 
6.723893E+00, 1.455658E-04 
5.762618E+00, 2.806505E-04 
7.753127E+00, 7.668409E-05 
7.890860E+00, 9.971874E-05 
3.370515E+00, 8.466497E-04 
3.137066E+00, 7.704558E-04 
1.013039E+01, 1.104999E-05 
5.882988E+00, 1.111514E-04 
1.436665E+00, 1.493364E-03 
2.875529E+00, 7.163833E-04 
-5.419236E+00, 3.182008E-04 
6.769850E-01, 1.222483E-03 
4.070394E+00, 6.279755E-04 
-1.137285E+01, 6.663286E-06 
2.818404E+00, 1.193791E-03 
-9.380062E+00, 4.406711E-06 
-6.853039E+00, 2.555002E-04 
-4.800889E-01, 1.320475E-03 
1.143502E+01, 7.495474E-06 
-9.191737E+00, 7.882417E-06 
3.160863E+00, 1.104057E-03 
-9.190749E+00, 3.177189E-05 
8.397684E+00, 5.387189E-05 
1.114112E+01, 7.137794E-06 
-1.265208E+00, 1.050065E-03 
-4.184939E+00, 5.689962E-04 
1.177468E+00, 1.341107E-03 
-9.031437E+00, 2.940733E-05 
-8.553429E+00, 3.189679E-05 
5.984199E+00, 1.002635E-04 
-7.074473E+00, 2.834326E-04 
-7.427263E+00, 7.837812E-05 
7.576073E-01, 9.150508E-04 
-7.695430E+00, 8.284346E-05 
6.396590E+00, 1.434639E-04 
8.816282E+00, 1.921964E-05 
8.600898E+00, 2.014104E-05 
-6.946104E-01, 1.694868E-03 
-1.218575E+01, 7.821144E-06 
-7.332454E+00, 1.116768E-04 
6.902360E+00, 1.153314E-04 
7.364161E+00, 8.847361E-05 
-5.679150E+00, 3.517513E-04 
-3.577990E+00, 6.382842E-04 
-9.957122E+00, 7.543725E-06 
1.271686E+00, 1.172429E-03 
9.845450E+00, 1.758940E-05 
-1.194860E+00, 1.177953E-03 
9.745909E+00, 1.063984E-05 
8.092615E+00, 3.291462E-05 
-1.134846E+01, 5.445684E-06 
5.285001E+00, 2.004731E-04 
-5.402139E+00, 4.551620E-04 
-3.852629E+00, 5.382104E-04 
-1.088956E+01, 8.760281E-06 
-2.029687E+00, 7.538568E-04 
-1.321394E+00, 8.808410E-04 
-1.132024E+01, 6.209440E-06 
-6.922155E+00, 1.035881E-04 
7.056363E+00, 7.779678E-05 
-1.098603E+01, 6.911629E-06 
5.709020E-01, 1.064526E-03 
5.958195E+00, 1.468043E-04 
8.456863E+00, 2.169805E-05 
5.159769E+00, 3.706364E-04 
-1.216070E+00, 1.180818E-03 
2.505471E+00, 6.874213E-04 
-1.166629E+01, 5.808845E-06 
-1.743548E+00, 1.200112E-03 
-4.657056E+00, 3.330356E-04 
-3.902798E+00, 5.228067E-04 
-4.497936E+00, 3.330356E-04 
-1.014591E+01, 5.864926E-06 
-7.939181E+00, 4.368494E-05 
-3.282100E+00, 7.119984E-04 
-7.463880E+00, 3.625883E-05 
-1.049716E+01, 8.688326E-06 
4.484836E-01, 8.952164E-04 
9.098377E+00, 1.783152E-05 
6.958997E+00, 1.041232E-04 
7.244086E+00, 7.585649E-05 
5.089949E+00, 5.251938E-04 
-6.032211E-01, 1.709141E-03 
7.263890E+00, 7.627702E-05 
4.281015E+00, 7.346439E-04 
-5.171285E+00, 4.371398E-04 
7.925667E+00, 5.225647E-05 
-1.751898E+00, 8.684666E-04 
-1.011172E+01, 5.456881E-06 
-9.527710E+00, 7.361441E-06 
-4.623354E-01, 1.426236E-03 
2.337661E+00, 6.676691E-04 
-6.890080E+00, 1.543847E-04 
-8.135774E+00, 5.473583E-05 
6.847052E+00, 1.564537E-04 
-1.303548E+00, 9.155481E-04 
-8.517905E+00, 4.311955E-05 
-1.685341E+00, 1.032730E-03 
-2.124743E+00, 1.011873E-03 
-1.277688E+00, 1.087253E-03 
3.991696E+00, 5.852242E-04 
3.063043E+00, 9.069357E-04 
5.661667E+00, 2.469057E-04 
2.891865E+00, 8.039904E-04 
-5.533476E+00, 2.787393E-04 
-4.074352E+00, 3.338262E-04 
-8.042155E+00, 3.628817E-05 
-9.502503E+00, 1.743054E-05 
6.288857E+00, 1.262342E-04 
1.318145E+00, 1.329955E-03 
9.941569E+00, 5.683491E-06 
-1.389707E+00, 1.166515E-03 
-5.549665E+00, 2.494516E-04 
-1.753682E+00, 1.310382E-03 
6.614351E-01, 1.195660E-03 
-8.539506E+00, 3.424537E-05 
-4.878248E-01, 1.572532E-03 
-4.477695E+00, 4.294870E-04 
7.490968E-01, 1.118564E-03 
4.257815E+00, 5.059801E-04 
4.438803E+00, 5.845389E-04 
-1.097651E-01, 1.340492E-03 
2.281013E+00, 9.100610E-04 
1.473949E+00, 8.754575E-04 
-3.240866E+00, 7.875943E-04 
-1.077572E+01, 4.940392E-06 
4.527432E+00, 4.192380E-04 
9.200542E+00, 2.428952E-05 
8.858500E+00, 1.013194E-05 
3.023223E+00, 1.161194E-03 
-9.053990E+00, 1.666452E-05 
-2.255656E+00, 5.732719E-04 
-1.006977E+01, 5.664390E-06 
-8.147533E+00, 2.741530E-05 
-3.769368E+00, 6.099228E-04 
7.313903E+00, 9.502110E-05 
1.115580E+01, 7.533874E-06 
8.062867E+00, 3.162013E-05 
6.431992E+00, 2.002976E-04 
6.289016E+00, 1.386025E-04 
8.289735E+00, 3.429437E-05 
-3.982987E+00, 5.000795E-04 
-4.430051E-01, 1.081317E-03 
4.380856E+00, 5.919549E-04 
7.063428E+00, 6.864289E-05 
-2.535167E+00, 7.830226E-04 
-1.131390E+01, 5.130613E-06 
-8.592418E+00, 2.953668E-05 
5.128235E+00, 2.408741E-04 
-5.611102E+00, 3.033081E-04 
-5.350084E+00, 2.631644E-04 
3.962856E+00, 6.108009E-04 
1.690157E+00, 1.358364E-03 
6.538929E+00, 1.398271E-04 
7.694834E+00, 6.842825E-05 
8.828847E-01, 1.126094E-03 
1.115134E+01, 8.189458E-06 
-7.532500E+00, 5.538154E-05 
-7.458716E-02, 1.479953E-03 
-8.548511E+00, 2.225214E-05 
1.012354E+01, 8.186084E-06 
-6.336482E+00, 2.364503E-04 
-1.200859E+00, 1.551385E-03 
6.840733E+00, 8.374635E-05 
-1.055180E+01, 4.913825E-06 
-4.424608E+00, 3.265521E-04 
-4.526525E+00, 5.781338E-04 
2.359883E+00, 7.157256E-04 
5.989861E+00, 1.416440E-04 
-3.825870E+00, 7.606470E-04 
2.809427E+00, 9.738628E-04 
9.030345E+00, 1.576854E-05 
4.612968E+00, 6.050610E-04 
-1.617791E+00, 1.345789E-03 
-1.818780E+00, 1.293828E-03 
-7.983903E+00, 6.148377E-05 
9.734839E+00, 1.500691E-05 
2.682786E+00, 9.916973E-04 
-6.946082E+00, 1.357725E-04 
4.861279E+00, 3.457453E-04 
3.791825E+00, 9.197110E-04 
6.692190E+00, 1.712639E-04 
-9.246958E+00, 6.977250E-06 
-1.442727E+00, 1.336359E-03 
-4.182792E+00, 5.009145E-04 
6.494456E+00, 9.771547E-05 
2.651301E+00, 1.177138E-03 
7.703147E+00, 1.028373E-04 
5.834819E+00, 2.054820E-04 
5.824206E+00, 1.366742E-04 
-3.652488E+00, 5.987437E-04 
1.010007E+01, 8.073329E-06 
5.552749E+00, 3.033616E-04 
-9.740322E+00, 7.287084E-06 
-4.362001E+00, 4.102274E-04 
-6.332679E-01, 1.086714E-03 
-6.762320E+00, 1.793697E-04 
4.149598E+00, 3.233944E-04 
7.601318E+00, 6.270026E-05 
-5.801333E-01, 1.339116E-03 
7.320648E+00, 1.436149E-04 
1.158100E+00, 8.331138E-04 
7.891300E+00, 4.147813E-05 
6.819253E-01, 1.002576E-03 
3.962754E+00, 6.225739E-04 
5.114098E+00, 6.421143E-04 
3.451131E+00, 9.315097E-04 
1.115425E+01, 6.126038E-06 
-6.152268E+00, 2.850231E-04 
7.597736E+00, 9.597887E-05 
-6.662179E-01, 1.442618E-03 
1.025256E+00, 1.424054E-03 
1.751557E+00, 1.205401E-03 
-7.913692E+00, 2.145542E-05 
1.275017E+01, 7.606577E-06 
-2.640537E+00, 7.221693E-04 
-8.621803E+00, 2.608686E-05 
-8.320435E+00, 3.072913E-05 
7.317022E+00, 1.061239E-04 
3.071121E+00, 1.133550E-03 
-8.755308E+00, 3.166745E-05 
8.695529E+00, 1.432592E-05 
2.317507E+00, 8.109386E-04 
-5.967659E+00, 4.161749E-04 
-1.110675E+00, 1.229270E-03 
-3.047883E+00, 5.696571E-04 
3.743872E+00, 6.691555E-04 
-4.007636E+00, 6.997817E-04 
1.007754E+01, 4.431860E-06 
1.092431E+01, 8.212129E-06 
-6.894119E+00, 1.344983E-04 
-2.759606E+00, 6.454705E-04 
-8.339652E+00, 2.740369E-05 
5.405315E+00, 2.144909E-04 
1.543523E+00, 1.216505E-03 
1.095819E+01, 5.093314E-06 
-7.447775E-01, 1.142713E-03 
-2.644656E-01, 1.677442E-03 
-3.579469E+00, 6.833717E-04 
-8.203811E+00, 4.295278E-05 
5.367413E+00, 3.610391E-04 
-4.169770E+00, 3.237771E-04 
-6.280090E+00, 1.766508E-04 
5.436883E+00, 2.209850E-04 
9.671220E+00, 2.208646E-05 
-9.092244E+00, 9.267208E-06 
-1.528866E+00, 1.316094E-03 
-7.367112E+00, 9.589020E-05 
9.069547E+00, 3.827132E-05 
1.878300E+00, 7.404869E-04 
-6.756480E+00, 1.692476E-04 
3.300803E+00, 1.056726E-03 
1.712895E-01, 1.734027E-03 
1.458988E+00, 1.340518E-03 
-1.052104E+00, 1.017973E-03 
-1.272315E+01, 5.673260E-06 
3.966398E+00, 5.925234E-04 
-8.076561E+00, 5.057356E-05 
-8.595048E+00, 2.122035E-05 
5.808361E+00, 2.870795E-04 
8.142117E-01, 8.617367E-04 
-3.726525E+00, 5.013547E-04 
-5.160170E+00, 2.320052E-04 
1.258225E+00, 1.457260E-03 
8.521775E-01, 1.186246E-03 
2.934793E-01, 1.250186E-03 
1.819417E+00, 1.387727E-03 
-8.588262E+00, 2.540827E-05 
5.585248E+00, 2.587426E-04 
-2.060551E+00, 5.655261E-04 
6.686244E+00, 1.579521E-04 
3.762942E+00, 1.128960E-03 
-1.013602E+00, 1.291037E-03 
7.990896E+00, 5.290960E-05 
9.296957E-01, 1.221229E-03 
4.987040E+00, 2.277199E-04 
2.158292E-01, 1.414494E-03 
8.359512E+00, 8.659829E-05 
7.594787E+00, 3.214809E-05 
-1.076634E+00, 1.102966E-03 
-1.287084E+00, 1.083729E-03 
-1.039461E+01, 7.511095E-06 
-9.548584E+00, 1.668385E-05 
-6.005865E+00, 2.661150E-04 
3.288446E+00, 7.596816E-04 
2.794966E+00, 8.475492E-04 
-2.526272E+00, 8.187581E-04 
9.295151E+00, 2.025132E-05 
-8.582783E+00, 2.386117E-05 
-2.193691E+00, 1.037844E-03 
-6.708355E+00, 1.400223E-04 
6.646460E+00, 1.125446E-04 
-4.542709E-01, 1.127942E-03 
-2.704357E+00, 1.009876E-03 
1.146666E+01, 4.641770E-06 
-4.463391E+00, 4.055979E-04 
9.662423E+00, 1.163703E-05 
4.780355E-01, 1.385376E-03 
1.102205E+00, 1.192760E-03 
3.432739E+00, 5.905538E-04 
3.086320E+00, 7.158317E-04 
2.310905E+00, 1.485426E-03 
7.545736E+00, 7.900650E-05 
7.413207E+00, 1.337445E-04 
1.044308E+01, 7.792836E-06 
-1.037962E+01, 5.723005E-06 
9.947442E+00, 6.737909E-06 
-7.885264E+00, 3.781125E-05 
-1.060819E+01, 5.700647E-06 
-7.229730E+00, 1.250617E-04 
1.062496E+01, 6.721631E-06 
-1.340076E+01, 5.335198E-06 
-1.008405E+01, 5.313866E-06 
-1.100415E+01, 5.269539E-06 
1.097178E+01, 5.067875E-06 
-8.942877E+00, 7.056734E-06 
-8.267842E+00, 2.660239E-05 
7.687278E+00, 7.170655E-05 
1.063793E+01, 4.828088E-06 
-7.665287E+00, 1.272542E-04 
-7.415375E+00, 1.250617E-04 
9.575447E+00, 1.024815E-05 
-7.468728E+00, 1.015954E-04 
-9.618698E+00, 1.625003E-05 
-8.897787E+00, 3.043957E-05 
-1.012104E+01, 7.756106E-06 
-1.006229E+01, 5.789658E-06 
-9.098464E+00, 1.642894E-05 
-9.187118E+00, 1.302535E-05 
-9.736781E+00, 1.158050E-05 
-6.992817E+00, 1.333693E-04 
-7.069564E+00, 8.396547E-05 
-6.537119E+00, 1.919363E-04 
-5.605727E+00, 2.379741E-04 
-5.078877E+00, 2.372542E-04 
-5.341643E+00, 2.320052E-04 
-2.068339E+00, 7.904334E-04 
-2.129408E+00, 7.146496E-04 
-6.803907E-01, 1.059605E-03 
-1.028379E+00, 1.050208E-03 
-5.968608E-01, 1.027225E-03 
-5.467770E-01, 9.770151E-04 
-1.034674E+00, 9.729995E-04 
-3.250110E-02, 8.729033E-04 
3.838597E+00, 5.543992E-04 
4.310468E+00, 5.246377E-04 
4.369660E+00, 5.059801E-04 
6.265845E+00, 1.468043E-04 
6.370162E+00, 1.133989E-04 
6.529848E+00, 1.111514E-04 
6.157727E+00, 1.041232E-04 
5.726484E+00, 1.366742E-04 
8.231867E+00, 5.905086E-05 
7.868272E+00, 4.147813E-05 
7.956059E+00, 3.540868E-05 
8.318797E+00, 3.232155E-05 
7.662393E+00, 3.214809E-05 
1.004838E+01, 4.987043E-06 
1.031929E+01, 4.946821E-06 
1.102093E+01, 4.646661E-06 
1.075784E+01, 4.646661E-06 
9.937525E+00, 4.560089E-06 
1.111145E+01, 4.482271E-06 
1.021450E+01, 4.431860E-06 
