6.224476E+00, 1.551929E-04 
-7.448178E+00, 5.346010E-05 
-8.565849E+00, 3.880054E-05 
-7.799666E+00, 4.648393E-05 
-9.360796E+00, 1.660015E-05 
-3.713777E+00, 7.355022E-04 
7.295712E+00, 5.475324E-05 
8.385062E+00, 3.374631E-05 
7.129692E+00, 9.361521E-05 
-2.670422E+00, 7.693773E-04 
6.021601E+00, 1.188915E-04 
2.174029E+00, 9.239555E-04 
-5.199345E+00, 3.769493E-04 
5.115479E+00, 2.573092E-04 
9.371441E+00, 1.574894E-05 
-3.509625E+00, 1.065059E-03 
8.935757E+00, 1.201835E-05 
4.201236E+00, 4.287530E-04 
1.239040E+01, 5.751346E-06 
5.758455E+00, 2.278367E-04 
-7.118963E+00, 6.099108E-05 
9.114631E+00, 1.814022E-05 
-2.007221E+00, 1.257419E-03 
1.073000E+01, 5.443262E-06 
3.958544E+00, 4.182386E-04 
1.013941E+01, 9.691336E-06 
7.783265E+00, 3.697235E-05 
3.569018E-01, 1.038436E-03 
-8.209089E+00, 2.009277E-05 
-1.269891E+00, 1.225399E-03 
7.165247E+00, 8.485088E-05 
1.213829E+01, 5.642898E-06 
-9.014286E+00, 2.416871E-05 
7.922679E+00, 3.611189E-05 
6.980229E+00, 5.982403E-05 
5.194407E+00, 1.488602E-04 
-5.080303E+00, 4.033205E-04 
4.961190E+00, 4.420049E-04 
1.392630E+00, 1.109788E-03 
-1.052296E+01, 7.648909E-06 
1.006356E+01, 1.018915E-05 
6.112724E+00, 1.253224E-04 
-1.537228E+00, 8.661418E-04 
1.497145E+00, 8.901372E-04 
-7.253514E+00, 7.441679E-05 
-1.150895E+00, 7.526354E-04 
-6.946557E+00, 6.710553E-05 
1.896316E+00, 1.242635E-03 
5.169611E+00, 2.932447E-04 
5.118215E+00, 2.383265E-04 
-4.328882E+00, 4.408075E-04 
-3.182762E+00, 1.048303E-03 
-6.099314E+00, 2.341460E-04 
6.798546E+00, 1.357803E-04 
5.343405E+00, 2.413289E-04 
-3.719254E+00, 7.821693E-04 
4.913197E-01, 1.468888E-03 
9.563270E+00, 1.802051E-05 
-2.471785E+00, 7.538257E-04 
6.269451E+00, 1.239607E-04 
1.381751E+00, 1.474069E-03 
2.380443E+00, 1.161174E-03 
-5.070734E+00, 2.637521E-04 
-1.050448E+01, 1.152260E-05 
5.637287E+00, 2.649614E-04 
-5.394893E+00, 2.579221E-04 
-4.833933E+00, 3.648515E-04 
-9.225552E+00, 1.430685E-05 
1.157959E+00, 9.020088E-04 
-9.128789E+00, 1.641647E-05 
-4.923678E+00, 4.379251E-04 
-5.377317E+00, 3.327696E-04 
-2.018027E+00, 7.697442E-04 
-5.881926E-01, 1.176250E-03 
9.360508E-01, 1.288977E-03 
6.045214E+00, 1.691494E-04 
-3.359155E-01, 1.454375E-03 
2.193141E+00, 7.704888E-04 
5.500894E+00, 3.019696E-04 
4.280161E+00, 3.841776E-04 
-3.227497E+00, 6.562800E-04 
-3.138923E+00, 7.734244E-04 
-5.014525E+00, 2.541146E-04 
7.226865E+00, 7.934886E-05 
1.072607E+01, 6.625748E-06 
8.957753E+00, 3.443582E-05 
-9.124906E+00, 9.893784E-06 
2.253099E+00, 6.627746E-04 
8.763096E+00, 2.731736E-05 
6.391621E+00, 1.417851E-04 
8.521998E+00, 3.177186E-05 
5.432398E+00, 2.472321E-04 
-4.822270E+00, 2.709779E-04 
-6.835465E+00, 4.399088E-05 
6.318698E+00, 1.754895E-04 
-2.314155E-01, 1.328356E-03 
1.041906E+01, 5.929387E-06 
1.107606E+00, 1.024717E-03 
8.117702E+00, 4.151865E-05 
8.583497E+00, 3.142987E-05 
5.902632E+00, 1.982123E-04 
-7.079953E+00, 7.493426E-05 
-2.673539E+00, 9.909853E-04 
2.398441E+00, 7.517657E-04 
-3.771371E+00, 6.621888E-04 
-2.699001E+00, 6.562800E-04 
8.071644E+00, 8.435836E-05 
-4.832984E-01, 1.330059E-03 
7.130677E+00, 8.460559E-05 
-6.286052E+00, 1.338920E-04 
-3.913169E+00, 3.748643E-04 
-6.218258E+00, 2.381581E-04 
5.622203E+00, 2.868710E-04 
-6.935073E-01, 1.325701E-03 
1.256744E+01, 7.595555E-06 
-9.121771E+00, 1.722526E-05 
1.750373E+00, 1.293629E-03 
-6.952510E+00, 6.099108E-05 
-4.495928E+00, 3.404522E-04 
-9.359883E+00, 2.416871E-05 
2.071643E+00, 1.040427E-03 
-7.738262E+00, 4.012837E-05 
-1.009667E+01, 1.146251E-05 
1.146199E+01, 1.024162E-05 
-5.437128E+00, 3.840806E-04 
-1.066150E+00, 1.807090E-03 
7.312763E+00, 6.203914E-05 
-1.557312E+00, 9.383460E-04 
4.012685E+00, 4.727230E-04 
-1.254014E+01, 9.268453E-06 
3.597071E+00, 8.066362E-04 
-7.695758E+00, 6.033997E-05 
-9.895158E+00, 8.239197E-06 
1.444369E+01, 1.018495E-05 
4.936230E+00, 2.806801E-04 
5.380042E+00, 3.015347E-04 
3.956193E+00, 9.952655E-04 
-7.715636E+00, 5.499968E-05 
2.240914E+00, 8.880907E-04 
-9.061227E+00, 1.523213E-05 
-1.067541E+01, 7.956447E-06 
-1.012868E+00, 8.874966E-04 
-5.074470E+00, 4.283527E-04 
7.009505E+00, 8.383209E-05 
1.242162E+01, 6.836705E-06 
6.963728E+00, 9.162458E-05 
-1.529835E+00, 7.149380E-04 
7.428640E+00, 1.023589E-04 
-6.668730E+00, 1.404969E-04 
2.700201E+00, 9.109915E-04 
1.874518E+00, 1.273397E-03 
-3.733024E+00, 9.500076E-04 
-7.658303E+00, 8.006787E-05 
1.241062E+01, 8.284084E-06 
8.874657E+00, 1.719436E-05 
9.551541E+00, 1.856622E-05 
1.025647E+01, 8.963586E-06 
2.785224E+00, 1.067397E-03 
-4.007710E+00, 3.162088E-04 
-6.164419E+00, 7.428454E-05 
-2.541226E+00, 6.712302E-04 
1.044914E+01, 5.245704E-06 
-2.615658E+00, 6.633035E-04 
9.356400E+00, 1.774048E-05 
5.021567E+00, 3.957915E-04 
-6.918428E+00, 8.390338E-05 
2.528481E+00, 7.408155E-04 
-1.112683E+01, 1.057969E-05 
-2.481117E+00, 1.081772E-03 
7.721095E+00, 6.092498E-05 
1.611648E+00, 1.105550E-03 
-7.238395E+00, 7.136841E-05 
-7.221139E+00, 8.400916E-05 
-8.593003E+00, 1.358696E-05 
8.734192E+00, 2.469409E-05 
9.161031E+00, 1.523181E-05 
-6.795981E+00, 1.192691E-04 
8.474323E+00, 2.997117E-05 
1.131690E+01, 7.133040E-06 
-5.146398E+00, 4.090970E-04 
-5.225655E+00, 3.725267E-04 
2.261423E+00, 1.178485E-03 
3.680695E+00, 1.112576E-03 
-3.042986E+00, 7.988198E-04 
-1.541600E+00, 1.029495E-03 
1.263229E-01, 9.153825E-04 
5.525570E+00, 1.838286E-04 
9.568232E+00, 7.640580E-06 
-6.426517E+00, 1.583851E-04 
-4.512098E+00, 3.094195E-04 
-4.497778E+00, 3.748643E-04 
7.475627E+00, 7.882026E-05 
-1.011766E+01, 8.597932E-06 
-6.776302E+00, 1.638989E-04 
1.363224E+00, 1.101667E-03 
-6.613209E+00, 7.428454E-05 
9.724360E+00, 1.171497E-05 
-5.887215E+00, 2.206343E-04 
1.332807E+00, 9.933061E-04 
-5.153648E+00, 2.143276E-04 
-3.523417E-01, 1.078420E-03 
-3.969253E+00, 4.127361E-04 
-5.190713E+00, 3.049134E-04 
7.235891E-01, 9.039326E-04 
-1.439052E+00, 7.454469E-04 
-3.055905E+00, 6.465955E-04 
-1.728505E+00, 1.017875E-03 
-9.316446E+00, 1.851863E-05 
-1.190204E+01, 9.053701E-06 
4.043933E+00, 6.483313E-04 
-7.363583E+00, 5.256428E-05 
2.947936E+00, 1.116438E-03 
6.919178E+00, 1.057756E-04 
-9.804491E+00, 1.631596E-05 
-8.106664E+00, 5.123288E-05 
-1.042604E+01, 7.895869E-06 
1.722749E+00, 1.000979E-03 
-5.348338E+00, 2.739468E-04 
-1.040741E+00, 8.767305E-04 
5.388952E+00, 2.375144E-04 
-6.079443E+00, 2.245555E-04 
4.611740E+00, 4.864566E-04 
-6.281633E+00, 1.404969E-04 
1.816756E+00, 1.549985E-03 
1.464010E+00, 1.164339E-03 
5.071873E+00, 2.445010E-04 
-8.770938E-01, 1.744365E-03 
-4.107463E+00, 4.944192E-04 
-6.100199E+00, 1.197827E-04 
7.175121E+00, 6.481216E-05 
7.502673E+00, 6.989303E-05 
7.762233E+00, 5.853199E-05 
-5.384002E+00, 2.485874E-04 
-1.996916E+00, 6.375022E-04 
1.866568E+00, 1.503619E-03 
3.071900E+00, 9.274535E-04 
-7.536234E+00, 7.843343E-05 
3.344909E+00, 1.129213E-03 
8.355879E+00, 3.387980E-05 
7.161950E+00, 5.232680E-05 
-2.627940E+00, 7.128277E-04 
9.091008E+00, 4.928539E-05 
8.422315E+00, 3.478371E-05 
-7.724241E+00, 3.663574E-05 
3.542320E+00, 9.285442E-04 
-4.048163E+00, 5.547372E-04 
1.981808E+00, 7.110749E-04 
7.897624E-01, 1.312910E-03 
-8.556876E-01, 1.184311E-03 
2.825386E+00, 6.596190E-04 
-7.392174E+00, 6.750091E-05 
9.883834E-01, 1.134484E-03 
5.597539E+00, 1.689947E-04 
-1.663618E-01, 1.386052E-03 
1.522772E+00, 1.095912E-03 
-6.675411E+00, 1.459464E-04 
-1.225585E+01, 9.398252E-06 
-9.428013E+00, 1.492502E-05 
7.910787E+00, 8.383209E-05 
-7.046238E-01, 1.796375E-03 
9.440051E+00, 7.709229E-06 
-8.120758E+00, 4.879633E-05 
2.609157E+00, 7.497989E-04 
5.554182E+00, 2.424905E-04 
-1.005876E+01, 8.536209E-06 
1.308640E+00, 8.743749E-04 
-7.417056E+00, 5.314460E-05 
5.969248E+00, 1.956204E-04 
-8.760858E+00, 2.608760E-05 
7.463031E+00, 6.722086E-05 
8.949409E+00, 1.208500E-05 
-9.661788E-01, 7.265885E-04 
-4.270686E+00, 3.071853E-04 
-9.185351E+00, 1.564587E-05 
-7.157769E+00, 6.033997E-05 
-2.092578E+00, 1.152430E-03 
1.205996E-01, 1.368061E-03 
6.208962E+00, 1.591907E-04 
-1.824797E-01, 9.924504E-04 
1.400702E+00, 1.545608E-03 
-2.849661E+00, 7.404743E-04 
-3.719185E+00, 9.710032E-04 
8.423767E+00, 3.142987E-05 
4.660074E+00, 4.303735E-04 
-7.284025E+00, 6.045989E-05 
-1.077081E+00, 1.252503E-03 
-1.907540E-01, 1.333063E-03 
-3.014405E+00, 1.259486E-03 
-3.701278E+00, 8.687265E-04 
4.987286E+00, 3.865652E-04 
5.016609E+00, 2.806801E-04 
-3.316834E+00, 6.174055E-04 
9.588168E+00, 1.187263E-05 
9.144329E+00, 1.266762E-05 
-7.602255E+00, 7.807463E-05 
-2.743640E+00, 7.399647E-04 
4.061276E+00, 6.926271E-04 
1.058922E+00, 8.977304E-04 
-4.269485E+00, 3.682038E-04 
-2.473843E+00, 6.795769E-04 
-3.881197E+00, 9.712779E-04 
-9.282372E+00, 1.070350E-05 
9.178461E+00, 1.841893E-05 
-6.350576E+00, 1.862478E-04 
9.117955E-01, 1.104240E-03 
1.469285E+00, 8.571883E-04 
-8.930923E+00, 3.633172E-05 
6.839535E+00, 1.484145E-04 
-8.744398E+00, 3.083734E-05 
3.555240E+00, 1.097986E-03 
2.361836E+00, 1.295362E-03 
4.154394E+00, 4.077663E-04 
1.269446E-01, 1.186771E-03 
1.150512E+00, 1.107270E-03 
6.072221E+00, 2.840616E-04 
1.109301E+01, 8.024482E-06 
-3.029981E+00, 6.059622E-04 
-6.801240E+00, 5.942934E-05 
-1.114644E+01, 1.165922E-05 
9.898119E+00, 1.242389E-05 
-5.451831E+00, 2.689701E-04 
1.017172E+01, 7.710802E-06 
-4.453645E+00, 3.033989E-04 
-1.786134E+00, 9.171353E-04 
-8.461142E-01, 9.638302E-04 
1.101761E+01, 1.016465E-05 
-3.196584E+00, 7.809883E-04 
6.751837E+00, 1.403041E-04 
2.665167E+00, 1.337131E-03 
9.537951E+00, 1.647740E-05 
-5.907432E-01, 1.858578E-03 
-3.551419E+00, 5.690746E-04 
-3.899509E+00, 6.397001E-04 
-8.108913E+00, 4.648393E-05 
-1.825603E+00, 1.165947E-03 
6.306036E+00, 1.340988E-04 
2.233916E+00, 7.610020E-04 
4.840925E+00, 5.786728E-04 
-1.203994E+01, 1.160982E-05 
-4.601522E+00, 3.281109E-04 
-7.581962E-01, 1.178556E-03 
8.917442E-02, 1.067869E-03 
5.934490E+00, 1.602219E-04 
1.006534E+01, 7.290502E-06 
9.210242E+00, 1.688499E-05 
-6.631924E+00, 1.916706E-04 
-4.550449E+00, 5.360824E-04 
-9.555448E+00, 1.057981E-05 
2.899275E+00, 9.010001E-04 
9.076509E+00, 1.786334E-05 
5.753975E+00, 1.146608E-04 
-1.762161E+00, 9.028123E-04 
-6.067118E+00, 1.100117E-04 
4.445507E-01, 1.357336E-03 
1.146483E+01, 5.418367E-06 
5.582409E+00, 1.683108E-04 
-8.587498E+00, 4.824611E-05 
-8.667239E+00, 3.114174E-05 
4.008272E+00, 8.016151E-04 
-7.957644E+00, 4.060578E-05 
-1.025826E+01, 1.001190E-05 
-1.030350E+01, 9.282063E-06 
5.154636E+00, 2.236857E-04 
8.696260E+00, 4.166353E-05 
4.527693E+00, 5.945685E-04 
-6.333595E+00, 2.107143E-04 
5.625877E+00, 1.763102E-04 
-7.494742E+00, 6.225151E-05 
4.669775E+00, 5.009117E-04 
-8.711871E+00, 3.253596E-05 
-6.673300E+00, 5.369265E-05 
8.279162E+00, 3.060447E-05 
4.273590E+00, 4.814051E-04 
2.403972E+00, 7.110749E-04 
-4.497806E+00, 3.762507E-04 
3.923630E+00, 6.714729E-04 
-4.651531E+00, 5.027861E-04 
6.892823E+00, 9.319855E-05 
-3.979512E+00, 1.014982E-03 
-6.872624E+00, 1.202246E-04 
-1.028162E+01, 9.541838E-06 
3.737243E+00, 7.755435E-04 
3.941292E+00, 6.310974E-04 
8.380718E+00, 7.222264E-05 
-5.902373E+00, 2.349759E-04 
6.783002E+00, 8.449734E-05 
-9.918704E+00, 8.173903E-06 
-8.842784E+00, 2.714885E-05 
7.923025E+00, 3.108060E-05 
-3.326291E+00, 8.404200E-04 
9.695699E+00, 1.403080E-05 
-8.747979E+00, 2.656458E-05 
-1.000637E+01, 1.040534E-05 
-4.990111E+00, 4.021950E-04 
3.137153E+00, 5.843890E-04 
1.040471E+01, 7.607877E-06 
2.293384E+00, 9.520412E-04 
-8.835665E+00, 1.448067E-05 
-8.588302E+00, 2.340535E-05 
-3.951600E+00, 3.545979E-04 
5.026054E+00, 3.247098E-04 
3.627913E+00, 5.209432E-04 
3.867585E+00, 9.098631E-04 
8.651874E+00, 2.441855E-05 
9.088664E-01, 1.668206E-03 
3.776650E+00, 6.438533E-04 
-1.763185E+00, 8.308067E-04 
-7.754033E+00, 3.885462E-05 
-4.100875E+00, 5.016475E-04 
-7.035869E+00, 5.480975E-05 
-1.032971E+00, 1.054289E-03 
-2.139472E+00, 1.126128E-03 
-4.162695E+00, 2.943365E-04 
-1.220467E+00, 9.999636E-04 
-7.885482E+00, 6.787520E-05 
1.008438E+01, 7.823798E-06 
-3.375535E+00, 6.243452E-04 
-5.824355E+00, 2.639335E-04 
-1.015719E+01, 1.467918E-05 
4.982456E+00, 5.846104E-04 
8.744822E+00, 4.084439E-05 
-6.442911E-01, 1.770219E-03 
3.545164E+00, 9.242860E-04 
-9.470646E+00, 1.146251E-05 
-7.356756E+00, 7.890340E-05 
-9.087878E-02, 1.318656E-03 
-2.795561E+00, 5.988899E-04 
7.164514E+00, 6.722086E-05 
1.524930E+00, 8.571883E-04 
-6.913953E+00, 6.604503E-05 
-5.820956E+00, 2.955713E-04 
-7.058391E+00, 7.890340E-05 
2.680995E+00, 1.295362E-03 
-6.194412E+00, 1.485691E-04 
6.230728E+00, 1.296243E-04 
-3.196079E+00, 5.896407E-04 
4.019259E+00, 7.465308E-04 
-2.956280E+00, 7.488129E-04 
8.881506E+00, 3.355914E-05 
-5.793588E+00, 3.828408E-04 
-1.094328E+01, 1.123251E-05 
-1.078922E+01, 1.083145E-05 
-6.081127E+00, 1.910988E-04 
-9.573930E+00, 2.263555E-05 
-8.616531E+00, 3.263173E-05 
-1.114898E+01, 6.054306E-06 
-7.775019E+00, 5.044183E-05 
-8.242449E+00, 4.339836E-05 
2.289516E+00, 8.828254E-04 
-3.248729E+00, 6.239073E-04 
-1.021983E-02, 1.347248E-03 
7.090307E+00, 7.881049E-05 
-6.248717E+00, 1.493592E-04 
7.376373E+00, 5.982403E-05 
6.747051E+00, 1.492378E-04 
-2.304204E+00, 1.132819E-03 
5.542707E-01, 1.457707E-03 
-9.116591E+00, 9.389265E-06 
-9.175417E+00, 1.330278E-05 
7.527956E+00, 7.126629E-05 
9.747037E+00, 1.170915E-05 
-2.988561E+00, 8.630956E-04 
1.845824E-01, 1.256036E-03 
-3.236966E+00, 9.367629E-04 
9.923234E-01, 8.522155E-04 
1.025430E+01, 6.514249E-06 
1.154473E+00, 9.120688E-04 
3.367993E+00, 9.377964E-04 
5.170253E+00, 3.706572E-04 
-3.819369E+00, 9.399628E-04 
-3.940281E+00, 7.275150E-04 
2.531515E+00, 8.063651E-04 
9.779944E+00, 1.338309E-05 
9.630459E+00, 1.317788E-05 
-4.894920E+00, 3.787588E-04 
4.989024E+00, 6.088931E-04 
2.719906E+00, 8.449847E-04 
-8.214132E+00, 3.250007E-05 
-8.289061E+00, 3.885462E-05 
1.870032E+00, 8.124716E-04 
6.995095E+00, 8.011094E-05 
-9.430852E+00, 1.369191E-05 
-6.686531E+00, 1.545980E-04 
5.426987E+00, 2.790191E-04 
-2.093295E+00, 1.191337E-03 
9.044336E+00, 1.707837E-05 
6.890773E+00, 1.445532E-04 
8.796955E+00, 2.758784E-05 
5.289261E+00, 1.978957E-04 
4.357348E+00, 4.454073E-04 
6.281180E+00, 1.838286E-04 
2.515663E+00, 1.193630E-03 
1.800332E+00, 1.289227E-03 
7.780355E+00, 6.707451E-05 
-5.622161E+00, 2.489277E-04 
-5.850813E+00, 2.354373E-04 
1.010862E+01, 5.854573E-06 
7.107384E+00, 5.429677E-05 
-6.208276E+00, 1.414504E-04 
-3.372435E+00, 1.063457E-03 
5.532617E+00, 2.515363E-04 
-1.920218E+00, 7.454469E-04 
3.726549E+00, 9.455719E-04 
3.510571E+00, 6.401204E-04 
3.438155E+00, 6.438533E-04 
-1.096812E+01, 7.411357E-06 
5.160895E+00, 2.576018E-04 
-7.607529E+00, 5.906989E-05 
-9.970240E+00, 7.960571E-06 
5.445412E+00, 2.195847E-04 
7.635779E+00, 5.884141E-05 
-5.334243E+00, 2.524181E-04 
7.826165E+00, 5.769856E-05 
9.126469E+00, 1.191213E-05 
-5.923240E-01, 9.445973E-04 
-9.747982E+00, 1.399154E-05 
8.668365E+00, 2.264883E-05 
9.406107E+00, 1.170915E-05 
7.605041E+00, 7.962542E-05 
4.140344E+00, 5.980359E-04 
-6.225865E+00, 1.824416E-04 
-5.480721E+00, 2.171092E-04 
-6.444036E-01, 1.151558E-03 
4.880095E+00, 4.139863E-04 
-2.261818E+00, 8.679396E-04 
-9.253171E+00, 1.421004E-05 
3.391942E+00, 6.841270E-04 
4.774122E-01, 9.343083E-04 
-6.427495E+00, 6.767960E-05 
1.382683E+00, 9.323420E-04 
-3.408822E+00, 6.020300E-04 
-8.080699E+00, 6.385706E-05 
7.924988E+00, 3.821381E-05 
4.149706E-01, 1.477242E-03 
-2.173763E+00, 1.152031E-03 
-6.792760E+00, 5.098525E-05 
3.284133E+00, 1.101666E-03 
2.001453E+00, 1.267087E-03 
1.658480E+00, 1.013360E-03 
-1.153563E+01, 8.081870E-06 
5.896467E+00, 3.201382E-04 
-7.109647E+00, 5.301428E-05 
8.578566E+00, 3.690804E-05 
-8.024311E+00, 5.458033E-05 
7.518783E+00, 7.022756E-05 
1.824735E+00, 7.849897E-04 
4.526657E+00, 5.846104E-04 
-4.026350E+00, 3.032634E-04 
8.605075E+00, 3.671484E-05 
3.175109E+00, 1.228664E-03 
6.446142E+00, 1.456379E-04 
2.209976E-01, 1.177866E-03 
6.954638E+00, 5.769856E-05 
7.986315E+00, 7.232740E-05 
6.851646E+00, 7.490054E-05 
-5.684024E+00, 2.236249E-04 
-1.820495E-01, 1.086885E-03 
-6.539838E+00, 1.211737E-04 
9.429974E+00, 1.126029E-05 
8.529535E+00, 2.662650E-05 
4.542092E+00, 3.971167E-04 
9.061658E+00, 2.408054E-05 
-1.690029E+00, 7.766628E-04 
8.304781E+00, 3.020298E-05 
3.227652E+00, 1.156571E-03 
6.836012E+00, 7.773494E-05 
-6.455428E-01, 1.676357E-03 
-6.032140E+00, 2.349759E-04 
8.499203E-01, 1.129141E-03 
7.889976E+00, 5.747280E-05 
-6.558600E+00, 1.385098E-04 
-7.964821E+00, 4.465931E-05 
-9.952108E+00, 1.412622E-05 
-5.446165E+00, 2.629408E-04 
-1.042822E+01, 6.758403E-06 
7.367916E+00, 7.388972E-05 
-5.980015E+00, 1.497129E-04 
-1.004371E+01, 1.346223E-05 
-6.219945E+00, 1.817719E-04 
4.585966E+00, 2.851064E-04 
6.005541E+00, 1.836778E-04 
7.339343E+00, 6.280973E-05 
1.224698E+00, 1.213330E-03 
-8.805878E-01, 9.018931E-04 
-5.196246E+00, 3.517395E-04 
-2.393985E+00, 8.536795E-04 
7.615249E-01, 9.039326E-04 
-7.446040E+00, 5.369265E-05 
8.231529E+00, 2.469409E-05 
8.392241E+00, 3.839896E-05 
-3.651296E+00, 9.556315E-04 
4.514883E+00, 5.197487E-04 
-9.909095E+00, 5.854309E-06 
7.300298E+00, 8.449734E-05 
-2.710311E+00, 1.008952E-03 
-1.235201E-01, 1.719928E-03 
-6.656545E+00, 1.334932E-04 
1.949561E+00, 8.448398E-04 
-8.182552E+00, 3.470311E-05 
4.007087E+00, 4.438267E-04 
-5.172150E+00, 2.674145E-04 
4.968676E+00, 4.727230E-04 
6.606457E+00, 1.507246E-04 
6.434112E+00, 1.142845E-04 
-5.711957E+00, 2.412428E-04 
8.919887E+00, 1.699439E-05 
-2.470956E+00, 7.809883E-04 
8.159944E+00, 3.697235E-05 
1.951831E+00, 9.849432E-04 
6.263525E+00, 1.383487E-04 
-7.635192E+00, 8.297529E-05 
7.717754E-01, 1.276263E-03 
8.685480E+00, 2.870307E-05 
-1.022546E+01, 7.681694E-06 
-1.027948E+01, 6.136579E-06 
-6.118540E+00, 2.425907E-04 
7.978484E+00, 2.887133E-05 
-7.438140E+00, 7.685966E-05 
8.504639E+00, 2.810328E-05 
-3.084677E+00, 5.606313E-04 
3.148357E+00, 8.870569E-04 
-1.066716E+01, 7.648909E-06 
6.181861E+00, 9.470278E-05 
-1.239771E+01, 7.358310E-06 
-2.048213E+00, 1.117675E-03 
-7.242722E+00, 7.530942E-05 
-1.083460E+01, 8.352557E-06 
-4.331096E+00, 3.033989E-04 
-4.699963E+00, 2.612383E-04 
-4.581728E+00, 4.675138E-04 
-6.192127E+00, 1.862478E-04 
-2.754699E+00, 6.248714E-04 
-1.004041E+01, 1.321099E-05 
-7.437950E+00, 7.441679E-05 
-7.761226E+00, 4.912215E-05 
5.993216E+00, 3.019696E-04 
7.544761E+00, 7.283572E-05 
1.045883E+01, 7.291813E-06 
-1.510244E+00, 9.273726E-04 
-4.005087E-01, 1.429104E-03 
-1.869226E+00, 6.989450E-04 
4.512092E+00, 4.814051E-04 
7.864523E-01, 1.367200E-03 
8.515397E+00, 4.577252E-05 
1.026583E+01, 1.122109E-05 
8.874402E-02, 9.971741E-04 
1.760550E-01, 1.435190E-03 
1.035850E+01, 8.328256E-06 
-6.889241E+00, 6.050560E-05 
3.154718E+00, 8.226861E-04 
1.819644E+00, 1.006018E-03 
-1.065247E+01, 9.053701E-06 
-5.819452E+00, 2.360159E-04 
-8.666406E+00, 3.222651E-05 
3.808275E+00, 8.285577E-04 
1.193192E-02, 1.001974E-03 
-1.525331E-01, 1.189085E-03 
-3.441520E+00, 7.024098E-04 
1.789200E+00, 1.403753E-03 
5.310738E+00, 1.605587E-04 
7.036419E+00, 1.222506E-04 
1.017430E+01, 5.733526E-06 
-9.449282E+00, 1.789399E-05 
5.122148E+00, 4.265757E-04 
-9.587509E+00, 1.081671E-05 
4.863659E+00, 6.063615E-04 
5.251878E+00, 3.201382E-04 
-1.074324E+01, 7.616065E-06 
-3.258273E+00, 8.043901E-04 
-4.096993E+00, 3.163431E-04 
-1.009639E+01, 6.510692E-06 
9.006635E+00, 2.566829E-05 
-8.242079E+00, 3.320031E-05 
5.069868E+00, 2.470204E-04 
7.453937E+00, 5.599348E-05 
-9.707319E-01, 1.392930E-03 
1.112952E+01, 7.396026E-06 
2.437812E+00, 8.944461E-04 
-4.386540E+00, 4.202607E-04 
-3.680054E+00, 6.417090E-04 
-6.371785E+00, 1.124317E-04 
-5.659288E+00, 2.739468E-04 
-3.965270E+00, 3.757588E-04 
-4.277910E+00, 4.093071E-04 
2.810281E+00, 7.009401E-04 
5.558057E+00, 2.345143E-04 
9.020973E+00, 1.313428E-05 
2.167615E+00, 9.726192E-04 
-8.738925E+00, 5.169591E-05 
4.750541E+00, 2.750104E-04 
-1.009535E+00, 9.896807E-04 
-8.762527E+00, 3.643254E-05 
6.382735E-01, 9.949077E-04 
1.138217E+01, 9.993580E-06 
-8.463209E+00, 3.602551E-05 
-6.886270E+00, 8.624665E-05 
2.159322E+00, 7.497989E-04 
-6.734291E+00, 7.264248E-05 
3.982698E+00, 3.851880E-04 
7.690177E+00, 7.885080E-05 
-3.553809E+00, 6.278366E-04 
3.136345E+00, 8.009471E-04 
-1.704520E+00, 9.074036E-04 
-5.076926E+00, 5.675601E-04 
8.407219E+00, 3.697235E-05 
7.681693E+00, 5.688984E-05 
6.240683E+00, 1.637590E-04 
-9.555083E+00, 1.410603E-05 
-1.302255E+00, 9.652244E-04 
-1.067935E+00, 1.101667E-03 
7.179269E+00, 1.057560E-04 
-5.993806E+00, 2.434837E-04 
6.703928E+00, 9.354933E-05 
-8.145159E+00, 2.663825E-05 
5.955648E+00, 1.662856E-04 
-6.978746E+00, 5.497525E-05 
3.439808E+00, 8.308393E-04 
3.138867E+00, 9.486961E-04 
-9.525729E+00, 1.348822E-05 
-6.260109E+00, 2.256083E-04 
-6.640356E+00, 1.209198E-04 
1.775333E+00, 1.046058E-03 
-6.699897E+00, 7.072518E-05 
-8.308929E+00, 2.634001E-05 
8.891979E+00, 1.774048E-05 
-4.719718E+00, 4.525830E-04 
5.776880E+00, 2.345875E-04 
7.730433E+00, 6.349261E-05 
9.757588E+00, 1.841893E-05 
-7.251980E+00, 6.663010E-05 
-7.549088E+00, 4.346020E-05 
-4.697255E+00, 4.339711E-04 
7.733013E+00, 5.809130E-05 
-4.285907E+00, 2.948595E-04 
-5.974417E+00, 2.489277E-04 
-5.344466E+00, 3.444318E-04 
-1.815654E+00, 9.278853E-04 
9.960972E+00, 9.968000E-06 
9.524570E+00, 1.936411E-05 
-6.736777E+00, 6.047256E-05 
6.436837E+00, 1.436384E-04 
-7.497872E+00, 6.433368E-05 
-4.461269E+00, 4.037479E-04 
1.003230E+00, 1.229195E-03 
-1.011136E+00, 1.594217E-03 
1.033641E+01, 6.960330E-06 
-1.345605E+00, 1.081139E-03 
1.059598E+01, 8.325434E-06 
3.903092E+00, 5.973482E-04 
-6.310327E+00, 1.459464E-04 
-2.117427E+00, 9.178036E-04 
6.299480E+00, 1.366296E-04 
9.300211E+00, 1.306016E-05 
5.898377E+00, 2.335657E-04 
-8.464148E+00, 2.340629E-05 
-4.289108E+00, 3.841309E-04 
1.209361E+01, 7.994435E-06 
-8.873603E+00, 1.057981E-05 
1.570301E+00, 9.035463E-04 
1.083127E+00, 1.181174E-03 
9.454222E+00, 2.214675E-05 
-2.318098E+00, 8.272126E-04 
8.700235E+00, 3.495282E-05 
3.937197E-01, 1.213809E-03 
6.403940E+00, 1.606698E-04 
-5.729542E+00, 3.276835E-04 
-5.131357E+00, 4.221370E-04 
8.594435E+00, 3.355512E-05 
-9.085716E+00, 4.568833E-05 
-1.075003E+01, 6.879366E-06 
-9.523402E+00, 9.300183E-06 
1.067593E+00, 1.165991E-03 
4.598560E+00, 4.364491E-04 
-6.717487E+00, 1.444029E-04 
4.166048E+00, 3.789211E-04 
-4.134042E+00, 3.079965E-04 
-1.821906E+00, 1.364972E-03 
-1.001242E+01, 1.049242E-05 
-8.515325E+00, 2.289178E-05 
6.092378E+00, 2.868409E-04 
4.215484E+00, 5.238225E-04 
3.917631E+00, 9.457327E-04 
-8.071085E+00, 5.384967E-05 
-8.946055E-01, 1.318332E-03 
5.176259E+00, 3.081848E-04 
-6.014332E+00, 1.450211E-04 
-5.100244E+00, 4.000407E-04 
1.582856E+00, 8.977304E-04 
-8.407602E+00, 3.032521E-05 
-1.498985E-01, 1.852301E-03 
-1.300393E-01, 1.159494E-03 
-8.336579E+00, 4.239600E-05 
5.789379E+00, 2.459539E-04 
-9.375123E+00, 1.584055E-05 
-1.946560E+00, 7.261276E-04 
5.241516E-01, 1.077802E-03 
2.254114E+00, 8.256641E-04 
-9.114481E+00, 2.071049E-05 
2.379288E+00, 1.314569E-03 
-8.406596E+00, 4.214445E-05 
4.462823E-01, 1.443574E-03 
-3.319414E+00, 7.511443E-04 
-1.440822E+00, 1.288406E-03 
3.933562E+00, 1.104272E-03 
6.455254E+00, 1.067113E-04 
1.042126E+01, 8.589906E-06 
-1.013289E+01, 7.956447E-06 
-3.736515E+00, 7.703149E-04 
-5.596500E+00, 2.155848E-04 
1.340691E+00, 1.283154E-03 
3.706948E+00, 8.834485E-04 
3.336082E+00, 1.028545E-03 
-3.403954E+00, 7.223588E-04 
-3.532258E+00, 1.118253E-03 
-2.468007E+00, 1.067402E-03 
-9.357970E+00, 9.767992E-06 
-8.455543E+00, 3.487825E-05 
6.175412E+00, 1.254995E-04 
-4.185005E+00, 3.071853E-04 
5.467788E+00, 2.436975E-04 
3.280102E+00, 9.379147E-04 
6.171964E+00, 1.463845E-04 
-3.145910E+00, 7.525823E-04 
4.205329E+00, 4.480459E-04 
5.061550E+00, 3.007322E-04 
-5.337173E+00, 4.150835E-04 
-3.932812E+00, 8.641055E-04 
9.050452E+00, 1.403080E-05 
-6.428626E-01, 1.467695E-03 
1.051567E+00, 1.028999E-03 
-1.069024E+01, 6.995771E-06 
-4.369345E+00, 3.797972E-04 
-5.038108E+00, 3.018144E-04 
-9.096133E+00, 3.442715E-05 
9.341055E-01, 1.362913E-03 
-4.062960E+00, 3.573468E-04 
-2.556422E+00, 7.667739E-04 
-1.362673E+00, 9.534844E-04 
9.520392E+00, 1.403080E-05 
-3.653407E-01, 1.081619E-03 
9.806744E+00, 1.281675E-05 
-2.789470E+00, 7.127251E-04 
-2.294556E+00, 7.630863E-04 
-1.305440E+00, 7.526354E-04 
-2.497477E+00, 7.920585E-04 
3.302847E-02, 8.919412E-04 
-9.747833E+00, 1.581585E-05 
7.579928E+00, 7.448505E-05 
-9.394815E+00, 1.304042E-05 
8.153538E+00, 3.021182E-05 
8.849985E+00, 2.977021E-05 
-4.961251E-02, 1.069091E-03 
-9.610733E+00, 1.655850E-05 
3.344254E+00, 1.092135E-03 
6.928706E+00, 1.126171E-04 
6.918092E+00, 8.655073E-05 
2.645520E+00, 9.728418E-04 
-7.591765E+00, 4.921115E-05 
9.065888E+00, 4.001013E-05 
-8.891297E+00, 3.081226E-05 
-6.910363E-01, 1.776366E-03 
4.212293E+00, 5.140640E-04 
-2.422989E-01, 1.704087E-03 
-5.215781E+00, 4.704218E-04 
1.030008E+01, 8.852716E-06 
1.531377E+00, 8.579921E-04 
1.212520E+01, 6.884291E-06 
1.504148E+00, 8.881100E-04 
7.467552E+00, 5.827182E-05 
1.159502E+00, 1.054243E-03 
5.187822E+00, 2.391710E-04 
1.675259E+00, 1.086008E-03 
5.048383E+00, 4.686415E-04 
-8.506082E+00, 1.474979E-05 
2.656708E+00, 8.720085E-04 
1.101016E+01, 9.003793E-06 
-8.467231E-01, 1.256047E-03 
-4.548453E+00, 2.844852E-04 
9.290886E+00, 1.841587E-05 
-4.685457E+00, 3.607134E-04 
-1.102984E+00, 1.726817E-03 
-2.627412E+00, 9.036946E-04 
7.120958E+00, 8.367169E-05 
-9.692403E+00, 1.152260E-05 
-9.151220E+00, 4.921115E-05 
-7.210510E-01, 9.375331E-04 
-7.855414E+00, 3.244563E-05 
9.281777E-01, 1.276313E-03 
-3.034540E+00, 1.105160E-03 
-7.573920E+00, 5.605826E-05 
4.266606E+00, 3.477308E-04 
1.018460E+00, 9.684615E-04 
-1.153926E+01, 9.398252E-06 
1.017443E+00, 1.196715E-03 
5.874584E+00, 1.594002E-04 
1.741541E+00, 1.347596E-03 
-8.976551E+00, 2.584795E-05 
-1.041877E+01, 7.783919E-06 
-1.189228E+01, 7.513580E-06 
1.002420E+01, 1.355703E-05 
-7.646753E+00, 5.346010E-05 
8.373383E+00, 4.426220E-05 
4.821821E+00, 1.829812E-04 
5.948301E+00, 1.754895E-04 
-8.395627E+00, 3.379070E-05 
-1.000103E+01, 1.385016E-05 
-6.528974E+00, 1.739306E-04 
1.579225E+00, 1.454358E-03 
8.086240E+00, 2.694235E-05 
-3.147889E+00, 7.698853E-04 
7.346540E+00, 7.624634E-05 
-7.689055E+00, 4.346020E-05 
8.290874E-01, 1.187080E-03 
-3.913142E+00, 5.360824E-04 
1.063847E+01, 8.783975E-06 
-6.749128E-01, 1.355509E-03 
1.092719E+01, 6.124252E-06 
8.929567E+00, 2.429637E-05 
-1.005592E+01, 8.419037E-06 
-1.208545E+00, 1.057732E-03 
-3.180335E+00, 8.986191E-04 
-9.371457E+00, 9.389265E-06 
2.318216E+00, 1.237292E-03 
-8.407671E+00, 2.488631E-05 
-3.337691E+00, 6.698248E-04 
-4.404117E+00, 3.228004E-04 
4.866212E+00, 3.466617E-04 
5.738067E+00, 1.383487E-04 
-4.777882E-01, 1.176987E-03 
3.176011E+00, 7.387799E-04 
1.030953E+01, 8.589906E-06 
1.285403E+00, 1.109393E-03 
2.102318E+00, 1.083386E-03 
-1.475566E+00, 7.171148E-04 
7.241756E+00, 6.040596E-05 
5.388944E+00, 2.218260E-04 
-5.905321E-01, 1.546467E-03 
-2.731114E+00, 1.054438E-03 
1.904602E+00, 1.238339E-03 
1.098281E+01, 5.957449E-06 
7.133369E-01, 9.518130E-04 
-6.820983E+00, 6.265578E-05 
1.167807E+01, 6.744151E-06 
-1.807766E+00, 9.066183E-04 
4.559570E+00, 4.294988E-04 
-3.866082E+00, 6.924176E-04 
3.188589E+00, 6.401204E-04 
-1.037529E+00, 1.102124E-03 
1.139707E+01, 7.710802E-06 
-3.240367E+00, 6.025406E-04 
6.580628E+00, 1.088037E-04 
-3.893147E+00, 7.528012E-04 
-4.605532E+00, 2.806298E-04 
1.037643E+01, 6.772700E-06 
6.734773E+00, 1.123070E-04 
6.677988E+00, 1.063575E-04 
-2.954054E+00, 8.495797E-04 
-8.170304E+00, 3.025457E-05 
1.894810E+00, 9.070057E-04 
-2.178163E+00, 7.035957E-04 
-7.609566E+00, 7.926730E-05 
-8.469014E-01, 1.225365E-03 
7.289398E+00, 8.376181E-05 
-1.252356E+01, 7.365763E-06 
8.462198E-01, 1.269550E-03 
9.225624E+00, 1.293225E-05 
-9.272477E+00, 1.498057E-05 
2.542478E+00, 8.305408E-04 
-9.570160E+00, 1.040534E-05 
6.297182E+00, 9.013483E-05 
-4.948802E+00, 2.607319E-04 
4.452283E+00, 5.375182E-04 
1.416433E+00, 1.357332E-03 
-1.162962E+00, 1.111011E-03 
2.539797E+00, 7.353144E-04 
3.601238E+00, 7.093387E-04 
-9.738029E+00, 8.081870E-06 
-6.850083E+00, 4.994575E-05 
9.395827E+00, 1.106555E-05 
4.607883E-01, 1.623081E-03 
-8.157021E+00, 3.271153E-05 
1.194932E+01, 6.582297E-06 
-9.317145E-01, 6.769351E-04 
-2.494885E-01, 1.274652E-03 
-8.857080E+00, 3.945326E-05 
-7.222050E+00, 4.619449E-05 
-8.909570E+00, 3.483524E-05 
-6.478272E+00, 9.549192E-05 
-1.107638E+01, 9.826770E-06 
2.692381E+00, 8.285577E-04 
-7.458069E+00, 6.663010E-05 
3.458460E+00, 1.103784E-03 
-9.112836E+00, 3.778101E-05 
4.282480E+00, 4.101088E-04 
-7.399835E+00, 5.409617E-05 
8.907703E+00, 1.606791E-05 
-6.014840E+00, 3.074011E-04 
4.560670E+00, 5.434883E-04 
3.945379E+00, 7.946616E-04 
-5.546013E+00, 2.143276E-04 
2.524583E+00, 8.305408E-04 
6.236547E+00, 1.194802E-04 
4.299911E+00, 5.555417E-04 
7.024320E+00, 1.279569E-04 
9.546067E+00, 7.823798E-06 
-6.513356E+00, 1.407308E-04 
-1.254316E+01, 9.036395E-06 
8.657048E+00, 2.510721E-05 
-9.470378E+00, 1.103015E-05 
3.847238E+00, 9.060030E-04 
9.148368E+00, 1.889990E-05 
4.412987E+00, 3.841776E-04 
6.101086E+00, 1.262320E-04 
8.718520E+00, 2.455783E-05 
1.730504E+00, 1.279421E-03 
-5.786434E+00, 2.938200E-04 
8.334026E+00, 2.917103E-05 
-8.449506E+00, 2.581210E-05 
-8.460551E+00, 4.895069E-05 
-2.246529E+00, 6.844558E-04 
-1.052517E+00, 1.478122E-03 
3.750448E-01, 1.069091E-03 
-8.911073E+00, 2.691843E-05 
2.139226E+00, 1.208123E-03 
1.089737E+01, 5.790017E-06 
-1.319296E+00, 8.767305E-04 
-3.732957E+00, 6.474904E-04 
6.614405E-01, 1.745755E-03 
1.942897E+00, 1.025098E-03 
-4.916104E+00, 2.948595E-04 
-1.357115E+00, 1.262332E-03 
7.906025E+00, 6.916091E-05 
8.965453E+00, 1.403080E-05 
-3.734687E-01, 1.366364E-03 
2.990053E+00, 8.235524E-04 
2.250368E+00, 8.796836E-04 
-7.000224E+00, 2.057617E-04 
9.733964E+00, 1.013401E-05 
-4.771303E+00, 4.700003E-04 
-1.041965E+01, 1.103015E-05 
-1.006982E+01, 8.368255E-06 
1.100218E+00, 8.664571E-04 
-2.463096E+00, 1.030413E-03 
-9.074815E+00, 1.846859E-05 
4.799270E-01, 1.342205E-03 
3.613882E+00, 7.093387E-04 
-8.045958E+00, 4.383670E-05 
2.187988E+00, 9.197153E-04 
-1.206927E+01, 6.579614E-06 
-5.321002E+00, 2.994257E-04 
2.323214E+00, 1.262469E-03 
1.021083E+01, 5.718816E-06 
-5.472554E+00, 2.625573E-04 
1.065114E+01, 5.239539E-06 
2.328566E+00, 9.099382E-04 
-6.224805E+00, 7.072518E-05 
-2.179706E+00, 1.114262E-03 
-2.762894E+00, 7.498501E-04 
-8.836416E-01, 9.275783E-04 
-7.445117E+00, 6.049896E-05 
9.974386E+00, 7.710802E-06 
-7.662588E+00, 7.610239E-05 
-1.727582E+00, 7.480925E-04 
-7.187101E+00, 8.121157E-05 
5.397381E+00, 2.821763E-04 
-6.932395E+00, 8.367248E-05 
1.101661E+01, 5.544993E-06 
6.466326E+00, 1.380108E-04 
7.387248E+00, 5.896494E-05 
-3.178581E+00, 1.135656E-03 
-9.459646E+00, 1.853897E-05 
3.535930E+00, 8.420451E-04 
4.040264E+00, 8.628203E-04 
4.037718E-01, 1.182172E-03 
-1.171685E+01, 6.179900E-06 
-2.443132E+00, 8.544938E-04 
-4.178326E+00, 3.286843E-04 
-4.611392E+00, 3.458033E-04 
-1.407739E+00, 8.311395E-04 
-3.449529E+00, 7.273815E-04 
-6.204030E+00, 1.516317E-04 
-9.106226E+00, 1.390422E-05 
4.876922E+00, 3.688224E-04 
7.134517E+00, 6.459362E-05 
5.270565E+00, 3.015347E-04 
1.055892E+01, 6.407638E-06 
-1.213786E+00, 1.335473E-03 
-8.570371E+00, 2.736649E-05 
-1.159981E+01, 6.054306E-06 
6.769337E+00, 1.281426E-04 
-8.222498E+00, 3.696284E-05 
2.022681E+00, 9.752137E-04 
1.024108E+01, 7.341127E-06 
6.140046E+00, 1.699869E-04 
-6.493880E+00, 1.086532E-04 
-3.549642E+00, 6.800864E-04 
3.229123E+00, 8.362885E-04 
-2.567570E+00, 8.385598E-04 
3.512741E+00, 1.135219E-03 
9.936187E+00, 6.373608E-06 
1.934311E+00, 1.279431E-03 
5.971385E+00, 2.368618E-04 
4.841956E+00, 2.957976E-04 
-8.856210E+00, 3.011326E-05 
-9.971794E+00, 1.167532E-05 
4.935475E+00, 1.829812E-04 
-1.044918E+00, 1.449362E-03 
-1.964413E+00, 9.177368E-04 
-2.334564E+00, 8.595860E-04 
-1.508767E+00, 1.337541E-03 
6.450848E+00, 1.594002E-04 
4.697112E-01, 1.385809E-03 
3.297532E+00, 9.858589E-04 
9.204452E+00, 1.171580E-05 
-8.847127E+00, 3.470311E-05 
-4.277282E+00, 3.434424E-04 
-5.046469E+00, 3.404522E-04 
1.043733E+01, 7.291813E-06 
-4.081412E+00, 7.275150E-04 
-5.662804E-01, 1.227406E-03 
8.373318E+00, 2.508965E-05 
-7.968278E+00, 4.650290E-05 
1.030485E+01, 9.933229E-06 
-5.705022E+00, 3.326124E-04 
-1.183516E+01, 6.413859E-06 
-6.881289E-01, 1.662431E-03 
8.124464E+00, 3.355914E-05 
2.471462E-01, 9.478721E-04 
1.522300E+00, 8.512056E-04 
4.359275E+00, 4.012269E-04 
6.954577E+00, 7.696954E-05 
-9.022770E+00, 1.416646E-05 
-7.853398E+00, 5.820383E-05 
-7.577861E-01, 1.522069E-03 
-2.527402E+00, 6.451956E-04 
-1.667346E+00, 8.636076E-04 
-2.579975E+00, 8.022302E-04 
2.290872E+00, 1.260461E-03 
-8.241611E+00, 3.905554E-05 
2.213052E+00, 1.339582E-03 
-8.784955E+00, 3.291323E-05 
3.619437E+00, 7.730918E-04 
-3.854310E+00, 6.723209E-04 
-1.006350E+00, 9.177368E-04 
1.062286E+01, 5.600082E-06 
-3.931690E+00, 4.677139E-04 
-2.058372E+00, 1.230537E-03 
4.583344E+00, 4.962758E-04 
-9.340615E+00, 2.948551E-05 
1.048865E+00, 9.056469E-04 
-3.680279E+00, 7.113901E-04 
-2.248158E+00, 1.094448E-03 
4.230707E+00, 5.468319E-04 
6.277360E+00, 1.449944E-04 
-4.560050E+00, 3.481745E-04 
-2.740807E+00, 7.498501E-04 
6.338265E+00, 1.706779E-04 
8.604668E+00, 3.661735E-05 
-1.907822E+00, 9.448807E-04 
-4.764860E+00, 4.193985E-04 
9.054636E+00, 1.145663E-05 
5.143741E+00, 2.148147E-04 
2.464431E+00, 9.335914E-04 
-9.706813E+00, 1.220910E-05 
8.876709E+00, 1.687315E-05 
-5.056983E+00, 2.762305E-04 
1.136931E+00, 1.569329E-03 
-6.674697E+00, 8.297529E-05 
-7.331335E+00, 6.047256E-05 
2.592551E+00, 7.237274E-04 
9.691709E+00, 1.574894E-05 
-7.654479E+00, 6.340249E-05 
7.418650E-01, 1.659794E-03 
-7.375760E+00, 7.305098E-05 
-8.685101E+00, 3.081226E-05 
-3.688585E+00, 9.067527E-04 
2.395528E-01, 1.042476E-03 
2.398648E+00, 8.388993E-04 
8.869426E+00, 3.607184E-05 
3.450318E+00, 1.145953E-03 
-2.462792E+00, 9.007169E-04 
-7.684031E+00, 4.954214E-05 
-4.788391E-01, 1.071808E-03 
3.681637E-01, 1.354339E-03 
3.272376E+00, 1.076981E-03 
-7.577273E+00, 5.243249E-05 
-8.913553E+00, 3.717255E-05 
-1.775941E-01, 9.289426E-04 
4.684445E-01, 1.038436E-03 
9.800178E+00, 1.802051E-05 
1.317176E+00, 1.118136E-03 
-1.357710E+00, 1.422508E-03 
7.053430E+00, 9.830135E-05 
-7.233638E+00, 8.005015E-05 
1.555543E+00, 1.050807E-03 
7.304614E+00, 1.043274E-04 
5.468876E+00, 2.413289E-04 
3.630802E+00, 9.473661E-04 
8.937039E+00, 1.306016E-05 
1.011502E+01, 8.783975E-06 
9.031143E+00, 1.846284E-05 
-1.061064E+01, 9.541838E-06 
1.055459E+01, 5.237089E-06 
-5.109974E+00, 2.907281E-04 
-3.309208E+00, 8.871517E-04 
-2.034096E+00, 7.630863E-04 
-1.427876E+00, 9.841397E-04 
-1.282283E+00, 1.115319E-03 
-5.185068E+00, 4.150104E-04 
-5.313579E+00, 2.309630E-04 
1.992036E+00, 9.639683E-04 
7.356138E+00, 9.228507E-05 
9.015406E+00, 1.201841E-05 
7.308323E+00, 1.043274E-04 
9.960010E+00, 1.106555E-05 
2.043077E+00, 1.016564E-03 
5.559082E+00, 1.619501E-04 
-8.855729E+00, 2.797433E-05 
-7.596404E+00, 6.045989E-05 
-6.942668E+00, 6.331960E-05 
-8.011047E+00, 3.697635E-05 
-6.904716E+00, 9.770809E-05 
-9.605627E-01, 1.310779E-03 
6.313032E+00, 2.111792E-04 
-5.703197E+00, 2.227422E-04 
-8.985677E+00, 3.433363E-05 
-3.863541E+00, 5.423306E-04 
3.987739E-01, 1.277076E-03 
-3.439362E+00, 7.643953E-04 
3.919000E+00, 5.609274E-04 
-3.239903E+00, 1.113889E-03 
-7.263976E+00, 5.480975E-05 
-4.843339E-01, 1.267482E-03 
-1.157140E+01, 8.062365E-06 
6.991299E+00, 6.575878E-05 
1.102818E-01, 1.224342E-03 
-2.440783E+00, 8.885243E-04 
2.076931E+00, 9.635181E-04 
-6.055866E+00, 4.095576E-04 
-8.689810E+00, 4.650290E-05 
-3.850367E+00, 7.786767E-04 
6.383012E+00, 1.212943E-04 
-9.736429E+00, 1.521050E-05 
3.579297E+00, 9.631511E-04 
6.888850E+00, 6.073241E-05 
-1.001678E+01, 1.079144E-05 
-1.014292E+01, 6.506091E-06 
-6.512934E+00, 1.960016E-04 
6.972957E+00, 8.655073E-05 
-1.368105E+00, 7.845316E-04 
1.699193E+00, 8.931626E-04 
-8.512568E+00, 2.853454E-05 
-1.226188E+01, 7.594837E-06 
-4.930402E+00, 3.978982E-04 
7.668824E+00, 6.755109E-05 
4.615934E+00, 6.057883E-04 
-3.759096E+00, 9.521792E-04 
4.822049E-01, 1.057940E-03 
-2.073561E+00, 6.698248E-04 
5.856465E+00, 1.863937E-04 
2.728001E+00, 1.255387E-03 
9.731177E-01, 1.545008E-03 
3.517489E+00, 1.023769E-03 
-6.204148E+00, 1.245030E-04 
-3.557476E+00, 6.780826E-04 
4.183295E+00, 3.637129E-04 
-2.893090E+00, 9.920516E-04 
-2.000386E+00, 1.072163E-03 
-1.259430E+00, 1.016707E-03 
4.102372E+00, 4.829788E-04 
-6.465265E+00, 1.350018E-04 
9.401701E+00, 1.037966E-05 
8.832544E+00, 1.431588E-05 
6.062082E-01, 1.716418E-03 
3.735154E+00, 9.969299E-04 
-4.074388E-01, 1.341280E-03 
-6.844783E+00, 1.038346E-04 
-3.696247E+00, 6.025406E-04 
6.840412E+00, 1.312978E-04 
2.405571E+00, 7.009401E-04 
-2.667007E+00, 1.256898E-03 
-7.089048E+00, 5.409617E-05 
3.928496E+00, 5.980359E-04 
-1.079970E+01, 8.961713E-06 
-8.681695E+00, 4.428391E-05 
-5.010464E-02, 9.623377E-04 
4.044202E+00, 8.528581E-04 
7.102504E+00, 6.610438E-05 
4.817099E+00, 2.199776E-04 
-9.078939E+00, 1.756702E-05 
8.710003E+00, 1.567382E-05 
2.128470E+00, 9.953578E-04 
4.961759E+00, 4.871791E-04 
6.767126E+00, 8.270865E-05 
8.162463E+00, 4.230364E-05 
8.397452E-01, 1.631643E-03 
-1.446940E+00, 7.766628E-04 
8.594318E+00, 2.316577E-05 
-2.758433E+00, 1.200235E-03 
-1.146249E+00, 1.167966E-03 
-7.571665E+00, 6.438040E-05 
-2.559079E+00, 1.199310E-03 
3.351379E-01, 9.366571E-04 
1.085188E+00, 1.094971E-03 
8.838226E-02, 1.125630E-03 
-2.948969E+00, 8.406427E-04 
5.543361E-01, 9.887862E-04 
-6.711835E+00, 8.200930E-05 
1.315865E+00, 1.146731E-03 
-3.428516E+00, 6.920046E-04 
-2.515819E+00, 7.667739E-04 
5.456228E+00, 1.933527E-04 
-7.160771E+00, 1.161350E-04 
-9.308279E+00, 1.737722E-05 
-7.317177E+00, 5.025507E-05 
1.907531E+00, 8.540939E-04 
-3.808348E+00, 3.094195E-04 
-7.789481E+00, 6.292407E-05 
3.794016E+00, 9.455719E-04 
-7.754464E+00, 8.332210E-05 
-7.700525E+00, 7.939313E-05 
1.873815E+00, 9.684615E-04 
-1.073004E+01, 6.339014E-06 
7.071090E+00, 1.225575E-04 
-5.114764E-01, 1.227863E-03 
-2.433357E+00, 8.178579E-04 
-1.988563E+00, 1.374094E-03 
1.906241E+00, 8.681232E-04 
-1.024784E+01, 8.239197E-06 
5.964982E+00, 1.414878E-04 
8.229808E+00, 7.777202E-05 
-5.441137E+00, 2.683754E-04 
-4.826812E+00, 3.128799E-04 
-4.056570E+00, 3.233609E-04 
9.066360E+00, 1.614810E-05 
1.097726E+01, 6.407638E-06 
1.122217E+01, 7.198198E-06 
8.858811E+00, 1.283592E-05 
-9.316347E+00, 1.304042E-05 
-4.499704E+00, 3.086784E-04 
-2.174399E+00, 8.661418E-04 
-8.769278E+00, 2.668948E-05 
-3.507724E+00, 8.255513E-04 
1.001101E+01, 1.627855E-05 
-2.425057E+00, 9.052853E-04 
4.474135E+00, 5.199668E-04 
-2.195559E+00, 7.693090E-04 
-8.712800E+00, 1.868945E-05 
1.113220E+01, 6.706351E-06 
3.155719E+00, 8.326270E-04 
-7.870591E+00, 5.279721E-05 
1.939316E+00, 1.558497E-03 
-7.437737E-01, 1.076414E-03 
2.355029E+00, 9.583167E-04 
9.535932E+00, 8.328256E-06 
2.610198E+00, 7.517657E-04 
6.877242E+00, 5.429677E-05 
-8.367844E+00, 2.476710E-05 
-5.719672E+00, 1.646192E-04 
4.254258E+00, 3.509790E-04 
-9.375423E+00, 1.157853E-05 
7.535026E+00, 5.801232E-05 
-6.489843E+00, 1.553126E-04 
-8.311098E+00, 5.057654E-05 
9.958539E+00, 7.305771E-06 
-1.108828E+01, 1.007800E-05 
1.049242E+00, 1.142908E-03 
-1.000966E+01, 1.001190E-05 
-3.414952E+00, 8.773860E-04 
-2.943723E+00, 7.083734E-04 
3.875589E+00, 8.168045E-04 
-6.355712E+00, 1.044795E-04 
-7.933823E+00, 6.955829E-05 
9.626649E+00, 1.641341E-05 
7.345132E+00, 7.882026E-05 
-5.161613E+00, 2.510043E-04 
8.730239E+00, 2.297483E-05 
4.598163E+00, 4.614040E-04 
-9.153361E+00, 1.506645E-05 
6.475018E+00, 1.456379E-04 
7.321598E-03, 1.962984E-03 
3.685370E+00, 1.057528E-03 
3.500128E+00, 7.553549E-04 
7.129144E+00, 9.435870E-05 
9.000385E+00, 1.069050E-05 
-5.789540E+00, 2.863779E-04 
-6.078084E+00, 3.121371E-04 
6.205203E+00, 2.904978E-04 
2.621101E+00, 8.703043E-04 
-5.150407E+00, 2.987453E-04 
2.878529E-01, 9.232457E-04 
-2.879935E+00, 8.230555E-04 
3.395970E+00, 8.679405E-04 
-2.424846E+00, 6.487766E-04 
2.241127E+00, 1.066153E-03 
-1.319397E+00, 1.401079E-03 
-5.405823E+00, 3.093408E-04 
-1.057880E+01, 7.063111E-06 
-7.919871E-01, 8.637142E-04 
7.824944E+00, 7.059709E-05 
2.609792E+00, 7.844037E-04 
4.842679E+00, 6.329912E-04 
-7.696862E+00, 7.708571E-05 
5.931677E+00, 1.387306E-04 
-6.226310E+00, 6.609222E-05 
-1.557588E+00, 1.125395E-03 
9.685230E+00, 1.148107E-05 
4.289302E+00, 4.688496E-04 
9.360017E+00, 2.429637E-05 
6.203305E+00, 1.026697E-04 
-3.101888E-01, 9.569810E-04 
7.072430E+00, 8.485088E-05 
6.931978E+00, 1.464654E-04 
-8.613060E+00, 2.484093E-05 
-2.104279E+00, 7.812944E-04 
-9.105764E+00, 2.584795E-05 
-3.716341E+00, 8.308223E-04 
9.400213E+00, 1.281528E-05 
-5.519537E+00, 3.817616E-04 
6.131709E+00, 1.198790E-04 
-4.023588E+00, 4.203744E-04 
8.405091E+00, 4.552251E-05 
9.083981E+00, 8.321501E-06 
7.040523E-01, 1.270083E-03 
-1.132432E+01, 6.688414E-06 
-4.992015E-01, 1.201771E-03 
2.121889E+00, 8.318368E-04 
-7.298042E+00, 6.604503E-05 
-5.541567E+00, 3.530931E-04 
5.690683E+00, 2.909111E-04 
2.470085E+00, 6.935791E-04 
-5.226924E+00, 2.362299E-04 
-3.600317E+00, 1.164459E-03 
-4.241425E+00, 3.607134E-04 
2.491707E+00, 1.015217E-03 
7.758264E+00, 4.810380E-05 
-2.859019E-01, 1.254320E-03 
-1.060678E+01, 5.997420E-06 
-4.890843E+00, 2.357998E-04 
7.503270E+00, 5.433329E-05 
4.361188E-01, 1.292688E-03 
-3.970122E+00, 5.110212E-04 
2.908604E+00, 8.528789E-04 
-9.149575E+00, 9.767992E-06 
1.203409E+01, 6.547737E-06 
2.355835E+00, 8.726092E-04 
-7.486565E+00, 6.221223E-05 
-7.263848E+00, 5.867033E-05 
2.284661E-01, 1.201882E-03 
7.607376E+00, 9.235909E-05 
1.006920E+01, 7.157941E-06 
9.996694E-01, 1.182172E-03 
3.452797E+00, 8.261597E-04 
8.264005E+00, 3.174233E-05 
6.097483E+00, 1.586694E-04 
4.945162E+00, 1.683108E-04 
9.448963E+00, 1.037966E-05 
2.887792E+00, 1.116560E-03 
6.016249E+00, 9.162458E-05 
4.480804E+00, 4.219187E-04 
6.359216E+00, 1.634674E-04 
-1.294665E+01, 8.981151E-06 
1.027524E+01, 9.590986E-06 
-2.356182E+00, 7.405464E-04 
9.058364E-01, 1.509849E-03 
4.500295E+00, 5.209432E-04 
1.025491E+00, 9.056469E-04 
5.740550E+00, 1.683108E-04 
-6.904350E+00, 5.256428E-05 
5.621606E+00, 2.823947E-04 
-7.604862E+00, 5.025507E-05 
5.450770E+00, 2.254298E-04 
-7.182807E+00, 4.399088E-05 
2.042968E+00, 9.711634E-04 
4.641695E-01, 1.070465E-03 
1.186501E+01, 7.343169E-06 
-8.521117E+00, 4.060578E-05 
-7.501494E+00, 5.837909E-05 
4.316106E+00, 4.427923E-04 
-5.386250E+00, 4.173835E-04 
-8.974774E+00, 2.521369E-05 
-4.789969E+00, 4.405434E-04 
5.377583E+00, 1.754998E-04 
-2.258311E+00, 1.200032E-03 
5.098465E+00, 4.841561E-04 
5.350419E+00, 2.576018E-04 
-8.982793E+00, 1.058251E-05 
-3.444134E+00, 7.242816E-04 
-9.665053E+00, 1.398661E-05 
-3.187562E+00, 8.461560E-04 
-1.075924E+00, 1.284505E-03 
-1.573985E+00, 9.155145E-04 
4.260280E+00, 4.427923E-04 
-6.350849E+00, 1.334932E-04 
7.796932E+00, 6.558808E-05 
-2.028182E+00, 7.261276E-04 
6.009911E+00, 1.122714E-04 
-6.565231E+00, 1.273290E-04 
6.879880E+00, 1.254995E-04 
-6.520824E-01, 1.164363E-03 
-2.130577E+00, 1.272741E-03 
1.748239E+00, 9.070057E-04 
-3.167850E+00, 8.954854E-04 
1.518173E+00, 1.468595E-03 
1.074343E+01, 9.146628E-06 
-1.750443E-01, 1.213330E-03 
8.036885E+00, 2.810328E-05 
-7.414074E+00, 8.178380E-05 
4.648210E+00, 5.019059E-04 
7.249374E+00, 8.729641E-05 
-4.513530E+00, 2.943365E-04 
-3.940966E+00, 4.127361E-04 
3.880662E+00, 8.429685E-04 
-4.154950E+00, 8.092269E-04 
-8.017039E+00, 6.900613E-05 
1.279623E+00, 1.379538E-03 
-2.516316E+00, 6.803387E-04 
4.688824E+00, 5.514920E-04 
3.491145E+00, 6.692054E-04 
-1.857131E+00, 7.690654E-04 
8.939975E+00, 1.406851E-05 
-1.059121E+00, 1.106327E-03 
-3.427758E+00, 7.201934E-04 
1.536981E+00, 1.206686E-03 
-4.039235E+00, 7.583143E-04 
-1.039709E+01, 8.214748E-06 
9.246305E+00, 1.194561E-05 
-9.427043E+00, 1.034221E-05 
5.384261E+00, 2.912758E-04 
2.778992E+00, 9.612234E-04 
-4.339117E+00, 3.677582E-04 
-9.982497E+00, 1.005853E-05 
5.320314E+00, 2.278083E-04 
3.727134E+00, 7.945144E-04 
1.247483E+00, 1.292333E-03 
-4.234163E+00, 2.948595E-04 
8.532560E+00, 2.360321E-05 
-9.429661E+00, 1.699448E-05 
8.644364E+00, 2.999661E-05 
-9.325900E+00, 2.948850E-05 
1.072886E+01, 8.016151E-06 
5.997246E+00, 1.691494E-04 
7.337132E+00, 7.388972E-05 
-1.638303E+00, 1.378919E-03 
6.808706E+00, 1.130375E-04 
-9.890758E+00, 1.316434E-05 
-4.497606E+00, 4.726559E-04 
9.225003E+00, 1.889990E-05 
1.629014E+00, 8.999302E-04 
-1.889857E+00, 8.561139E-04 
6.730136E+00, 1.422055E-04 
-5.390994E+00, 2.942054E-04 
-9.139655E+00, 2.746146E-05 
-5.657646E+00, 2.462851E-04 
-2.476267E-01, 1.183185E-03 
1.097643E+00, 1.272831E-03 
7.934946E+00, 3.386403E-05 
5.045276E+00, 3.081848E-04 
3.344415E+00, 9.173125E-04 
-9.424894E+00, 2.263555E-05 
6.494644E+00, 1.424126E-04 
5.182591E+00, 2.573092E-04 
6.551005E+00, 9.435870E-05 
-1.111651E+01, 8.806227E-06 
4.327575E+00, 4.077663E-04 
-3.418188E+00, 9.627650E-04 
-3.438643E+00, 6.417090E-04 
8.682370E-01, 1.105866E-03 
-1.945060E+00, 1.146731E-03 
2.307639E+00, 9.573518E-04 
4.424305E+00, 4.803385E-04 
2.770981E-01, 1.096290E-03 
5.348389E+00, 2.810676E-04 
-1.216081E+01, 6.221030E-06 
4.801734E+00, 4.796615E-04 
1.138121E+00, 1.069862E-03 
-6.258174E+00, 1.482833E-04 
-9.776014E-01, 1.188140E-03 
-7.030582E+00, 7.390717E-05 
5.474717E+00, 1.978957E-04 
5.105513E+00, 1.719775E-04 
3.031595E+00, 1.016907E-03 
3.671544E+00, 9.649741E-04 
-4.583189E+00, 3.634335E-04 
1.738930E+00, 1.065455E-03 
-6.592423E+00, 1.018596E-04 
6.508982E+00, 1.088037E-04 
-9.953807E+00, 1.755692E-05 
-6.089988E+00, 2.507936E-04 
-9.026787E+00, 1.675283E-05 
1.091734E+01, 5.790017E-06 
4.572742E+00, 4.061104E-04 
5.330375E+00, 2.148147E-04 
-5.281785E+00, 2.333096E-04 
7.581772E+00, 6.214016E-05 
2.924771E+00, 8.289016E-04 
2.874201E+00, 1.029306E-03 
8.340444E+00, 3.477796E-05 
7.713561E+00, 5.769005E-05 
3.172526E+00, 6.180876E-04 
-4.168853E+00, 4.239705E-04 
-8.759909E+00, 4.796952E-05 
-7.114808E+00, 4.912215E-05 
1.002024E+01, 8.016151E-06 
3.181082E+00, 1.029375E-03 
-2.825755E+00, 1.048217E-03 
7.676476E+00, 3.911167E-05 
-4.315232E+00, 4.941909E-04 
-8.013473E+00, 6.130086E-05 
-7.816129E+00, 5.577795E-05 
9.774584E+00, 1.179781E-05 
6.253455E+00, 1.108828E-04 
1.121216E+01, 6.407638E-06 
4.201751E+00, 6.794952E-04 
3.191050E+00, 8.434530E-04 
8.159854E+00, 3.318884E-05 
-1.267551E+01, 5.997420E-06 
1.052755E+01, 9.387526E-06 
1.351198E+00, 1.152583E-03 
1.008008E+00, 1.279314E-03 
5.153044E+00, 2.392515E-04 
6.298644E+00, 1.063575E-04 
5.992942E+00, 1.093231E-04 
-7.876073E+00, 7.669147E-05 
-6.996399E+00, 9.290839E-05 
5.917617E+00, 1.123070E-04 
9.012071E+00, 1.829878E-05 
-1.977508E+00, 8.822119E-04 
5.020537E-01, 1.559951E-03 
4.766187E+00, 4.118969E-04 
-6.978483E+00, 8.005015E-05 
1.122730E+01, 7.904064E-06 
5.895642E+00, 1.358843E-04 
8.018240E+00, 3.270538E-05 
8.544183E+00, 3.512557E-05 
5.220292E+00, 2.756897E-04 
6.739561E+00, 8.944516E-05 
1.330376E+00, 1.424497E-03 
-7.895004E+00, 4.256662E-05 
7.853985E+00, 6.677150E-05 
2.297756E+00, 8.170654E-04 
9.014565E+00, 1.738898E-05 
3.891703E+00, 1.150961E-03 
-5.958657E+00, 3.086784E-04 
-2.606090E+00, 8.357939E-04 
-3.485004E+00, 6.474904E-04 
-7.964106E+00, 7.940632E-05 
-6.743690E+00, 1.355892E-04 
1.034643E+01, 9.890582E-06 
-9.505500E+00, 4.403228E-05 
-8.115810E+00, 3.032521E-05 
-2.450101E+00, 8.032670E-04 
-8.670383E+00, 3.239332E-05 
6.617941E+00, 1.438809E-04 
-1.516650E-01, 1.178556E-03 
8.134542E+00, 3.026514E-05 
9.378734E+00, 1.788180E-05 
5.779204E+00, 2.042165E-04 
-8.751105E+00, 1.959891E-05 
-7.879823E+00, 2.746146E-05 
7.512251E+00, 1.042772E-04 
-1.055270E+01, 7.386922E-06 
4.706600E+00, 3.479604E-04 
2.839196E-01, 1.001974E-03 
-4.493938E+00, 4.457758E-04 
-1.012328E+01, 1.159412E-05 
-1.228050E+01, 6.719291E-06 
2.211843E+00, 7.800958E-04 
-6.447134E+00, 8.477081E-05 
-9.124269E-01, 1.384841E-03 
1.108095E+01, 5.225744E-06 
5.773637E+00, 1.619501E-04 
7.340219E+00, 7.003101E-05 
6.844525E+00, 1.164369E-04 
-4.772445E+00, 4.881900E-04 
-5.898351E+00, 2.095784E-04 
1.187627E+01, 8.089593E-06 
-3.439003E+00, 7.306082E-04 
2.881298E+00, 8.972140E-04 
-2.997461E+00, 7.287876E-04 
-9.461760E+00, 1.151957E-05 
-3.890988E+00, 5.899518E-04 
-4.372576E+00, 5.296452E-04 
-8.883122E+00, 1.474979E-05 
6.057997E+00, 9.078385E-05 
-8.292801E+00, 4.627117E-05 
9.625756E+00, 1.153582E-05 
-4.795260E-01, 1.658317E-03 
5.606241E+00, 2.359878E-04 
3.355779E+00, 1.304312E-03 
-1.064723E+01, 7.547056E-06 
4.458361E+00, 6.448760E-04 
3.812939E+00, 8.710600E-04 
-9.320368E+00, 1.632074E-05 
6.790552E+00, 9.078385E-05 
8.856639E+00, 1.719436E-05 
7.567436E+00, 9.304331E-05 
5.948521E+00, 2.413540E-04 
-5.140004E+00, 4.056121E-04 
9.092027E+00, 1.444730E-05 
2.017523E+00, 1.024717E-03 
-3.113514E+00, 1.088406E-03 
-4.365520E+00, 4.266842E-04 
-9.746377E+00, 1.450546E-05 
-7.199446E+00, 5.397132E-05 
4.010534E-01, 1.272885E-03 
1.090356E+00, 8.136387E-04 
-1.111967E+00, 1.175824E-03 
3.158371E-01, 1.145301E-03 
-5.317224E+00, 2.485874E-04 
4.308387E+00, 1.087592E-03 
-1.827778E+00, 8.311395E-04 
-2.844118E+00, 9.892646E-04 
9.545760E+00, 1.109416E-05 
5.665968E+00, 2.823947E-04 
-6.844540E+00, 1.589920E-04 
-8.886559E+00, 1.602411E-05 
-1.689888E+00, 9.778361E-04 
9.658041E+00, 1.154710E-05 
-4.400424E+00, 5.219822E-04 
5.838119E+00, 1.944120E-04 
7.644473E+00, 6.989303E-05 
-9.068190E+00, 1.358696E-05 
3.579075E+00, 1.017943E-03 
9.328583E+00, 1.738898E-05 
-3.703012E+00, 7.988198E-04 
-7.747964E+00, 7.308974E-05 
-1.614372E+00, 7.454469E-04 
3.395076E-01, 1.178490E-03 
9.811688E+00, 6.672621E-06 
4.614589E+00, 4.265757E-04 
1.068759E+01, 5.841352E-06 
9.829711E+00, 1.037966E-05 
2.849256E+00, 9.125257E-04 
-4.928610E-02, 1.240362E-03 
3.759667E+00, 9.653973E-04 
3.338706E-02, 1.080349E-03 
-7.908078E+00, 5.915489E-05 
-4.911775E+00, 2.402984E-04 
3.697470E+00, 9.436264E-04 
6.389119E+00, 1.323995E-04 
-9.908908E+00, 8.899643E-06 
-2.680116E+00, 8.105610E-04 
4.418060E+00, 5.884099E-04 
1.081040E+01, 5.330829E-06 
-7.717377E+00, 6.771454E-05 
1.009388E+01, 6.407638E-06 
-1.023211E+01, 1.723686E-05 
8.849259E+00, 1.829878E-05 
1.971018E+00, 7.704888E-04 
-1.022815E+01, 1.129659E-05 
6.454204E+00, 1.216199E-04 
1.040872E+01, 1.110726E-05 
2.076764E+00, 1.066686E-03 
5.159056E-01, 1.100473E-03 
-1.034150E+01, 7.022272E-06 
-9.306857E+00, 1.167532E-05 
-3.029015E+00, 7.801077E-04 
-1.930828E-01, 1.319389E-03 
2.931396E+00, 6.935791E-04 
-4.732303E+00, 3.128799E-04 
-8.390958E+00, 2.822074E-05 
-3.461507E+00, 6.143706E-04 
8.271016E+00, 3.611189E-05 
1.041979E+01, 6.852309E-06 
1.464207E+00, 9.627475E-04 
-2.597478E+00, 8.120209E-04 
-6.087251E+00, 1.310174E-04 
-8.984216E+00, 3.335066E-05 
-1.024684E+01, 8.684437E-06 
-4.416628E-01, 9.535867E-04 
2.946395E+00, 1.015319E-03 
8.799236E+00, 1.841587E-05 
-5.771240E+00, 3.487184E-04 
2.648154E+00, 1.124901E-03 
9.673194E+00, 1.484605E-05 
3.822385E-01, 1.143118E-03 
-5.795791E+00, 3.719266E-04 
7.856456E+00, 7.131654E-05 
3.461549E+00, 9.359371E-04 
-1.098497E+01, 6.274999E-06 
8.739007E+00, 2.692667E-05 
-2.178162E-01, 1.790979E-03 
-4.681681E+00, 3.286843E-04 
9.111677E+00, 1.567382E-05 
5.615263E+00, 1.790605E-04 
9.990635E+00, 1.925711E-05 
-9.107187E+00, 1.034979E-05 
1.067784E+01, 7.682103E-06 
-9.437527E+00, 1.758178E-05 
3.569751E-02, 1.286553E-03 
8.468227E+00, 4.039849E-05 
-4.159938E-02, 1.373804E-03 
-2.566419E+00, 6.989450E-04 
5.817104E+00, 1.241715E-04 
-1.215794E+00, 1.351959E-03 
-8.326716E+00, 4.408353E-05 
-1.453366E+00, 8.858937E-04 
-3.079722E+00, 7.370485E-04 
2.792986E+00, 1.516740E-03 
9.643798E+00, 1.028901E-05 
6.161128E+00, 1.019174E-04 
5.036734E+00, 2.443057E-04 
-2.996081E+00, 8.809916E-04 
-5.996060E+00, 2.333096E-04 
1.078076E+01, 9.151326E-06 
-1.014873E+01, 6.093258E-06 
-5.086303E-01, 1.137137E-03 
7.514201E+00, 1.068575E-04 
-8.461082E-01, 1.205443E-03 
-9.730437E+00, 1.416646E-05 
9.388459E+00, 1.208500E-05 
4.987947E+00, 3.247098E-04 
6.505546E+00, 1.662856E-04 
1.189666E+00, 1.194797E-03 
-2.841441E+00, 8.312689E-04 
-6.392214E+00, 1.230644E-04 
-5.467119E+00, 2.209442E-04 
8.730337E+00, 2.715200E-05 
1.074912E+00, 1.447771E-03 
-3.604716E-01, 9.826774E-04 
-6.122917E+00, 7.066495E-05 
8.493291E+00, 2.770179E-05 
-1.119246E+01, 6.765852E-06 
-6.880208E+00, 1.071874E-04 
-7.316401E+00, 6.265578E-05 
8.183691E+00, 4.166353E-05 
-5.401859E-01, 1.127419E-03 
-2.176226E+00, 9.545122E-04 
-3.393767E+00, 1.057533E-03 
8.407722E+00, 2.508965E-05 
-5.738598E+00, 2.223465E-04 
-2.389866E+00, 7.920585E-04 
7.832650E+00, 7.737867E-05 
-1.524528E+00, 7.265885E-04 
5.316513E+00, 2.391710E-04 
8.490032E+00, 3.659756E-05 
6.317724E+00, 1.956204E-04 
7.688061E+00, 9.916961E-05 
9.724650E+00, 1.322592E-05 
8.651410E+00, 2.441855E-05 
-4.102249E+00, 4.233941E-04 
5.798237E+00, 2.949851E-04 
-5.898445E+00, 4.185727E-04 
4.328348E-01, 8.919412E-04 
2.236461E+00, 7.408155E-04 
-4.161386E+00, 4.622557E-04 
5.138626E+00, 2.375144E-04 
1.193397E+01, 6.221002E-06 
3.042123E+00, 8.392727E-04 
-6.600520E+00, 7.493426E-05 
9.294570E+00, 1.151821E-05 
3.233524E-01, 1.663432E-03 
-7.182535E+00, 8.083636E-05 
-7.148035E+00, 1.009405E-04 
7.165227E+00, 6.282176E-05 
-1.593408E+00, 1.162703E-03 
3.212439E+00, 8.087109E-04 
-3.000047E+00, 7.803321E-04 
-5.070190E+00, 3.494983E-04 
-1.519180E+00, 1.000816E-03 
6.867468E-01, 1.729239E-03 
-9.094273E+00, 2.133579E-05 
8.099836E+00, 3.270538E-05 
-4.146701E+00, 3.079965E-04 
4.216526E+00, 5.078899E-04 
4.672937E+00, 3.007322E-04 
8.532776E+00, 2.870307E-05 
-2.598003E+00, 8.508321E-04 
-5.378373E+00, 3.982878E-04 
-7.182076E+00, 7.406838E-05 
9.654128E-01, 1.285228E-03 
-5.860256E+00, 3.758199E-04 
-1.018210E+01, 9.624919E-06 
5.026603E-01, 9.289426E-04 
-4.861644E+00, 2.863748E-04 
-1.904556E+00, 1.031908E-03 
-6.540672E+00, 1.216762E-04 
-7.665204E-01, 1.164315E-03 
-5.018465E+00, 3.093408E-04 
8.939358E+00, 1.406851E-05 
6.312818E+00, 1.146608E-04 
-1.148766E+01, 7.442351E-06 
6.700034E+00, 1.160246E-04 
8.189639E+00, 2.821886E-05 
-6.016743E+00, 2.386289E-04 
-2.204991E+00, 1.040705E-03 
8.501293E+00, 3.739528E-05 
-9.557371E+00, 2.116232E-05 
9.373985E+00, 1.037966E-05 
6.995543E+00, 1.214970E-04 
-5.726365E+00, 2.499600E-04 
-8.997403E+00, 3.137683E-05 
-7.105090E+00, 6.633409E-05 
6.946668E+00, 1.174565E-04 
7.460755E-01, 1.263689E-03 
2.698433E+00, 1.025373E-03 
4.542888E+00, 3.372872E-04 
-2.634677E+00, 6.803387E-04 
1.300343E+00, 1.018781E-03 
-1.032443E+01, 6.413859E-06 
6.799879E+00, 1.207272E-04 
5.256544E+00, 4.975912E-04 
-7.619125E+00, 5.434785E-05 
-7.130001E-01, 1.178900E-03 
-4.619451E+00, 4.032897E-04 
-5.360786E+00, 3.479414E-04 
2.113673E-01, 1.190319E-03 
-9.522389E-02, 1.319371E-03 
-1.148853E+01, 6.221030E-06 
-2.357416E-01, 9.366571E-04 
1.079422E+01, 6.655850E-06 
2.328955E+00, 8.914832E-04 
1.996034E+00, 8.420451E-04 
7.876301E+00, 3.021182E-05 
1.058497E+01, 6.205770E-06 
-9.579506E+00, 1.167532E-05 
-8.673770E+00, 4.558577E-05 
-9.148019E+00, 2.660035E-05 
9.299477E+00, 1.283592E-05 
5.283415E-01, 1.442027E-03 
5.674530E+00, 2.445010E-04 
3.771181E+00, 7.992115E-04 
-3.229250E+00, 8.126309E-04 
4.907723E+00, 7.112732E-04 
3.196654E+00, 7.857894E-04 
-1.312321E+01, 6.678286E-06 
-1.505594E+00, 1.424685E-03 
-1.563427E+00, 8.823312E-04 
3.373438E+00, 7.246652E-04 
-8.381158E-01, 1.125630E-03 
3.564299E+00, 6.818179E-04 
-4.590668E+00, 4.854586E-04 
-1.101845E+00, 1.253410E-03 
-8.730979E+00, 1.584055E-05 
-4.389914E+00, 3.634335E-04 
-5.527867E+00, 3.973469E-04 
-3.734056E+00, 9.369587E-04 
-2.342834E+00, 9.843402E-04 
-6.939473E+00, 6.750091E-05 
-8.896283E+00, 3.065080E-05 
-4.520987E+00, 4.496384E-04 
7.371851E+00, 7.885080E-05 
-9.108477E+00, 2.635928E-05 
-3.121236E-01, 1.630202E-03 
9.087302E+00, 3.530157E-05 
1.664953E+00, 1.154853E-03 
8.448028E+00, 2.654408E-05 
-8.330259E+00, 5.747871E-05 
-5.367039E+00, 2.844852E-04 
-4.783226E+00, 3.828408E-04 
-5.447033E-01, 1.063455E-03 
-5.230719E+00, 2.620892E-04 
1.049956E+01, 5.170742E-06 
1.050085E+01, 9.658735E-06 
-3.169846E-01, 1.383098E-03 
-5.909316E+00, 2.054774E-04 
1.738242E+00, 1.452462E-03 
-6.995659E+00, 1.061253E-04 
-6.720772E+00, 6.269724E-05 
8.037204E+00, 2.887133E-05 
-2.102306E-02, 1.530810E-03 
1.046409E+01, 9.151326E-06 
-5.134283E+00, 2.309630E-04 
4.851671E+00, 4.533998E-04 
-1.022339E+01, 1.261046E-05 
1.217305E+00, 1.233168E-03 
-4.360644E+00, 3.238586E-04 
2.686063E+00, 8.818020E-04 
-5.752648E+00, 3.926576E-04 
1.206255E+01, 6.175007E-06 
-5.180701E+00, 2.278659E-04 
-3.604956E+00, 4.203744E-04 
1.019351E+01, 7.640580E-06 
9.058494E-01, 1.509849E-03 
4.346220E+00, 5.327743E-04 
7.773715E+00, 5.557324E-05 
5.501197E+00, 2.499974E-04 
3.643848E+00, 6.195895E-04 
3.745225E+00, 7.386138E-04 
-4.348029E+00, 3.162088E-04 
8.203553E+00, 3.599084E-05 
6.802345E+00, 1.492378E-04 
-1.191836E+00, 1.248381E-03 
-1.161978E+00, 9.590642E-04 
2.018920E+00, 7.989740E-04 
-2.805273E+00, 7.804051E-04 
-2.628191E+00, 7.466133E-04 
2.604732E+00, 8.016151E-04 
-4.320247E+00, 3.573468E-04 
3.826159E+00, 6.926271E-04 
7.140473E+00, 8.828875E-05 
5.716617E+00, 2.598790E-04 
4.779588E+00, 6.613069E-04 
-3.731157E-01, 1.378863E-03 
1.218034E+00, 1.106526E-03 
7.909184E+00, 5.868664E-05 
-5.857800E+00, 3.720324E-04 
-7.703833E+00, 5.915489E-05 
8.603823E+00, 2.697208E-05 
9.718852E-01, 8.173953E-04 
7.038064E+00, 6.266329E-05 
5.437068E+00, 1.903219E-04 
7.803836E-01, 1.057940E-03 
9.138320E+00, 2.428841E-05 
-1.224128E-01, 1.560137E-03 
-1.890406E+00, 1.284016E-03 
5.137653E-01, 1.493162E-03 
2.805871E+00, 8.890848E-04 
-2.669344E+00, 7.516398E-04 
-2.485063E+00, 1.007651E-03 
-2.914790E+00, 7.056233E-04 
4.802713E-01, 1.216039E-03 
8.373906E+00, 3.776190E-05 
-9.527263E+00, 1.410401E-05 
8.050669E+00, 2.686908E-05 
6.724936E+00, 1.293477E-04 
-9.446442E+00, 1.430685E-05 
7.469637E+00, 7.245468E-05 
-1.183967E+01, 7.022272E-06 
1.046679E+00, 8.093406E-04 
-9.014921E+00, 2.900621E-05 
-1.969089E+00, 1.191079E-03 
-8.453556E+00, 2.966524E-05 
-5.922675E+00, 3.560814E-04 
5.013990E-01, 9.887862E-04 
-6.466081E-01, 1.359176E-03 
-1.088389E+01, 8.382542E-06 
2.315390E+00, 6.780334E-04 
-3.499331E+00, 1.056810E-03 
-1.037094E+01, 6.136579E-06 
5.003779E-02, 1.235124E-03 
4.582508E+00, 3.769019E-04 
1.037121E+01, 9.691336E-06 
-6.189049E+00, 1.960016E-04 
1.057541E+01, 9.154390E-06 
-5.340205E+00, 2.942054E-04 
-2.196666E+00, 6.633035E-04 
-1.144982E+00, 9.246418E-04 
5.262688E-01, 1.444497E-03 
8.637777E+00, 2.385888E-05 
-1.888405E+00, 1.334980E-03 
8.840943E+00, 3.174233E-05 
-8.631371E-01, 1.713128E-03 
4.340055E+00, 4.556165E-04 
-1.995737E+00, 1.406954E-03 
5.473665E+00, 2.358831E-04 
-4.683678E+00, 4.363761E-04 
-4.081287E+00, 4.233941E-04 
9.434310E+00, 1.153582E-05 
5.777746E-01, 1.545647E-03 
2.599790E+00, 9.618269E-04 
-3.323734E-01, 1.366639E-03 
-3.068963E+00, 6.186057E-04 
-1.006755E+01, 7.386922E-06 
-3.588398E+00, 7.776778E-04 
-6.813713E+00, 2.000044E-04 
-8.068503E+00, 2.853454E-05 
-1.519731E+00, 7.454469E-04 
4.689004E+00, 4.274886E-04 
-7.066218E+00, 1.381534E-04 
-1.129834E+01, 6.998236E-06 
8.186380E+00, 3.911167E-05 
-9.311649E+00, 1.837007E-05 
-3.287893E+00, 7.617259E-04 
-9.717164E+00, 1.167532E-05 
-7.176072E+00, 5.003189E-05 
4.957993E+00, 3.695089E-04 
3.765956E+00, 6.187173E-04 
1.074700E+01, 6.368843E-06 
4.669011E+00, 4.211313E-04 
-4.029277E+00, 3.163431E-04 
-4.538241E+00, 2.949759E-04 
3.495149E+00, 9.534145E-04 
-3.258725E+00, 6.186057E-04 
8.484890E+00, 3.606908E-05 
-2.020225E+00, 1.095117E-03 
-9.011843E-01, 1.546467E-03 
9.756416E+00, 1.788180E-05 
-1.516176E+00, 9.619652E-04 
-1.164423E+00, 8.825783E-04 
-3.712381E+00, 7.287876E-04 
6.233540E+00, 8.460559E-05 
5.841404E+00, 1.719775E-04 
2.115019E+00, 1.054289E-03 
-7.469744E+00, 5.801242E-05 
6.098791E+00, 1.093231E-04 
-3.313593E+00, 6.192344E-04 
-2.476999E-01, 1.089575E-03 
-1.673855E+00, 1.086018E-03 
-8.421223E+00, 3.494966E-05 
-1.782502E+00, 8.775120E-04 
-5.317989E+00, 2.949759E-04 
-7.365172E+00, 4.662101E-05 
8.440035E+00, 3.060447E-05 
-3.744819E+00, 9.092903E-04 
-9.355625E+00, 1.564587E-05 
-6.339626E+00, 1.552604E-04 
2.557307E+00, 1.087927E-03 
8.336782E+00, 3.256150E-05 
-3.089276E+00, 8.817364E-04 
8.132421E+00, 3.026514E-05 
-9.229552E+00, 1.463928E-05 
-2.017063E+00, 6.880373E-04 
-9.384694E+00, 1.359575E-05 
-1.321360E+00, 7.690654E-04 
5.560900E+00, 1.659887E-04 
-3.488269E+00, 8.641055E-04 
-2.235325E+00, 1.093111E-03 
7.580919E+00, 6.610438E-05 
3.467931E+00, 9.266907E-04 
5.281828E+00, 2.448613E-04 
-8.580871E+00, 1.756702E-05 
-3.083047E+00, 7.538257E-04 
-3.212804E+00, 6.916066E-04 
-1.525876E+00, 8.574305E-04 
1.188414E-01, 1.290586E-03 
3.462837E+00, 6.794952E-04 
2.032374E+00, 1.040515E-03 
-9.956354E+00, 1.078607E-05 
1.257775E+00, 1.132070E-03 
7.020325E-01, 1.111370E-03 
-5.416036E+00, 3.833412E-04 
9.835217E+00, 1.034210E-05 
-1.053260E+01, 7.319946E-06 
1.047519E+01, 9.933229E-06 
4.371275E-01, 1.721358E-03 
-2.848177E+00, 9.938862E-04 
6.424687E+00, 1.124852E-04 
5.389143E-01, 1.500889E-03 
8.538954E+00, 2.715200E-05 
-6.720508E-02, 1.674175E-03 
3.037947E+00, 9.807269E-04 
-6.209254E+00, 1.910988E-04 
2.139685E-01, 1.283216E-03 
3.398100E+00, 6.613069E-04 
-7.520125E-01, 1.019617E-03 
6.638982E-01, 1.266481E-03 
6.756512E+00, 1.176828E-04 
2.267093E+00, 9.579453E-04 
-1.268242E+01, 6.742209E-06 
4.426567E+00, 4.685938E-04 
-4.591218E+00, 5.248153E-04 
4.254127E+00, 6.168330E-04 
-1.177952E+01, 9.268453E-06 
1.086279E+01, 5.225744E-06 
-1.092600E+01, 7.363469E-06 
9.399551E+00, 8.932632E-06 
9.227057E+00, 7.305771E-06 
9.123531E+00, 1.687315E-05 
-1.073649E+01, 5.997420E-06 
-1.244040E+01, 5.997420E-06 
-1.215437E+01, 5.854309E-06 
-1.027117E+01, 5.854309E-06 
-1.112978E+01, 5.804911E-06 
-7.305902E+00, 7.390717E-05 
-6.191606E+00, 1.739306E-04 
-6.981674E+00, 1.545980E-04 
-5.888491E+00, 1.516317E-04 
-6.103499E+00, 1.497129E-04 
-6.744712E+00, 1.444029E-04 
-8.595993E+00, 4.627117E-05 
-8.238437E+00, 4.339836E-05 
-8.013759E+00, 3.697635E-05 
-9.017278E+00, 3.643254E-05 
-8.599610E+00, 3.379070E-05 
-5.891067E+00, 1.493592E-04 
-6.688050E+00, 1.192691E-04 
-2.805144E+00, 6.059622E-04 
-2.019000E+00, 6.844558E-04 
-1.085917E+00, 1.019617E-03 
-1.343566E-01, 9.924504E-04 
-1.920040E-01, 9.826774E-04 
-2.098177E-01, 9.569810E-04 
-2.748880E-01, 9.535867E-04 
-7.560232E-01, 9.445973E-04 
-7.523273E-01, 9.375331E-04 
1.725280E+00, 8.540939E-04 
1.371265E+00, 8.512056E-04 
1.158017E+00, 8.136387E-04 
1.723964E+00, 8.124716E-04 
1.126426E+00, 8.093406E-04 
1.963401E+00, 7.989740E-04 
1.490323E+00, 7.849897E-04 
4.408343E+00, 5.375182E-04 
4.251262E+00, 4.182386E-04 
4.218826E+00, 3.851880E-04 
3.846334E+00, 3.789211E-04 
5.099350E+00, 3.695089E-04 
4.151340E+00, 3.637129E-04 
4.404472E+00, 3.477308E-04 
6.982841E+00, 8.011094E-05 
7.191623E+00, 6.481216E-05 
7.365633E+00, 5.599348E-05 
7.128622E+00, 5.475324E-05 
7.354315E+00, 5.429677E-05 
1.040873E+01, 7.607877E-06 
1.013378E+01, 7.157941E-06 
1.002923E+01, 5.854573E-06 
1.036015E+01, 5.733526E-06 
1.046636E+01, 5.718816E-06 
