1.425164E+01, 6.300196E-06 
1.066847E+01, 5.754263E-06 
1.075276E+01, 7.949377E-06 
-6.548958E+00, 1.302555E-04 
4.245395E+00, 4.590646E-04 
-4.134460E+00, 5.756416E-04 
-1.216686E+00, 9.505155E-04 
-5.033206E+00, 2.930642E-04 
5.008023E+00, 4.196846E-04 
7.019696E+00, 1.076872E-04 
-3.279082E+00, 5.901498E-04 
5.387600E+00, 3.617396E-04 
-1.014638E+00, 9.148920E-04 
-1.162125E+00, 1.021990E-03 
7.156303E+00, 1.036982E-04 
5.109182E+00, 3.593659E-04 
-1.068998E+01, 6.491187E-06 
-8.106949E+00, 3.039263E-05 
-3.251878E+00, 9.548793E-04 
-6.335586E+00, 1.686988E-04 
3.746856E+00, 7.613513E-04 
3.821371E+00, 3.674831E-04 
-9.308341E+00, 1.466724E-05 
2.200100E+00, 7.111664E-04 
-3.583652E+00, 8.155263E-04 
7.226184E+00, 7.008865E-05 
-6.613248E-01, 1.400086E-03 
4.852365E+00, 2.645416E-04 
-9.559926E+00, 1.424924E-05 
-7.043650E+00, 1.349529E-04 
-7.097892E+00, 6.043991E-05 
5.390840E+00, 1.983166E-04 
-9.839866E+00, 8.964621E-06 
9.892300E+00, 1.047850E-05 
-2.633530E+00, 7.686705E-04 
-9.780904E+00, 1.770789E-05 
5.679284E+00, 2.225422E-04 
-4.537795E+00, 5.021564E-04 
4.340201E+00, 4.221258E-04 
1.091512E+01, 5.155057E-06 
1.833172E+00, 7.045797E-04 
4.529867E+00, 3.750994E-04 
5.419154E+00, 1.908787E-04 
3.203610E-03, 1.430020E-03 
-1.934226E+00, 7.494826E-04 
-4.855913E+00, 3.078583E-04 
-1.086869E+01, 8.014185E-06 
1.977919E-01, 1.753172E-03 
-9.885090E+00, 1.422027E-05 
-3.725509E+00, 7.248055E-04 
9.892276E+00, 9.604082E-06 
-4.241027E+00, 4.497138E-04 
9.546429E+00, 1.476730E-05 
3.357722E+00, 4.402180E-04 
-1.001163E+01, 1.405901E-05 
-7.467269E+00, 5.664182E-05 
5.898088E+00, 3.223065E-04 
7.003759E+00, 1.044460E-04 
4.159380E+00, 7.251875E-04 
-7.438660E-01, 1.575418E-03 
-2.888247E+00, 5.809690E-04 
-3.209835E+00, 7.070885E-04 
-2.484091E+00, 9.655221E-04 
-7.949030E+00, 7.684870E-05 
-6.420019E-01, 1.516473E-03 
7.484089E+00, 6.732196E-05 
-3.016625E+00, 9.427312E-04 
-1.166905E+00, 1.022117E-03 
-1.143771E+01, 9.258851E-06 
-1.038135E+01, 8.645639E-06 
-3.591985E+00, 5.579183E-04 
-1.996066E+00, 1.232551E-03 
6.237138E+00, 9.808237E-05 
-4.252346E+00, 4.497138E-04 
1.091482E-02, 1.656743E-03 
8.206019E+00, 3.052454E-05 
-6.650276E+00, 1.496351E-04 
-6.651898E+00, 1.000069E-04 
1.051632E+01, 5.032986E-06 
-8.674964E+00, 2.778437E-05 
-6.843078E+00, 1.929278E-04 
-2.240201E+00, 1.165938E-03 
-5.228973E+00, 3.047876E-04 
-8.291010E+00, 3.323011E-05 
4.684590E+00, 3.794347E-04 
-8.242144E+00, 9.364417E-05 
9.618875E+00, 1.563856E-05 
-6.647004E+00, 1.063985E-04 
8.440358E+00, 2.391629E-05 
1.011838E+01, 1.067489E-05 
9.788371E+00, 1.263326E-05 
2.770333E+00, 7.682725E-04 
8.682174E+00, 2.866481E-05 
3.036059E-01, 1.815699E-03 
5.276673E+00, 1.957799E-04 
6.749817E+00, 1.753466E-04 
-8.903444E+00, 1.080431E-05 
2.401847E+00, 1.073261E-03 
6.092946E-01, 1.033587E-03 
-5.627787E+00, 3.037336E-04 
-1.711139E+00, 8.888876E-04 
1.548486E+00, 1.218461E-03 
-6.036322E+00, 1.221736E-04 
-6.146523E+00, 1.483304E-04 
-5.468512E+00, 4.017542E-04 
-1.445257E+00, 1.159463E-03 
9.049295E+00, 9.402050E-06 
8.235191E+00, 3.172607E-05 
6.767988E+00, 1.408093E-04 
-5.074555E+00, 4.206633E-04 
-1.905432E+00, 7.794187E-04 
-8.897394E-01, 1.339859E-03 
4.972280E+00, 3.863092E-04 
1.342322E+00, 8.315260E-04 
-4.358819E+00, 5.034909E-04 
-1.015339E+01, 9.916671E-06 
-9.451253E+00, 1.546950E-05 
8.670334E+00, 1.623780E-05 
-6.227006E+00, 2.125851E-04 
5.723416E+00, 2.864808E-04 
-1.123118E+01, 7.773496E-06 
-1.006276E+01, 9.916671E-06 
9.978631E+00, 9.411290E-06 
-6.615904E+00, 1.352571E-04 
-2.664201E-01, 1.183699E-03 
4.660299E+00, 4.681800E-04 
3.998768E+00, 4.419604E-04 
-4.600425E+00, 4.009685E-04 
3.419332E+00, 7.019990E-04 
6.405392E+00, 1.388700E-04 
7.410405E+00, 6.495899E-05 
-9.673913E+00, 1.308484E-05 
-8.663690E+00, 2.420916E-05 
9.018836E+00, 3.282711E-05 
3.917598E+00, 8.554143E-04 
-1.946685E+00, 1.002671E-03 
1.234052E+00, 1.329747E-03 
-9.647339E+00, 1.720928E-05 
6.308802E+00, 1.415529E-04 
-1.002481E+01, 1.016584E-05 
-3.567975E+00, 6.522734E-04 
-7.583122E-01, 9.030221E-04 
5.406996E+00, 2.037041E-04 
-1.361089E-01, 1.645176E-03 
7.850853E+00, 1.100846E-04 
5.578820E-01, 1.603369E-03 
4.746108E-01, 9.814843E-04 
9.371679E+00, 1.490370E-05 
-4.048503E+00, 5.849705E-04 
1.842051E+00, 8.532918E-04 
-3.116809E+00, 1.050295E-03 
-3.448846E-01, 9.513574E-04 
-1.953439E+00, 1.184327E-03 
-5.089100E+00, 3.849503E-04 
-7.709766E+00, 3.995234E-05 
-8.341121E+00, 3.419131E-05 
8.330829E+00, 2.715754E-05 
7.950617E+00, 9.885660E-05 
9.559122E+00, 1.034993E-05 
8.131824E+00, 2.874563E-05 
1.612243E+00, 9.183801E-04 
-1.455036E+00, 1.124240E-03 
3.660393E+00, 6.531232E-04 
-4.578881E+00, 5.756416E-04 
-5.971262E+00, 2.710110E-04 
-6.228055E+00, 1.585554E-04 
4.214905E+00, 4.845751E-04 
-2.035954E+00, 7.721378E-04 
-9.079638E-01, 1.338352E-03 
-3.644099E+00, 6.459759E-04 
3.914990E+00, 7.267603E-04 
-6.389878E+00, 8.022787E-05 
1.407078E+00, 8.177499E-04 
1.924458E+00, 6.704376E-04 
8.845879E+00, 1.707659E-05 
4.678810E+00, 3.383054E-04 
3.964382E-02, 8.600140E-04 
9.075629E+00, 1.563167E-05 
-5.169276E+00, 5.364694E-04 
1.098642E+01, 5.316731E-06 
6.050433E+00, 2.225740E-04 
9.976557E-01, 1.729939E-03 
-1.075144E+01, 7.474307E-06 
6.075485E+00, 2.206117E-04 
9.163925E+00, 1.096280E-05 
3.145701E-01, 1.435891E-03 
6.203534E+00, 1.147937E-04 
3.868521E-01, 1.251173E-03 
-6.150732E+00, 1.295063E-04 
2.444289E+00, 7.376424E-04 
-1.921194E+00, 7.831838E-04 
4.880625E+00, 3.383054E-04 
4.688357E+00, 5.780310E-04 
-6.402420E+00, 1.407654E-04 
6.482533E+00, 9.654009E-05 
3.469317E+00, 6.280752E-04 
-8.899683E+00, 1.397371E-05 
-7.377206E+00, 7.238888E-05 
-3.456468E+00, 7.430425E-04 
1.073189E+01, 6.865674E-06 
6.413005E+00, 9.646994E-05 
7.756125E+00, 5.948818E-05 
8.210858E+00, 2.771247E-05 
-6.694456E+00, 2.317227E-04 
9.098221E+00, 9.858606E-06 
-3.575762E+00, 5.978924E-04 
-3.481341E+00, 5.868726E-04 
4.731745E+00, 4.070999E-04 
-7.376561E+00, 7.038271E-05 
-9.338245E+00, 1.440745E-05 
-7.592857E+00, 7.327016E-05 
-8.396518E+00, 4.333935E-05 
4.896459E-01, 1.222464E-03 
-7.834914E+00, 7.605026E-05 
4.448204E+00, 4.912939E-04 
-1.983779E+00, 9.453353E-04 
-1.335629E+00, 1.158453E-03 
7.216237E+00, 1.176052E-04 
1.584039E+00, 1.270993E-03 
-3.055249E+00, 9.420404E-04 
3.581223E+00, 5.813860E-04 
8.420583E+00, 3.468030E-05 
-4.802738E+00, 3.354000E-04 
8.544581E+00, 3.309588E-05 
1.468080E+00, 1.247248E-03 
3.438502E+00, 7.992734E-04 
7.447598E+00, 7.430612E-05 
5.788274E+00, 3.404309E-04 
-1.109744E+01, 7.865403E-06 
-1.226747E+01, 6.511683E-06 
9.289304E-01, 1.345921E-03 
3.450457E+00, 6.282581E-04 
-9.166274E+00, 1.682897E-05 
-8.174438E+00, 4.252125E-05 
-8.555531E+00, 3.938924E-05 
3.411390E+00, 6.552890E-04 
-5.822137E+00, 4.653137E-04 
-3.010173E+00, 6.402456E-04 
1.132118E+00, 1.002660E-03 
2.380097E+00, 7.111664E-04 
-7.079809E+00, 6.043991E-05 
5.344489E+00, 2.002143E-04 
3.810986E+00, 8.404316E-04 
1.017915E+01, 1.265298E-05 
5.128025E+00, 2.397158E-04 
-8.224766E+00, 3.174448E-05 
-1.463869E+00, 8.587033E-04 
4.687536E+00, 6.286893E-04 
2.996795E-01, 1.685214E-03 
-7.764411E+00, 2.793725E-05 
2.374191E+00, 9.849066E-04 
-9.371715E+00, 1.612198E-05 
-5.017346E+00, 4.085041E-04 
-4.190103E+00, 7.903695E-04 
6.025656E+00, 1.284116E-04 
2.014770E+00, 9.594555E-04 
9.101955E-01, 1.574499E-03 
9.066102E+00, 1.267943E-05 
-4.850188E+00, 4.009685E-04 
-5.132201E+00, 4.652114E-04 
7.925030E+00, 5.614942E-05 
-6.090680E+00, 1.439448E-04 
7.923520E+00, 7.869675E-05 
5.461937E+00, 2.670541E-04 
-5.450337E+00, 2.769983E-04 
-1.206358E+01, 6.491187E-06 
-8.345696E-01, 8.871890E-04 
-6.329211E+00, 2.007138E-04 
6.894138E-01, 1.707354E-03 
1.506594E+00, 6.958538E-04 
8.725021E+00, 2.570542E-05 
-5.001690E+00, 4.801659E-04 
1.028933E+01, 5.437678E-06 
-7.062721E+00, 5.799781E-05 
-6.241890E+00, 1.283966E-04 
2.667194E-01, 1.257595E-03 
-4.544675E+00, 4.705175E-04 
-1.692281E+00, 8.043674E-04 
8.866606E+00, 1.139482E-05 
-6.444661E+00, 1.402234E-04 
2.234926E+00, 6.824159E-04 
-3.452670E+00, 6.039030E-04 
4.297322E+00, 6.015496E-04 
8.119028E+00, 3.804527E-05 
1.066339E+00, 1.635163E-03 
-4.111127E+00, 5.323654E-04 
3.181791E+00, 4.706465E-04 
2.763704E+00, 7.288492E-04 
-1.149285E+01, 8.518645E-06 
-1.104165E+01, 1.034086E-05 
2.377671E+00, 7.396710E-04 
-9.789358E+00, 6.488495E-06 
-3.813311E+00, 9.721855E-04 
9.030619E+00, 9.402050E-06 
-2.232321E+00, 1.402202E-03 
5.779475E+00, 3.009437E-04 
-7.515349E+00, 8.045710E-05 
-4.875484E+00, 5.844969E-04 
2.667414E+00, 1.231983E-03 
5.988692E+00, 1.230642E-04 
-9.982089E+00, 1.069471E-05 
-9.828438E+00, 1.544790E-05 
-1.623155E-01, 1.241614E-03 
-2.406573E+00, 8.488612E-04 
-9.023222E+00, 1.355951E-05 
8.846643E+00, 2.013213E-05 
7.906773E+00, 5.011636E-05 
-3.335052E+00, 7.850139E-04 
-1.027060E+01, 1.106137E-05 
1.261704E+01, 5.311503E-06 
9.512300E+00, 9.885413E-06 
-8.522882E+00, 4.792281E-05 
5.375383E+00, 3.009035E-04 
-8.890361E+00, 1.975556E-05 
1.719255E+00, 7.027688E-04 
7.443747E+00, 1.124450E-04 
7.324009E+00, 1.322829E-04 
2.342345E+00, 7.627851E-04 
3.538106E+00, 5.521661E-04 
2.843688E+00, 1.172269E-03 
9.136119E+00, 1.650693E-05 
-1.081222E+01, 8.106720E-06 
-8.645951E+00, 3.641238E-05 
9.116276E+00, 2.485010E-05 
1.550803E+00, 6.975560E-04 
-5.615909E+00, 3.294674E-04 
-2.283717E+00, 1.459154E-03 
-9.987608E+00, 1.250546E-05 
6.296888E+00, 1.005662E-04 
-2.413196E+00, 7.389996E-04 
8.807344E+00, 1.484533E-05 
-8.659662E+00, 1.660972E-05 
7.031702E+00, 1.036995E-04 
4.030318E+00, 7.192923E-04 
-1.161844E+01, 1.222230E-05 
-7.640747E+00, 9.343826E-05 
4.562840E-01, 9.386560E-04 
6.080513E+00, 1.286121E-04 
-6.547731E-01, 1.008676E-03 
-6.238985E+00, 1.413185E-04 
-3.419135E+00, 8.292928E-04 
-3.461654E+00, 6.062430E-04 
-1.053784E+01, 7.517830E-06 
6.961321E+00, 1.031381E-04 
-7.660857E+00, 6.819478E-05 
3.006780E+00, 5.342509E-04 
-1.230049E+00, 8.607455E-04 
1.736170E+00, 1.044994E-03 
-2.899739E+00, 6.019957E-04 
-1.033584E+01, 7.847811E-06 
-4.385483E+00, 5.727074E-04 
-7.459513E+00, 7.287253E-05 
-8.805591E+00, 3.114646E-05 
8.078605E+00, 4.694756E-05 
1.650082E+00, 1.138984E-03 
8.362726E+00, 2.465470E-05 
3.925321E-02, 1.483483E-03 
-4.929625E+00, 3.222740E-04 
3.531275E-01, 1.623165E-03 
1.178567E+01, 6.313198E-06 
5.150682E+00, 4.042215E-04 
1.258266E-01, 1.606888E-03 
-7.366414E+00, 6.347466E-05 
1.087777E+01, 4.957327E-06 
2.654595E+00, 9.405227E-04 
1.071264E+01, 6.805536E-06 
2.494879E+00, 8.093179E-04 
9.027918E-01, 1.189729E-03 
6.327574E+00, 9.873766E-05 
-9.778866E+00, 1.064325E-05 
-6.798520E+00, 1.249712E-04 
7.526519E+00, 6.982327E-05 
-5.167145E+00, 2.702520E-04 
-6.451475E+00, 1.629321E-04 
-7.968811E-01, 1.294282E-03 
8.700131E+00, 1.833115E-05 
-8.645600E+00, 2.941453E-05 
-4.374919E+00, 3.908398E-04 
6.287458E+00, 1.082258E-04 
1.010876E+01, 5.049058E-06 
-8.427387E+00, 4.511723E-05 
6.108083E-01, 1.009941E-03 
-7.537120E+00, 4.252125E-05 
7.411846E+00, 1.167212E-04 
6.681643E+00, 1.621140E-04 
-6.589942E+00, 1.316194E-04 
-1.219129E+00, 9.817509E-04 
8.224976E-01, 7.311584E-04 
8.017274E+00, 2.024478E-05 
-9.986796E+00, 9.508837E-06 
-1.956697E+00, 1.376101E-03 
1.219521E+00, 8.963659E-04 
-7.430208E+00, 9.372663E-05 
-2.046779E-01, 1.290669E-03 
5.332633E+00, 2.037875E-04 
7.161346E+00, 1.115546E-04 
-2.782880E+00, 6.536091E-04 
-6.904126E+00, 7.249067E-05 
4.735934E+00, 4.460373E-04 
-7.981283E+00, 3.758638E-05 
-8.062365E+00, 6.217505E-05 
-3.825168E+00, 5.130879E-04 
-1.216429E+01, 6.909988E-06 
-4.503530E+00, 4.298559E-04 
8.508239E-01, 1.259313E-03 
1.034682E+01, 5.137611E-06 
-8.379789E+00, 2.510342E-05 
-8.629431E+00, 4.356603E-05 
5.075529E+00, 2.574635E-04 
-2.758691E+00, 1.205708E-03 
6.558435E+00, 1.079587E-04 
-7.796804E+00, 6.516276E-05 
-8.456593E+00, 3.174448E-05 
-6.213743E+00, 1.446601E-04 
-8.212885E+00, 3.148867E-05 
-3.723423E+00, 6.089450E-04 
4.267252E+00, 4.613158E-04 
9.995523E+00, 9.058087E-06 
-5.905955E+00, 3.779262E-04 
-7.577891E+00, 5.710620E-05 
9.345468E+00, 9.402050E-06 
6.399428E+00, 1.714183E-04 
-3.121788E+00, 9.700864E-04 
1.001750E+01, 1.212035E-05 
-4.649578E+00, 6.234645E-04 
-4.605883E+00, 3.095161E-04 
-9.454600E+00, 1.405901E-05 
-9.627224E+00, 1.031176E-05 
-3.403054E-01, 9.285968E-04 
-2.415397E-01, 1.283600E-03 
-8.922510E+00, 3.861950E-05 
7.155914E+00, 1.085794E-04 
-8.935820E+00, 1.544790E-05 
6.848291E+00, 7.869675E-05 
4.534389E+00, 6.342017E-04 
8.805701E+00, 1.725163E-05 
-2.961498E+00, 9.303959E-04 
1.112299E+01, 5.401295E-06 
-3.782382E+00, 9.825531E-04 
6.408255E+00, 1.856655E-04 
2.004793E+00, 9.086086E-04 
1.004054E+01, 1.194980E-05 
9.858488E+00, 8.851442E-06 
-1.288058E+00, 9.818908E-04 
6.290591E+00, 1.282264E-04 
5.457532E-01, 1.409949E-03 
4.815711E+00, 5.532590E-04 
1.003169E+01, 6.734301E-06 
2.321471E-02, 1.238903E-03 
3.392166E+00, 6.561990E-04 
-4.765322E+00, 5.101190E-04 
7.772801E+00, 3.307072E-05 
-9.995789E+00, 1.574433E-05 
-1.138802E+00, 1.202946E-03 
-2.168726E+00, 8.868446E-04 
1.097953E+01, 7.377713E-06 
-9.500125E+00, 2.757698E-05 
6.165146E+00, 1.489735E-04 
5.987348E+00, 1.138573E-04 
4.745315E+00, 2.731355E-04 
-5.799656E+00, 2.624331E-04 
9.542835E+00, 1.003297E-05 
-1.040573E+01, 8.753484E-06 
9.418324E+00, 1.797805E-05 
4.719074E+00, 4.531625E-04 
9.514581E+00, 1.596742E-05 
5.326385E+00, 3.168178E-04 
-7.677104E+00, 7.128449E-05 
-7.865603E+00, 5.856835E-05 
-8.646367E+00, 3.222374E-05 
2.132605E+00, 8.178582E-04 
2.030132E+00, 8.115482E-04 
4.498375E-01, 9.386560E-04 
1.618104E+00, 7.349699E-04 
8.957502E+00, 2.173683E-05 
-5.690521E+00, 2.317227E-04 
-6.464882E+00, 1.399298E-04 
-1.162269E+01, 6.922697E-06 
-2.420103E+00, 1.043225E-03 
5.215792E-01, 1.583773E-03 
6.452989E+00, 1.054910E-04 
4.887511E+00, 4.206070E-04 
-2.236524E+00, 8.670341E-04 
-9.211105E+00, 1.499101E-05 
-1.127852E+01, 7.633100E-06 
-4.985203E+00, 4.950324E-04 
-4.616441E-01, 1.318568E-03 
5.285851E+00, 2.574635E-04 
-8.811836E-01, 8.923615E-04 
1.946983E+00, 1.100434E-03 
-7.142365E-01, 1.208347E-03 
8.092550E+00, 3.248462E-05 
-1.205341E+00, 9.540493E-04 
-6.902955E+00, 9.794621E-05 
-8.348784E+00, 3.966544E-05 
-1.038538E+01, 9.035732E-06 
-8.598265E+00, 3.033261E-05 
-9.874047E+00, 1.749910E-05 
-6.282296E+00, 1.457528E-04 
-3.066688E+00, 7.126891E-04 
-9.753411E+00, 8.495441E-06 
6.635628E+00, 1.386332E-04 
-4.819367E-01, 1.506085E-03 
-8.835758E+00, 3.391799E-05 
4.256353E+00, 4.321726E-04 
-6.564937E+00, 1.177341E-04 
-8.029469E+00, 2.611241E-05 
-1.033125E+01, 8.331119E-06 
4.878719E+00, 2.335618E-04 
-8.407016E+00, 4.757515E-05 
9.109729E+00, 2.282083E-05 
-5.753953E+00, 3.568079E-04 
-4.072608E+00, 5.038314E-04 
-4.652796E+00, 4.632263E-04 
6.998068E+00, 7.481694E-05 
1.059097E+01, 7.021367E-06 
5.880125E+00, 2.092820E-04 
-1.308902E+00, 8.603189E-04 
1.012990E+01, 6.113045E-06 
-1.207551E+00, 1.296771E-03 
-6.055576E+00, 3.851547E-04 
-1.448938E+00, 1.146142E-03 
-4.661295E+00, 4.895297E-04 
-8.562039E+00, 3.526516E-05 
1.559118E+00, 1.009941E-03 
-4.248174E+00, 4.833865E-04 
5.707000E+00, 1.856558E-04 
7.376506E+00, 6.934555E-05 
-6.167005E+00, 1.819654E-04 
-1.253474E+00, 8.926984E-04 
3.924673E+00, 8.453293E-04 
-2.958052E+00, 8.032189E-04 
-7.263518E+00, 9.359107E-05 
7.308456E+00, 8.926235E-05 
2.852697E+00, 7.395575E-04 
5.566324E+00, 2.491392E-04 
1.059522E+01, 6.623061E-06 
4.151652E+00, 5.068028E-04 
1.264397E+00, 1.216824E-03 
8.714256E+00, 1.190992E-05 
-4.930431E+00, 4.388966E-04 
2.216121E+00, 8.331189E-04 
-3.374825E+00, 6.026015E-04 
6.332128E-01, 9.245698E-04 
8.129217E+00, 2.206631E-05 
-5.602936E+00, 4.659803E-04 
9.161312E-01, 1.321553E-03 
-7.293539E+00, 6.043991E-05 
-3.626203E+00, 7.532918E-04 
-5.380212E+00, 3.637503E-04 
1.993302E+00, 8.415420E-04 
-5.072347E+00, 3.530338E-04 
8.095234E+00, 2.771247E-05 
-8.634301E+00, 5.027774E-05 
-5.280341E+00, 4.585320E-04 
5.034192E+00, 2.348387E-04 
-6.647986E+00, 2.493295E-04 
-5.161665E+00, 4.283839E-04 
-1.208585E+00, 8.023351E-04 
1.020616E+01, 7.126022E-06 
9.583739E-01, 8.945000E-04 
-6.920353E-01, 1.632680E-03 
-7.424279E+00, 6.440010E-05 
-6.792248E+00, 6.483960E-05 
2.368651E+00, 7.916205E-04 
7.905486E+00, 7.781421E-05 
-2.203944E+00, 9.131161E-04 
5.490897E+00, 3.472292E-04 
-2.385771E+00, 7.923002E-04 
-2.285472E+00, 8.452625E-04 
-1.960087E-01, 1.209662E-03 
2.424215E+00, 6.795891E-04 
9.513388E+00, 1.177980E-05 
-6.284949E-01, 8.979708E-04 
9.769831E+00, 1.185516E-05 
-3.472453E+00, 6.759299E-04 
-8.040715E+00, 3.734293E-05 
-8.953109E+00, 1.660972E-05 
3.387509E+00, 7.942022E-04 
-1.186726E+01, 7.514918E-06 
-1.054685E+00, 8.784463E-04 
-1.151551E+01, 6.919492E-06 
3.079974E+00, 7.767861E-04 
-4.369459E+00, 4.724136E-04 
-7.565894E-01, 1.206103E-03 
-7.390946E+00, 1.007760E-04 
-8.462393E+00, 3.959190E-05 
1.015572E+01, 1.089278E-05 
2.713722E+00, 7.250729E-04 
-2.304875E+00, 1.286403E-03 
1.281383E+00, 1.277256E-03 
-7.440038E+00, 6.828947E-05 
-3.842586E+00, 5.777555E-04 
3.903189E-01, 1.594113E-03 
8.846268E+00, 1.730365E-05 
-3.875996E-02, 1.394385E-03 
6.695484E+00, 9.214740E-05 
-3.452346E+00, 5.959945E-04 
-6.922375E-01, 1.240195E-03 
7.958620E+00, 5.156906E-05 
4.490736E+00, 4.063308E-04 
-4.141202E-01, 1.067698E-03 
9.739142E+00, 1.809202E-05 
-6.724117E+00, 1.550615E-04 
3.874383E+00, 4.740348E-04 
7.025620E+00, 1.124353E-04 
7.874261E+00, 6.808712E-05 
7.698807E+00, 6.054733E-05 
-3.401462E+00, 7.836827E-04 
-7.719833E-03, 1.055941E-03 
-5.823219E+00, 4.406584E-04 
1.912376E+00, 9.731938E-04 
9.990618E+00, 1.043133E-05 
4.612438E+00, 3.996538E-04 
1.024638E+01, 7.126022E-06 
-2.539691E+00, 1.275391E-03 
-7.177737E+00, 6.912937E-05 
7.675400E+00, 8.145586E-05 
2.075628E+00, 8.026314E-04 
-1.140071E+00, 8.411533E-04 
2.809899E+00, 9.584466E-04 
-4.335390E+00, 7.693942E-04 
-2.553844E+00, 1.346101E-03 
1.613969E+00, 1.223192E-03 
3.382532E+00, 8.357954E-04 
-8.325325E+00, 2.716825E-05 
-7.496043E+00, 1.006708E-04 
4.629415E+00, 4.152283E-04 
-9.098461E+00, 1.268049E-05 
-3.681834E+00, 7.829406E-04 
-4.116567E+00, 4.177126E-04 
6.279658E+00, 1.040060E-04 
-3.028171E+00, 1.021522E-03 
-4.799194E+00, 6.016419E-04 
6.755704E+00, 1.079587E-04 
-7.462845E+00, 6.355696E-05 
1.012261E+01, 5.538594E-06 
3.608756E+00, 8.455796E-04 
-7.032645E-01, 1.049112E-03 
-1.117960E+01, 6.823133E-06 
-3.653889E+00, 5.959489E-04 
7.644623E-01, 1.610913E-03 
1.046340E+01, 8.870194E-06 
3.886247E+00, 4.740348E-04 
-6.420815E+00, 1.431769E-04 
9.591528E+00, 1.413516E-05 
4.013643E+00, 5.102668E-04 
-8.973515E+00, 2.810069E-05 
-8.239706E+00, 3.005130E-05 
3.133309E+00, 5.402988E-04 
2.567608E+00, 1.320577E-03 
-2.141661E+00, 1.289920E-03 
-6.518559E+00, 1.165905E-04 
7.816168E+00, 6.119622E-05 
-3.419168E+00, 5.148542E-04 
8.146310E+00, 4.113028E-05 
-7.627331E+00, 8.240420E-05 
-1.886132E+00, 9.240808E-04 
-8.652712E+00, 5.694283E-05 
-3.225209E+00, 7.716648E-04 
-4.032481E+00, 6.434945E-04 
-2.783990E+00, 7.313713E-04 
-5.494435E+00, 3.726726E-04 
6.852578E+00, 1.826078E-04 
-1.041474E+01, 7.306103E-06 
-5.248154E+00, 2.668341E-04 
-5.104499E+00, 2.702520E-04 
6.678850E+00, 1.194651E-04 
-5.019255E+00, 5.038968E-04 
6.574418E+00, 1.295258E-04 
4.174213E+00, 4.903336E-04 
4.701174E-01, 1.232663E-03 
-3.764329E+00, 7.722823E-04 
-1.805615E+00, 9.177751E-04 
-3.974367E+00, 9.940325E-04 
2.479157E+00, 7.704868E-04 
-8.239797E+00, 2.340851E-05 
9.507500E+00, 1.635516E-05 
3.933279E-01, 1.267786E-03 
8.299370E+00, 2.203989E-05 
-6.778321E+00, 5.994288E-05 
2.274600E+00, 8.284459E-04 
-4.332254E+00, 4.790710E-04 
-6.958073E+00, 6.605871E-05 
1.050630E+01, 5.411043E-06 
8.698490E+00, 2.083416E-05 
4.263610E+00, 4.943597E-04 
6.007473E+00, 1.916019E-04 
7.901214E+00, 1.247005E-04 
8.041809E+00, 4.991104E-05 
-7.376029E+00, 7.118570E-05 
-5.286233E+00, 3.268368E-04 
-5.647214E+00, 4.797477E-04 
-8.751866E+00, 4.019363E-05 
1.105446E+01, 7.113070E-06 
3.933305E+00, 4.419604E-04 
-5.292713E+00, 2.903904E-04 
8.609261E+00, 1.831481E-05 
8.180608E+00, 3.248462E-05 
-4.006181E+00, 6.976823E-04 
8.044074E+00, 4.263857E-05 
1.721481E+00, 1.084578E-03 
-2.900058E+00, 1.338700E-03 
3.976888E-01, 9.954975E-04 
4.065944E+00, 6.122582E-04 
-7.511548E+00, 5.971772E-05 
1.795758E+00, 8.772019E-04 
-7.715058E+00, 7.045760E-05 
-2.174504E+00, 7.935547E-04 
8.353564E+00, 2.668032E-05 
8.030556E+00, 2.668032E-05 
1.426841E+00, 8.900990E-04 
1.004589E+01, 7.022191E-06 
-3.340817E+00, 8.851483E-04 
8.742139E+00, 3.212104E-05 
6.444048E+00, 1.168338E-04 
-7.011782E+00, 6.483960E-05 
-4.687679E+00, 4.553623E-04 
-8.798070E+00, 2.981481E-05 
1.013561E+01, 8.870194E-06 
-1.084586E+01, 1.089657E-05 
5.782140E+00, 2.384671E-04 
-1.079520E+01, 8.020260E-06 
1.042225E+01, 7.619579E-06 
6.794176E+00, 1.568319E-04 
-2.040335E+00, 1.301740E-03 
5.008693E+00, 4.014125E-04 
-8.379171E+00, 4.384682E-05 
-1.363264E+00, 1.369853E-03 
3.200849E+00, 5.685756E-04 
8.912939E+00, 1.267943E-05 
-8.375675E+00, 2.502565E-05 
2.134503E+00, 8.973711E-04 
9.141117E+00, 1.569958E-05 
7.344962E+00, 1.042906E-04 
6.558713E+00, 1.005662E-04 
2.620539E+00, 7.339639E-04 
8.771741E+00, 2.526652E-05 
2.604979E+00, 8.693855E-04 
2.321953E+00, 9.627624E-04 
6.972206E+00, 1.193636E-04 
-1.025488E+01, 8.088248E-06 
-5.689109E+00, 2.840600E-04 
-7.982680E+00, 4.598839E-05 
-2.718678E+00, 1.120793E-03 
-8.140903E+00, 2.171975E-05 
2.184724E+00, 8.800439E-04 
2.435061E+00, 8.086918E-04 
-1.550252E+00, 1.299573E-03 
1.666557E-01, 1.188986E-03 
-1.657035E+00, 9.536246E-04 
-9.918333E-01, 9.035033E-04 
1.180008E+01, 8.403564E-06 
1.030366E+01, 5.324985E-06 
2.211684E+00, 8.067149E-04 
6.288240E+00, 1.799902E-04 
-5.779729E+00, 3.385474E-04 
-7.764811E+00, 6.355696E-05 
-1.026344E+01, 8.331119E-06 
1.197586E+01, 5.934741E-06 
7.910776E+00, 6.054733E-05 
-4.458524E+00, 4.948539E-04 
1.023417E+01, 6.316629E-06 
9.556738E+00, 1.488599E-05 
1.073391E+01, 8.663273E-06 
-7.048690E+00, 5.842718E-05 
-9.702464E+00, 1.533589E-05 
-5.232534E+00, 4.237210E-04 
-5.306582E+00, 4.266669E-04 
4.022282E+00, 4.504586E-04 
-8.775523E+00, 1.552623E-05 
-4.849526E+00, 7.559124E-04 
9.078380E+00, 2.244143E-05 
4.916203E+00, 2.614174E-04 
1.612760E+00, 7.313168E-04 
4.446018E+00, 6.681012E-04 
-1.079347E-01, 1.369539E-03 
5.630387E+00, 1.093648E-04 
-2.196307E+00, 1.340193E-03 
-5.862932E+00, 1.313038E-04 
-4.719886E-01, 1.055759E-03 
-3.622396E+00, 8.502222E-04 
-8.780805E+00, 1.764388E-05 
1.148234E+00, 1.190215E-03 
7.236734E+00, 7.647541E-05 
-1.968615E+00, 9.386967E-04 
8.694039E+00, 1.956576E-05 
1.160301E+01, 5.039950E-06 
-2.596654E+00, 9.310967E-04 
3.794954E+00, 6.552890E-04 
-1.044258E+01, 6.550856E-06 
-6.685525E+00, 1.145528E-04 
-9.363862E+00, 1.069471E-05 
-1.171684E+01, 6.909988E-06 
1.702161E+00, 9.282720E-04 
-7.933243E+00, 7.147854E-05 
4.110456E+00, 4.131689E-04 
1.830328E+00, 9.418359E-04 
-8.301952E+00, 3.728756E-05 
-7.956773E-01, 9.303959E-04 
1.848640E+00, 7.700856E-04 
3.362473E-01, 1.324270E-03 
-2.550867E-01, 9.272418E-04 
-9.396229E+00, 1.476035E-05 
8.109031E+00, 3.611084E-05 
9.602813E-01, 1.261413E-03 
-1.032575E+00, 1.358772E-03 
-4.189743E+00, 6.544038E-04 
1.336928E+00, 7.700856E-04 
1.718660E+00, 9.139186E-04 
5.507032E+00, 2.418014E-04 
7.619827E+00, 8.957866E-05 
9.396235E+00, 1.102752E-05 
-1.171113E+01, 6.919492E-06 
2.155556E+00, 7.934887E-04 
-6.606319E-01, 1.082906E-03 
8.386516E+00, 3.654467E-05 
-1.709952E+00, 8.462627E-04 
-5.079470E+00, 3.003023E-04 
5.540623E-01, 1.311442E-03 
9.098410E+00, 1.687382E-05 
3.280779E+00, 5.685756E-04 
1.139951E+00, 8.606270E-04 
6.513923E+00, 1.712024E-04 
-9.913325E+00, 1.284442E-05 
-7.316345E+00, 6.236202E-05 
3.337584E+00, 6.190344E-04 
4.125962E+00, 5.864235E-04 
-4.259922E+00, 6.553436E-04 
6.217578E+00, 1.513258E-04 
-8.307073E+00, 3.792611E-05 
-7.526827E+00, 4.814410E-05 
5.062278E+00, 3.969728E-04 
-7.382931E+00, 8.045710E-05 
-7.930024E+00, 6.414869E-05 
1.296264E+00, 9.213080E-04 
4.486751E+00, 3.441173E-04 
-4.188855E+00, 5.978198E-04 
2.543723E+00, 8.007062E-04 
-1.926242E+00, 8.043674E-04 
-1.158604E+01, 7.151378E-06 
-3.453328E-01, 1.305312E-03 
1.506081E+00, 1.270644E-03 
-2.259327E+00, 1.250077E-03 
-1.605864E+00, 1.466082E-03 
-2.817298E-01, 9.285968E-04 
5.340104E+00, 2.716882E-04 
3.718506E+00, 5.659886E-04 
9.612501E+00, 1.219249E-05 
-7.849252E+00, 2.465790E-05 
-6.498041E+00, 1.290430E-04 
-4.977742E+00, 6.641766E-04 
-7.354552E+00, 9.306283E-05 
-2.001945E+00, 1.398664E-03 
-4.956606E+00, 2.820859E-04 
-8.391671E+00, 2.801836E-05 
9.409047E+00, 1.194980E-05 
4.491484E+00, 4.912939E-04 
-1.002980E+01, 7.455578E-06 
-4.695469E+00, 4.039505E-04 
-6.639795E+00, 1.170813E-04 
9.344089E+00, 1.274822E-05 
4.218389E+00, 5.053640E-04 
8.768270E+00, 2.167085E-05 
8.672703E+00, 2.994384E-05 
-1.837540E+00, 7.831838E-04 
-7.144841E+00, 6.845898E-05 
7.932322E+00, 4.694756E-05 
5.448104E+00, 2.189108E-04 
-3.912010E+00, 8.750785E-04 
-7.125303E-01, 8.871890E-04 
5.116581E+00, 2.491286E-04 
-1.348661E+00, 1.577000E-03 
1.027791E+01, 6.003954E-06 
4.164121E+00, 2.747669E-04 
5.029966E+00, 3.168178E-04 
-2.894001E+00, 9.257181E-04 
-6.628542E+00, 1.871075E-04 
-6.950789E+00, 1.309962E-04 
-8.439320E-01, 1.545666E-03 
2.280267E+00, 7.269922E-04 
7.150722E+00, 6.905881E-05 
6.463765E+00, 1.698098E-04 
1.264467E+00, 8.606270E-04 
1.030492E+01, 7.126022E-06 
-4.781859E-02, 1.238903E-03 
-3.146801E+00, 1.010056E-03 
1.057813E+01, 8.113870E-06 
6.832473E+00, 1.316911E-04 
-1.139988E+00, 8.705578E-04 
-1.091100E+01, 7.411966E-06 
8.987513E+00, 2.373601E-05 
-8.807341E+00, 3.874396E-05 
-9.602961E+00, 1.054533E-05 
7.417395E+00, 1.084882E-04 
-8.742357E+00, 2.689036E-05 
6.958556E+00, 8.083962E-05 
8.324405E+00, 3.654467E-05 
5.952804E-01, 1.216400E-03 
-2.111390E+00, 1.254018E-03 
3.184280E+00, 6.469138E-04 
4.380717E+00, 2.288929E-04 
-5.144384E+00, 5.038968E-04 
-2.950095E+00, 1.163394E-03 
8.278641E+00, 3.162954E-05 
3.655886E+00, 6.403164E-04 
1.081537E+01, 6.113045E-06 
9.120913E+00, 1.028379E-05 
7.146832E+00, 8.235361E-05 
1.897652E+00, 1.127313E-03 
3.530575E+00, 4.777666E-04 
-9.256413E-01, 1.414286E-03 
-2.909076E+00, 1.187201E-03 
-8.430845E+00, 4.757515E-05 
-8.526219E+00, 3.330027E-05 
-1.007281E+01, 8.088248E-06 
-3.411036E+00, 9.750198E-04 
2.889284E+00, 8.373468E-04 
-2.507502E-01, 1.293856E-03 
5.361710E+00, 2.736893E-04 
3.252406E-01, 1.710668E-03 
7.172773E-01, 1.038286E-03 
-4.497180E+00, 4.632263E-04 
-3.614175E+00, 9.667730E-04 
1.500625E+00, 1.267786E-03 
3.435822E+00, 5.659886E-04 
-1.043479E+01, 8.270429E-06 
-2.401882E-01, 1.681303E-03 
7.638542E+00, 7.355893E-05 
-1.101770E+01, 6.823133E-06 
-1.958787E+00, 8.023351E-04 
-4.212525E-01, 8.802184E-04 
1.826183E+00, 9.958753E-04 
-6.834102E+00, 7.751045E-05 
-7.897053E+00, 1.009158E-04 
2.840208E+00, 1.055941E-03 
-1.987354E+00, 1.250088E-03 
2.085459E-01, 1.307437E-03 
1.633035E+00, 1.103855E-03 
5.254043E-01, 1.447779E-03 
-4.423315E-01, 8.892023E-04 
-4.487311E+00, 5.465310E-04 
7.439327E+00, 8.926235E-05 
-1.083292E+00, 9.907233E-04 
2.870250E+00, 8.212451E-04 
-7.780523E+00, 7.944756E-05 
-2.247005E+00, 1.194253E-03 
3.297921E+00, 7.419524E-04 
5.073734E+00, 3.523495E-04 
-9.175164E+00, 1.399431E-05 
1.533978E+00, 1.067698E-03 
1.806340E+00, 7.045797E-04 
-7.531181E-01, 1.753044E-03 
7.444568E+00, 6.682897E-05 
8.117919E+00, 3.074255E-05 
1.830653E+00, 8.387907E-04 
-1.063146E+01, 7.411966E-06 
1.024227E+01, 5.538594E-06 
-4.750333E+00, 3.390001E-04 
-1.045565E+01, 7.120105E-06 
8.498492E+00, 4.991104E-05 
-3.692518E+00, 8.983182E-04 
-1.013169E+01, 7.135742E-06 
4.537675E+00, 4.731504E-04 
-2.540125E+00, 8.457443E-04 
9.338755E+00, 9.914654E-06 
7.381677E+00, 7.684265E-05 
3.610198E+00, 7.120065E-04 
5.013866E+00, 3.617396E-04 
5.109594E+00, 2.652841E-04 
3.703614E+00, 5.166735E-04 
3.270614E+00, 5.032015E-04 
8.053858E+00, 3.242913E-05 
9.230578E+00, 1.329376E-05 
6.579010E+00, 1.789052E-04 
7.613782E+00, 1.255716E-04 
-5.880740E+00, 3.370396E-04 
1.669460E+00, 7.593644E-04 
1.167614E+01, 9.378987E-06 
5.861357E+00, 3.121020E-04 
-6.019873E+00, 2.015863E-04 
-1.844397E+00, 1.421600E-03 
-1.205355E+01, 6.922697E-06 
-4.905511E+00, 6.633836E-04 
1.047256E+01, 7.047481E-06 
-5.162266E+00, 4.283839E-04 
-3.161999E+00, 6.225042E-04 
8.211096E+00, 2.121205E-05 
1.037105E+01, 5.918677E-06 
-2.559788E+00, 1.363635E-03 
-4.678830E+00, 4.602998E-04 
7.444408E-01, 1.654873E-03 
-1.032624E+01, 1.210441E-05 
-1.591924E+00, 1.459600E-03 
3.890499E+00, 2.123111E-04 
1.065338E+01, 5.037090E-06 
5.691339E+00, 2.834499E-04 
-3.389592E+00, 7.972878E-04 
-2.655999E+00, 9.342966E-04 
5.133345E+00, 1.918850E-04 
9.935913E-01, 1.403689E-03 
9.448144E+00, 1.400934E-05 
9.479669E+00, 1.826102E-05 
3.551897E+00, 4.943715E-04 
9.118056E+00, 2.087575E-05 
4.967809E+00, 4.465306E-04 
1.128063E+01, 7.091703E-06 
-8.748954E+00, 1.736799E-05 
1.006197E+01, 5.851203E-06 
-9.744850E+00, 1.332580E-05 
7.221472E+00, 1.042702E-04 
2.853770E+00, 9.251070E-04 
5.388499E+00, 2.243039E-04 
-7.246514E+00, 7.428204E-05 
-1.484924E+00, 1.258241E-03 
5.234019E+00, 3.735498E-04 
-2.768978E+00, 1.259395E-03 
-3.263546E+00, 6.713044E-04 
9.609196E+00, 1.661397E-05 
-1.010387E+01, 1.443817E-05 
-2.109540E+00, 7.285893E-04 
-7.904022E-01, 9.235971E-04 
-8.268729E+00, 5.546468E-05 
6.388889E+00, 9.917185E-05 
7.140682E+00, 1.776240E-04 
-9.363925E+00, 1.226743E-05 
-1.101556E+01, 8.338621E-06 
-3.228441E+00, 8.238357E-04 
4.785003E+00, 4.943715E-04 
1.840753E-01, 1.270903E-03 
1.270854E+00, 1.309670E-03 
2.936930E+00, 4.402180E-04 
-4.954613E+00, 3.047876E-04 
-1.050809E+01, 1.019213E-05 
-3.745533E+00, 6.370179E-04 
1.017221E+01, 9.378987E-06 
1.040763E+01, 5.779092E-06 
2.719904E+00, 8.455602E-04 
5.188707E+00, 2.437458E-04 
-5.367438E+00, 3.285014E-04 
3.363186E+00, 7.868802E-04 
-6.072728E+00, 2.567638E-04 
2.981136E+00, 6.269823E-04 
9.122657E+00, 1.329376E-05 
-6.703666E+00, 9.112775E-05 
8.546726E+00, 2.874563E-05 
-6.761243E+00, 1.461427E-04 
-8.221820E+00, 3.432589E-05 
2.422394E-01, 1.008676E-03 
-6.249239E+00, 1.648159E-04 
-6.711135E+00, 9.381971E-05 
-2.738768E+00, 1.122926E-03 
-6.320053E+00, 1.456497E-04 
-8.314108E+00, 4.019363E-05 
-9.302074E+00, 1.317116E-05 
-9.261079E+00, 1.890895E-05 
-9.861230E+00, 1.080672E-05 
-9.579212E+00, 1.499101E-05 
-3.648111E+00, 6.376525E-04 
-6.625640E+00, 1.756350E-04 
-4.664547E+00, 4.557593E-04 
-5.532460E+00, 3.015073E-04 
9.032907E+00, 1.606984E-05 
-9.628738E+00, 1.859244E-05 
-9.072723E+00, 1.764388E-05 
-1.997659E+00, 1.126331E-03 
-9.173526E+00, 1.477996E-05 
-1.370787E-01, 1.363157E-03 
7.205758E+00, 1.705844E-04 
-1.683966E+00, 9.710791E-04 
6.286167E-01, 1.177211E-03 
-7.574090E+00, 5.183914E-05 
8.892743E+00, 1.244650E-05 
6.291653E+00, 1.194651E-04 
-1.040843E+01, 8.014185E-06 
3.796394E+00, 5.113789E-04 
3.532680E+00, 6.370140E-04 
1.143992E+01, 5.310405E-06 
-6.361099E+00, 1.316194E-04 
2.879453E+00, 9.021139E-04 
-2.422813E+00, 7.683845E-04 
-7.734440E+00, 9.112775E-05 
-9.779247E+00, 9.108787E-06 
7.089213E+00, 1.084060E-04 
-6.227764E+00, 2.428535E-04 
-9.874267E+00, 2.385095E-05 
2.490915E+00, 7.222679E-04 
-6.488405E+00, 1.586828E-04 
3.803794E+00, 7.335473E-04 
1.743403E+00, 7.967814E-04 
-4.783410E+00, 4.734472E-04 
-5.214926E+00, 3.448560E-04 
-7.273658E+00, 7.038271E-05 
-3.618296E+00, 5.267273E-04 
6.008151E+00, 3.009437E-04 
7.054360E+00, 1.273998E-04 
6.291481E+00, 9.917185E-05 
3.098925E+00, 5.521661E-04 
8.964903E+00, 1.660374E-05 
-6.268581E-01, 1.708751E-03 
2.997740E+00, 7.526069E-04 
1.153161E+01, 6.030831E-06 
-5.995886E+00, 2.031893E-04 
-2.107426E+00, 1.195191E-03 
-5.087257E+00, 3.390001E-04 
-2.749981E+00, 9.572471E-04 
9.620943E+00, 9.602909E-06 
6.284756E+00, 2.060298E-04 
-6.011262E+00, 1.734778E-04 
-4.280471E+00, 3.973443E-04 
7.286197E-01, 1.488295E-03 
-4.641919E-01, 9.495537E-04 
-5.580488E+00, 3.848402E-04 
-6.691773E+00, 1.353227E-04 
7.934485E+00, 3.734514E-05 
6.093377E+00, 2.731355E-04 
-2.426508E+00, 1.196200E-03 
-3.920237E+00, 8.645501E-04 
5.429119E+00, 2.817440E-04 
-9.651395E-01, 8.072721E-04 
-2.695600E+00, 8.063673E-04 
-9.027959E+00, 2.171975E-05 
7.174010E+00, 1.438043E-04 
-2.844985E+00, 1.142156E-03 
6.691729E+00, 9.518794E-05 
-5.826484E-01, 1.124955E-03 
-6.945857E+00, 9.018455E-05 
6.755621E+00, 1.248717E-04 
8.014297E+00, 3.074255E-05 
5.680622E+00, 2.297636E-04 
-3.494919E+00, 6.943576E-04 
-3.280831E+00, 5.901498E-04 
-1.384570E+00, 1.494240E-03 
-9.670947E+00, 1.054533E-05 
6.482156E+00, 1.241015E-04 
-1.162115E+00, 1.441219E-03 
-9.089847E+00, 2.075353E-05 
2.955126E+00, 8.210539E-04 
5.116662E+00, 3.922568E-04 
-1.138047E+01, 9.594436E-06 
-1.873749E+00, 1.507074E-03 
7.882266E+00, 6.854459E-05 
-8.952884E+00, 2.409863E-05 
-5.169749E+00, 3.059427E-04 
-1.233381E+01, 6.780150E-06 
-4.418713E+00, 6.061390E-04 
4.302962E+00, 4.845751E-04 
2.953843E+00, 7.001511E-04 
-1.061805E+01, 1.113276E-05 
6.714761E-01, 1.402113E-03 
-4.738397E+00, 7.015749E-04 
1.533845E+00, 9.375573E-04 
-3.224988E+00, 8.071694E-04 
2.992565E+00, 9.646301E-04 
7.397621E+00, 8.137671E-05 
-8.122085E+00, 6.304042E-05 
4.202607E+00, 6.602622E-04 
-4.709379E+00, 4.385939E-04 
-1.035070E+01, 7.511321E-06 
5.223782E+00, 1.957799E-04 
8.912232E+00, 1.392103E-05 
9.451179E+00, 1.457075E-05 
1.888885E+00, 7.162038E-04 
-7.274155E+00, 5.510337E-05 
-4.123576E+00, 5.920609E-04 
7.993528E+00, 3.305487E-05 
1.063957E+01, 7.126022E-06 
-8.134845E-01, 1.742363E-03 
-1.162404E+01, 7.120105E-06 
-6.179835E+00, 9.590913E-05 
1.060326E+01, 9.949808E-06 
-4.126382E-01, 9.902736E-04 
-8.160959E+00, 6.355696E-05 
6.427023E+00, 1.234969E-04 
-9.207091E+00, 2.086406E-05 
-9.873331E+00, 1.277306E-05 
1.704589E+00, 1.244182E-03 
9.470967E+00, 1.219249E-05 
1.022166E+01, 9.218731E-06 
-5.947522E+00, 2.828157E-04 
-9.586067E+00, 1.069471E-05 
3.424491E+00, 5.142816E-04 
-9.478227E+00, 1.604230E-05 
2.472434E+00, 8.663486E-04 
3.859420E+00, 5.068028E-04 
-1.926494E-01, 1.029779E-03 
-5.285172E+00, 3.272364E-04 
-3.555577E+00, 5.887908E-04 
-5.092321E+00, 2.828422E-04 
-1.817983E+00, 8.601465E-04 
2.761662E+00, 9.427214E-04 
6.445455E+00, 1.809749E-04 
-5.037702E+00, 4.374295E-04 
-3.842498E-01, 1.011355E-03 
-7.325286E+00, 5.664182E-05 
-9.154825E+00, 9.763659E-06 
9.300429E+00, 1.484533E-05 
7.591622E+00, 8.331793E-05 
5.286514E+00, 2.834121E-04 
4.158661E+00, 5.183598E-04 
-2.037856E+00, 1.207168E-03 
5.495339E+00, 2.189492E-04 
7.467897E+00, 7.855166E-05 
-4.643738E+00, 5.555133E-04 
-2.005973E+00, 1.103855E-03 
-1.091199E+01, 1.266812E-05 
-1.995015E-01, 9.192039E-04 
7.042359E+00, 1.238535E-04 
4.726651E+00, 3.397433E-04 
8.985475E+00, 1.239502E-05 
7.342052E+00, 1.048452E-04 
-1.357892E+00, 8.733287E-04 
1.989496E+00, 6.975560E-04 
7.878877E-01, 1.105340E-03 
9.691151E+00, 9.402050E-06 
-7.444555E+00, 5.693734E-05 
-4.472504E+00, 6.143410E-04 
7.175694E+00, 1.355911E-04 
-3.835377E+00, 6.616644E-04 
9.304494E+00, 1.342440E-05 
1.119399E+01, 5.816086E-06 
1.977095E+00, 8.093179E-04 
-6.552345E+00, 2.442130E-04 
-7.528533E+00, 5.427701E-05 
-3.516879E+00, 5.988968E-04 
-7.821997E+00, 7.249067E-05 
-1.033759E+01, 9.155663E-06 
1.094431E+01, 7.814033E-06 
5.957239E+00, 2.087713E-04 
1.375976E+00, 1.172625E-03 
-1.048324E+01, 7.172474E-06 
-1.438891E+00, 8.987930E-04 
-8.890996E+00, 2.291182E-05 
9.597441E+00, 1.750070E-05 
1.937479E+00, 6.365746E-04 
-1.373481E+00, 1.159463E-03 
9.272635E+00, 2.295318E-05 
1.280811E-01, 1.351347E-03 
3.618118E+00, 5.113789E-04 
2.170087E+00, 8.195403E-04 
-9.967520E+00, 1.060008E-05 
-1.027405E-01, 1.064716E-03 
5.376979E+00, 2.552926E-04 
7.285871E+00, 8.344941E-05 
-1.019420E+01, 7.511321E-06 
4.894863E+00, 2.947522E-04 
1.337010E+00, 1.206103E-03 
2.598494E+00, 8.836286E-04 
1.262415E+00, 1.302228E-03 
-4.504121E+00, 4.298559E-04 
4.012683E+00, 7.946668E-04 
4.652273E+00, 3.960551E-04 
-8.084822E+00, 6.284299E-05 
4.455506E+00, 5.007091E-04 
6.292659E+00, 1.230642E-04 
-7.909068E-01, 8.892023E-04 
4.658193E+00, 5.168003E-04 
-9.645841E-02, 1.696334E-03 
-8.170616E+00, 5.969408E-05 
-6.497322E+00, 1.629321E-04 
-2.174387E+00, 1.477043E-03 
3.906677E+00, 3.929273E-04 
-6.339770E-01, 1.146142E-03 
-4.174391E+00, 8.427544E-04 
8.428204E-01, 1.404396E-03 
6.276409E+00, 1.604732E-04 
1.060433E+01, 8.012464E-06 
-6.632027E+00, 1.302555E-04 
7.381300E+00, 6.934555E-05 
-1.923583E+00, 9.465684E-04 
3.800300E+00, 7.076981E-04 
1.144026E+01, 6.457546E-06 
1.163664E+01, 5.494080E-06 
7.415066E+00, 7.638148E-05 
4.914526E+00, 2.645416E-04 
5.890802E+00, 2.220688E-04 
3.806889E+00, 3.929273E-04 
3.398510E-01, 1.003560E-03 
-1.547682E+00, 1.359824E-03 
-6.877280E-01, 1.288137E-03 
5.006863E+00, 4.628855E-04 
-8.082461E+00, 5.066521E-05 
-1.101684E+01, 7.566878E-06 
1.838876E+00, 1.179053E-03 
-1.265581E+00, 8.903450E-04 
-3.574802E+00, 9.139898E-04 
-9.136852E+00, 1.005975E-05 
6.316461E+00, 1.450011E-04 
6.515918E+00, 1.138718E-04 
-1.075160E+01, 8.964621E-06 
-1.029114E+01, 7.182199E-06 
8.830862E+00, 2.526652E-05 
4.679944E-01, 1.000460E-03 
-7.040752E+00, 8.448369E-05 
1.344197E+00, 8.211603E-04 
1.421608E+00, 7.500695E-04 
3.374363E+00, 6.989459E-04 
1.026843E+01, 5.195435E-06 
-7.528784E+00, 9.709524E-05 
-9.945876E+00, 1.761773E-05 
9.542973E+00, 1.212035E-05 
2.578703E+00, 1.096535E-03 
9.454302E+00, 1.101551E-05 
-7.486470E+00, 5.664134E-05 
-9.981892E+00, 8.542864E-06 
-7.944230E+00, 5.427701E-05 
7.531440E+00, 8.787897E-05 
-7.189791E+00, 5.664182E-05 
3.919056E-01, 1.607193E-03 
-1.041733E+01, 1.131208E-05 
-2.301634E+00, 1.265992E-03 
-6.122362E+00, 1.798959E-04 
6.381697E+00, 1.082616E-04 
2.248841E+00, 8.125457E-04 
-8.879722E+00, 3.099017E-05 
-3.919274E+00, 6.495103E-04 
5.364400E+00, 2.851358E-04 
8.122666E+00, 4.530050E-05 
-3.937726E+00, 6.497790E-04 
9.644240E+00, 1.422219E-05 
9.440460E+00, 9.782882E-06 
2.906190E+00, 7.440136E-04 
6.349426E+00, 1.295258E-04 
-4.004145E+00, 4.043274E-04 
4.798071E+00, 4.221258E-04 
9.054482E+00, 1.758411E-05 
-3.713464E+00, 6.664244E-04 
2.832857E+00, 8.627818E-04 
-1.041989E+00, 1.200490E-03 
8.647824E+00, 2.809484E-05 
-9.595123E+00, 1.013108E-05 
-3.424263E+00, 6.107474E-04 
-6.619440E-01, 1.686419E-03 
8.920609E+00, 1.956314E-05 
1.053731E+00, 1.321553E-03 
1.032231E+01, 7.249028E-06 
1.016157E+01, 6.479341E-06 
-9.968116E-01, 1.126340E-03 
1.000627E+01, 9.858606E-06 
7.689315E+00, 9.989829E-05 
-1.589996E+00, 1.249321E-03 
5.323435E-01, 1.028292E-03 
4.693278E+00, 2.602060E-04 
7.999967E+00, 3.772379E-05 
1.163460E+01, 5.311503E-06 
-7.522164E-01, 1.088663E-03 
-4.584532E+00, 6.174022E-04 
-7.662066E+00, 9.590913E-05 
1.096961E+01, 6.036293E-06 
-1.786992E+00, 1.103182E-03 
-1.664941E+00, 8.870468E-04 
2.658589E+00, 7.548349E-04 
-2.374345E+00, 7.721378E-04 
-8.915206E+00, 1.552623E-05 
4.916456E+00, 3.658420E-04 
4.654956E+00, 6.346593E-04 
1.180714E+00, 9.814843E-04 
3.659520E-01, 1.405378E-03 
-1.218259E+00, 8.425382E-04 
7.476167E+00, 1.037582E-04 
-9.777371E+00, 1.230385E-05 
9.602248E-01, 8.699247E-04 
7.910728E+00, 8.494826E-05 
-9.258145E+00, 1.963235E-05 
-3.363655E+00, 5.681623E-04 
4.118253E+00, 7.925406E-04 
-8.096822E+00, 6.544103E-05 
-1.002981E+00, 8.824124E-04 
-7.493324E-01, 8.802184E-04 
-9.146896E+00, 1.736799E-05 
-1.039129E+01, 9.065508E-06 
8.001569E-01, 1.132056E-03 
4.918936E-02, 1.166483E-03 
-5.327243E+00, 3.637503E-04 
-9.977788E-01, 9.505155E-04 
-1.186547E+00, 9.619940E-04 
-9.197636E+00, 1.472974E-05 
6.199417E+00, 9.646994E-05 
-6.842690E+00, 5.546468E-05 
1.326303E+00, 8.155141E-04 
1.027680E+01, 5.851203E-06 
8.155243E+00, 3.098936E-05 
2.465423E+00, 8.925485E-04 
2.582935E+00, 6.954340E-04 
9.885499E+00, 1.400934E-05 
7.243170E+00, 1.396332E-04 
-7.727284E+00, 5.664182E-05 
3.013402E+00, 1.325674E-03 
2.117118E+00, 1.266248E-03 
5.996208E+00, 1.613894E-04 
4.643394E+00, 5.074432E-04 
9.336856E-01, 9.264825E-04 
9.259551E+00, 1.149792E-05 
1.032879E+01, 8.496373E-06 
9.308390E+00, 1.826102E-05 
-4.788796E+00, 7.224388E-04 
-2.836352E+00, 7.532918E-04 
3.756997E+00, 7.080929E-04 
5.750756E+00, 2.437458E-04 
-1.526439E+00, 1.127864E-03 
-1.232701E+01, 6.780150E-06 
-9.471023E+00, 1.399431E-05 
-4.645530E+00, 5.454353E-04 
4.560550E+00, 3.140005E-04 
9.169529E+00, 1.881469E-05 
1.163565E+01, 6.256286E-06 
-2.715430E+00, 8.547253E-04 
9.104739E+00, 2.620447E-05 
6.582191E+00, 9.214740E-05 
9.258875E+00, 1.244650E-05 
7.049019E-01, 1.189979E-03 
2.158598E+00, 1.105842E-03 
6.820544E+00, 9.838868E-05 
-2.594058E+00, 9.550505E-04 
-4.066486E+00, 1.040661E-03 
-1.099274E+00, 1.198116E-03 
-2.368973E+00, 8.894831E-04 
4.568391E+00, 4.206070E-04 
3.393893E+00, 7.284605E-04 
-3.797807E+00, 5.104419E-04 
-8.407713E+00, 2.368351E-05 
5.699420E+00, 2.384671E-04 
1.435598E+00, 1.287510E-03 
-7.578817E+00, 8.667612E-05 
6.455380E+00, 9.838868E-05 
-1.353554E+00, 8.411533E-04 
4.307203E+00, 4.731504E-04 
-4.381728E+00, 4.248365E-04 
-6.072234E+00, 1.765654E-04 
-8.445901E+00, 2.646310E-05 
-5.982514E+00, 1.448194E-04 
-6.535414E+00, 1.457528E-04 
1.127896E+01, 6.912184E-06 
-3.889909E+00, 6.198052E-04 
4.888267E+00, 1.856558E-04 
1.501229E+00, 8.308817E-04 
-2.832754E+00, 8.708605E-04 
6.277193E-01, 1.650090E-03 
1.589013E+00, 7.593644E-04 
-8.675906E+00, 2.750885E-05 
-7.955883E+00, 6.767816E-05 
4.287741E+00, 3.490206E-04 
4.454696E-01, 1.017825E-03 
8.036615E+00, 4.887157E-05 
-5.947361E+00, 4.476685E-04 
-1.019249E+01, 9.155663E-06 
7.413362E+00, 9.986920E-05 
1.031168E+00, 1.194559E-03 
4.529921E+00, 3.722156E-04 
-3.182310E+00, 1.124240E-03 
5.897857E+00, 2.524635E-04 
-1.720632E+00, 8.903605E-04 
-9.811505E+00, 1.468782E-05 
-9.352516E+00, 1.502889E-05 
3.129200E+00, 7.621900E-04 
7.245139E+00, 8.381691E-05 
-1.349405E-01, 1.711355E-03 
7.733332E+00, 6.393007E-05 
-2.259471E+00, 9.266289E-04 
-3.676806E+00, 7.512880E-04 
8.043503E+00, 4.312196E-05 
-6.363329E+00, 1.586828E-04 
-7.823843E-01, 1.241176E-03 
8.244538E+00, 3.305487E-05 
-8.762609E+00, 5.066521E-05 
1.106739E+01, 5.437678E-06 
5.627981E+00, 2.274792E-04 
-9.440823E+00, 1.502042E-05 
-1.028939E+01, 7.701314E-06 
-9.878818E+00, 1.058115E-05 
-6.911823E+00, 2.327820E-04 
-7.443112E+00, 8.667612E-05 
-4.650489E+00, 4.248365E-04 
4.957061E+00, 2.716882E-04 
6.880962E-01, 1.318031E-03 
-8.280095E+00, 3.733413E-05 
2.789207E-01, 1.636649E-03 
8.625254E+00, 2.080132E-05 
-4.598589E+00, 6.033073E-04 
3.975138E+00, 6.015421E-04 
1.056863E+01, 5.555888E-06 
-8.985540E+00, 2.151404E-05 
3.550114E+00, 6.943885E-04 
1.821686E+00, 8.013310E-04 
-4.682239E+00, 6.878748E-04 
2.989514E+00, 6.313180E-04 
-1.453834E+00, 9.843880E-04 
-2.852266E+00, 1.255239E-03 
6.753552E+00, 1.349970E-04 
-5.157934E+00, 4.153802E-04 
2.596296E+00, 1.143132E-03 
-1.240077E+00, 9.079436E-04 
-1.011220E+00, 1.358888E-03 
7.773092E+00, 7.187193E-05 
-7.252136E+00, 5.456425E-05 
1.064590E+00, 1.490077E-03 
-8.381863E+00, 3.629784E-05 
8.902963E-01, 8.125457E-04 
-5.679448E+00, 3.037253E-04 
5.110614E+00, 1.834250E-04 
-3.549699E-01, 1.682363E-03 
8.350483E+00, 2.676916E-05 
4.248603E-01, 9.282720E-04 
1.379625E+00, 1.299924E-03 
5.083283E+00, 3.996538E-04 
-9.385111E+00, 1.303478E-05 
1.610992E+00, 1.072072E-03 
9.440710E+00, 9.602909E-06 
-9.013107E+00, 2.646310E-05 
9.523352E+00, 1.744882E-05 
8.633934E+00, 1.707659E-05 
-3.776235E+00, 5.288016E-04 
8.370902E+00, 1.655299E-05 
-9.182428E+00, 1.080431E-05 
-9.306775E+00, 1.527943E-05 
8.496021E+00, 2.162865E-05 
4.136146E+00, 4.981736E-04 
-2.160135E+00, 9.160677E-04 
1.846679E+00, 7.484827E-04 
3.176349E+00, 5.142816E-04 
-5.491650E+00, 4.460145E-04 
-3.911088E+00, 6.174022E-04 
-7.465257E+00, 6.147748E-05 
-3.367703E-01, 1.432732E-03 
6.230579E+00, 1.673524E-04 
2.944453E+00, 7.828672E-04 
-3.751648E+00, 5.865730E-04 
7.885217E+00, 6.997692E-05 
5.268497E+00, 2.834121E-04 
7.260705E+00, 8.830423E-05 
-1.133312E+01, 9.169137E-06 
3.815680E+00, 7.613888E-04 
3.877705E+00, 5.897399E-04 
-9.405850E+00, 1.596199E-05 
5.865929E+00, 1.082616E-04 
-7.585014E+00, 1.036622E-04 
-1.028882E+01, 8.554064E-06 
9.282747E+00, 1.233731E-05 
-5.491022E+00, 3.543302E-04 
2.244960E+00, 1.221675E-03 
8.320727E+00, 3.091196E-05 
-3.447308E+00, 7.274366E-04 
1.094442E+01, 8.227945E-06 
-5.918136E+00, 2.828422E-04 
7.238314E+00, 6.411711E-05 
-9.971099E+00, 1.567721E-05 
4.790106E+00, 3.601623E-04 
-1.047470E+00, 8.425382E-04 
-8.140392E+00, 4.217470E-05 
5.763364E+00, 2.465218E-04 
7.752664E+00, 9.317936E-05 
-1.658246E-02, 1.550408E-03 
5.122489E+00, 2.537250E-04 
-8.760375E+00, 3.084857E-05 
6.834676E+00, 1.169861E-04 
-7.823642E+00, 9.381971E-05 
8.256507E-01, 9.814843E-04 
8.629324E+00, 4.496224E-05 
4.319941E+00, 6.292428E-04 
-5.155856E+00, 5.260032E-04 
1.632350E+00, 8.946097E-04 
5.482820E+00, 1.082258E-04 
3.808923E+00, 4.702704E-04 
-1.345577E+00, 8.462627E-04 
4.449943E-01, 1.654412E-03 
-3.960212E-01, 1.299605E-03 
-3.846924E+00, 7.034512E-04 
-2.772891E+00, 6.536091E-04 
-3.158493E+00, 8.905984E-04 
-5.923603E+00, 4.143690E-04 
-5.325432E+00, 4.481996E-04 
4.035855E+00, 8.217969E-04 
7.724223E+00, 7.675093E-05 
-7.840974E+00, 3.330027E-05 
-8.417273E+00, 2.861979E-05 
9.423947E+00, 1.707728E-05 
5.571628E-01, 1.600130E-03 
-1.278959E+00, 1.292543E-03 
-1.825141E+00, 1.450442E-03 
6.875146E+00, 1.678690E-04 
1.190087E+01, 7.715401E-06 
-7.043247E+00, 1.000069E-04 
-8.458745E+00, 2.692231E-05 
5.331299E+00, 2.444233E-04 
4.597523E+00, 4.661861E-04 
-8.673534E+00, 1.980722E-05 
1.544744E+00, 1.145538E-03 
-3.083760E-01, 1.246782E-03 
-8.721081E+00, 3.097583E-05 
5.661928E+00, 2.402674E-04 
-3.977009E+00, 7.256854E-04 
-5.184852E+00, 2.626076E-04 
3.562968E+00, 7.117262E-04 
-5.371894E+00, 3.585653E-04 
7.019262E+00, 1.033366E-04 
-2.670664E+00, 8.071694E-04 
4.480894E+00, 3.397433E-04 
-6.333651E+00, 9.405853E-05 
4.247372E+00, 3.612488E-04 
2.875808E+00, 7.027688E-04 
-2.383155E+00, 9.126377E-04 
-2.193523E+00, 1.165698E-03 
6.860517E-01, 1.637798E-03 
6.202049E+00, 2.437658E-04 
1.207020E+01, 6.106083E-06 
-8.953301E+00, 3.959190E-05 
-7.063603E+00, 9.438401E-05 
-5.352902E+00, 3.309231E-04 
-4.655589E+00, 4.497180E-04 
-5.711830E-01, 1.138658E-03 
-8.488323E+00, 5.290334E-05 
-2.730751E+00, 9.092708E-04 
8.406737E+00, 4.887157E-05 
-7.719027E+00, 6.551162E-05 
-3.402329E+00, 5.269547E-04 
-3.261410E+00, 8.140211E-04 
9.568664E+00, 1.623780E-05 
9.400853E+00, 1.096280E-05 
3.651126E+00, 4.747399E-04 
1.012292E+01, 8.925034E-06 
-3.986774E+00, 5.288016E-04 
1.425395E+00, 1.364832E-03 
6.216188E+00, 3.140005E-04 
-6.058778E+00, 1.973768E-04 
9.271475E+00, 9.904980E-06 
6.940375E+00, 1.492501E-04 
-2.794875E+00, 9.568178E-04 
-4.349829E+00, 6.239429E-04 
-1.053513E+00, 1.028292E-03 
1.027543E+01, 1.027108E-05 
-6.743596E+00, 1.496351E-04 
-4.125675E+00, 5.873886E-04 
-7.936576E+00, 4.741672E-05 
-1.940269E+00, 1.081053E-03 
-1.160597E+00, 9.463616E-04 
9.024222E+00, 1.750070E-05 
-6.254455E+00, 1.730588E-04 
6.776379E+00, 1.228306E-04 
-8.309307E+00, 6.095841E-05 
-5.269743E+00, 3.095161E-04 
8.760902E+00, 2.784207E-05 
1.157863E+00, 9.413948E-04 
-3.365663E+00, 9.192020E-04 
5.694885E+00, 2.527135E-04 
-6.359047E+00, 1.393391E-04 
2.948853E+00, 1.108239E-03 
5.295557E-01, 1.183699E-03 
1.951779E+00, 7.222679E-04 
3.794737E+00, 4.504586E-04 
5.265784E+00, 2.479146E-04 
6.525807E+00, 1.165771E-04 
7.207640E+00, 9.096988E-05 
-9.391178E+00, 1.054004E-05 
8.796202E+00, 1.302298E-05 
1.587459E+00, 1.019776E-03 
-5.512845E+00, 2.633766E-04 
-6.830350E+00, 9.306283E-05 
5.044898E+00, 2.183238E-04 
9.372079E+00, 9.977175E-06 
5.017372E+00, 4.133470E-04 
-2.300636E+00, 1.201399E-03 
1.588389E+00, 1.048261E-03 
5.827953E-01, 1.584960E-03 
5.120730E+00, 2.817440E-04 
-4.654083E+00, 4.557593E-04 
3.127724E+00, 7.624016E-04 
3.242813E+00, 4.706465E-04 
9.129585E+00, 2.570542E-05 
-5.774042E+00, 4.477831E-04 
-6.584292E-01, 1.317721E-03 
-5.105701E+00, 4.910227E-04 
1.102749E+01, 6.912184E-06 
-2.933134E+00, 6.276194E-04 
-3.097004E+00, 6.107474E-04 
4.452355E-01, 1.615661E-03 
-2.051258E+00, 8.815670E-04 
-7.825888E+00, 3.433339E-05 
-1.034114E+01, 1.261222E-05 
2.418349E+00, 1.313337E-03 
3.637249E+00, 5.731471E-04 
8.138448E+00, 3.468030E-05 
-9.659947E-01, 1.290299E-03 
1.663076E+00, 1.130869E-03 
4.558821E+00, 3.503278E-04 
9.387534E+00, 2.219922E-05 
1.007152E+00, 8.155141E-04 
8.543664E+00, 2.495014E-05 
-7.459927E+00, 9.372663E-05 
8.395980E+00, 4.117680E-05 
7.773274E+00, 9.982209E-05 
1.261662E+00, 9.245698E-04 
-2.828434E+00, 9.540493E-04 
-5.684966E+00, 3.901165E-04 
-2.646237E+00, 9.390605E-04 
7.293732E+00, 1.222781E-04 
-5.841383E+00, 3.143201E-04 
4.530446E+00, 3.402035E-04 
-5.258884E+00, 3.514043E-04 
3.446067E+00, 5.731471E-04 
-1.555509E+00, 1.166483E-03 
4.313284E+00, 5.054414E-04 
-9.864645E+00, 1.112067E-05 
-8.962947E+00, 3.021064E-05 
-2.501309E+00, 1.122926E-03 
7.128685E+00, 1.534029E-04 
7.067786E+00, 1.185689E-04 
-9.195806E+00, 1.720960E-05 
-8.090070E+00, 3.433339E-05 
-6.878210E+00, 7.581086E-05 
-8.437301E+00, 6.242025E-05 
6.115478E-01, 1.252677E-03 
8.091528E+00, 8.787897E-05 
1.298842E-01, 1.145570E-03 
1.398398E+00, 6.956552E-04 
1.074875E+01, 5.521170E-06 
8.170317E+00, 3.980849E-05 
-2.731294E+00, 6.823270E-04 
-2.384870E+00, 8.889125E-04 
-9.153617E+00, 1.396545E-05 
-8.459671E+00, 3.432589E-05 
4.385880E+00, 5.934823E-04 
-6.437559E+00, 1.346455E-04 
5.461994E+00, 3.428172E-04 
-5.496193E+00, 4.158302E-04 
2.211313E+00, 1.294190E-03 
1.181722E+01, 5.070604E-06 
-2.852528E+00, 8.002870E-04 
-4.926640E-01, 9.657223E-04 
6.393524E+00, 1.103332E-04 
6.499795E+00, 1.018091E-04 
-5.095472E+00, 3.898411E-04 
-5.239804E+00, 5.086409E-04 
6.956193E+00, 1.157123E-04 
7.766501E+00, 7.855166E-05 
1.334418E+00, 7.967814E-04 
4.695487E+00, 6.712210E-04 
2.871608E+00, 9.716157E-04 
-6.302192E+00, 2.142251E-04 
-4.096633E+00, 8.372114E-04 
7.903432E+00, 8.765581E-05 
-1.479965E-02, 1.002671E-03 
-1.863449E+00, 1.117960E-03 
-4.190021E-01, 1.296027E-03 
-2.849094E+00, 1.071468E-03 
-8.446988E+00, 3.681735E-05 
8.951577E+00, 2.927006E-05 
-1.769406E-01, 1.239989E-03 
4.945039E+00, 5.374748E-04 
3.053960E+00, 8.878075E-04 
1.061079E+01, 6.036650E-06 
-9.031068E+00, 4.384682E-05 
6.992241E+00, 6.843443E-05 
-7.791356E+00, 5.290334E-05 
-7.761166E+00, 7.063931E-05 
3.563187E+00, 8.597672E-04 
-9.206790E+00, 1.239965E-05 
6.197444E+00, 2.515763E-04 
6.108790E+00, 1.241355E-04 
-8.864304E+00, 1.922032E-05 
1.119941E+01, 5.668136E-06 
3.923315E+00, 4.747399E-04 
7.781026E+00, 1.011376E-04 
-1.811311E+00, 1.228097E-03 
-1.611394E+00, 1.176655E-03 
-6.564416E-01, 9.193335E-04 
-2.717812E+00, 9.956730E-04 
-3.723279E+00, 4.803968E-04 
3.002878E-01, 1.072072E-03 
-5.050958E+00, 3.268368E-04 
-9.877040E+00, 1.121107E-05 
-4.267694E+00, 5.616165E-04 
-2.853403E+00, 8.609024E-04 
-3.735152E+00, 6.275734E-04 
1.027473E+01, 9.158809E-06 
2.024459E+00, 1.195206E-03 
-1.130177E+01, 8.239598E-06 
-8.236346E-01, 1.230181E-03 
-3.318225E+00, 8.451428E-04 
4.360080E+00, 4.070999E-04 
-6.469940E+00, 1.494546E-04 
2.397135E+00, 8.591489E-04 
-5.293040E+00, 3.120866E-04 
5.684105E+00, 2.590516E-04 
-7.752437E+00, 5.456425E-05 
8.833606E+00, 2.236068E-05 
5.769550E+00, 2.895088E-04 
-6.219592E+00, 1.690502E-04 
3.636301E+00, 8.331189E-04 
5.606420E+00, 2.506267E-04 
9.984799E-01, 1.180868E-03 
3.968885E+00, 3.960551E-04 
1.560860E+00, 1.145941E-03 
6.079469E+00, 2.957926E-04 
-1.129838E+00, 8.824124E-04 
1.991981E+00, 1.061027E-03 
-5.047605E+00, 6.033237E-04 
7.726238E+00, 7.385753E-05 
4.452398E+00, 4.205777E-04 
-1.060006E+01, 9.706595E-06 
-1.087797E+01, 1.112161E-05 
9.518540E+00, 1.067489E-05 
-5.033326E+00, 2.639020E-04 
4.571589E+00, 3.439482E-04 
-4.586307E+00, 6.338888E-04 
-1.636077E+00, 1.210661E-03 
-8.563889E+00, 2.625692E-05 
-5.727331E+00, 3.074756E-04 
6.752558E+00, 1.790047E-04 
-9.894287E-01, 1.411600E-03 
-8.448678E+00, 3.100528E-05 
-2.539450E+00, 1.234458E-03 
-9.255054E+00, 1.823465E-05 
5.137179E+00, 3.939941E-04 
1.120236E+01, 6.036293E-06 
-3.161760E+00, 8.355418E-04 
-6.827062E+00, 1.342921E-04 
9.297741E+00, 1.035375E-05 
-6.769700E+00, 9.359107E-05 
1.791879E+00, 8.458294E-04 
-9.026505E-01, 1.251306E-03 
1.025349E+01, 9.039116E-06 
7.914371E+00, 6.777917E-05 
-8.101134E-01, 1.614968E-03 
1.441601E+01, 6.989601E-06 
1.560110E+00, 1.088663E-03 
4.965159E+00, 5.402988E-04 
-7.188495E+00, 1.018145E-04 
7.563840E+00, 3.242913E-05 
2.547997E+00, 7.800274E-04 
-7.024570E-01, 1.588640E-03 
5.489074E+00, 1.908787E-04 
-3.172812E+00, 5.959945E-04 
-5.284628E+00, 2.840450E-04 
8.126406E+00, 3.307072E-05 
3.968301E+00, 7.484827E-04 
5.480852E+00, 2.453609E-04 
3.348434E+00, 6.366153E-04 
-6.527287E-01, 9.047728E-04 
7.809897E+00, 6.808712E-05 
-6.593876E+00, 1.586194E-04 
6.805218E+00, 1.349079E-04 
-5.903107E+00, 2.125851E-04 
-4.738626E+00, 3.850590E-04 
1.027677E+01, 5.683031E-06 
-4.104314E+00, 9.729413E-04 
-2.061774E+00, 1.132882E-03 
-6.413574E+00, 1.605244E-04 
8.299764E+00, 1.679120E-05 
-2.193768E+00, 1.385910E-03 
2.567003E+00, 1.131977E-03 
2.012913E+00, 1.092429E-03 
8.149795E+00, 4.312196E-05 
7.120926E+00, 7.978631E-05 
3.743726E+00, 8.384308E-04 
2.081735E-01, 1.536432E-03 
2.324978E+00, 1.186401E-03 
-1.006466E+01, 1.281822E-05 
9.980983E+00, 1.063023E-05 
-3.565181E+00, 5.978924E-04 
-4.698183E+00, 6.673360E-04 
-5.342696E+00, 2.882673E-04 
-4.759036E+00, 2.990586E-04 
-1.089775E+01, 1.121107E-05 
1.341545E+00, 1.186401E-03 
-7.079043E-01, 9.902736E-04 
5.856247E+00, 9.762380E-05 
9.494997E+00, 1.568044E-05 
-3.687730E+00, 6.859928E-04 
-6.484654E+00, 1.448194E-04 
-1.501488E+00, 1.251418E-03 
1.174534E+00, 1.297065E-03 
5.360212E+00, 2.601910E-04 
-8.231453E+00, 1.832639E-05 
2.091243E+00, 6.894465E-04 
-4.603987E+00, 3.908398E-04 
2.523714E+00, 9.368255E-04 
1.078237E+01, 5.735785E-06 
-2.897870E+00, 8.096492E-04 
-5.616864E+00, 2.940882E-04 
4.659893E+00, 3.987582E-04 
3.446853E+00, 6.028076E-04 
-6.781247E+00, 1.413406E-04 
2.156335E+00, 1.282389E-03 
-4.729540E+00, 6.073583E-04 
-1.055989E+01, 1.115581E-05 
-5.976158E+00, 1.316194E-04 
5.253983E-01, 1.064716E-03 
-3.525961E+00, 6.026015E-04 
1.597759E+00, 1.238734E-03 
1.858166E+00, 8.363694E-04 
8.184178E+00, 2.420847E-05 
7.086832E+00, 1.086587E-04 
-6.030513E+00, 1.393391E-04 
-1.938787E+00, 1.504775E-03 
1.103346E+01, 8.674325E-06 
-4.111285E+00, 5.465310E-04 
2.846308E+00, 5.481455E-04 
8.292287E+00, 3.611084E-05 
5.546358E+00, 2.730494E-04 
4.430689E+00, 5.410725E-04 
-9.997003E+00, 1.664353E-05 
-6.617451E+00, 1.299143E-04 
-9.313787E+00, 1.462823E-05 
-8.509202E+00, 3.529366E-05 
-1.043989E+01, 9.777612E-06 
7.884026E+00, 2.868493E-05 
-1.154150E+00, 8.052706E-04 
-7.048447E+00, 7.751045E-05 
5.751698E+00, 2.308346E-04 
2.898915E+00, 5.372959E-04 
-1.069800E+01, 8.948487E-06 
5.745943E+00, 2.668000E-04 
8.720441E+00, 3.470579E-05 
7.219413E-01, 1.433389E-03 
6.026487E+00, 1.193636E-04 
-3.185313E+00, 7.675839E-04 
9.033146E+00, 1.190992E-05 
-2.839092E-01, 1.332885E-03 
8.796772E+00, 3.806945E-05 
5.702229E+00, 2.002143E-04 
3.658076E+00, 8.168951E-04 
-9.321849E+00, 1.526837E-05 
-1.136644E+01, 8.645639E-06 
5.969654E-01, 9.657223E-04 
-6.725160E+00, 1.765654E-04 
6.500752E+00, 1.040060E-04 
-9.795927E-02, 1.049112E-03 
2.773634E+00, 1.156571E-03 
8.496553E+00, 3.619205E-05 
-1.094441E+01, 9.676591E-06 
-1.208803E+00, 1.442640E-03 
9.732026E+00, 1.003297E-05 
-9.791393E+00, 1.887952E-05 
-9.261084E+00, 1.054533E-05 
-1.598716E+00, 9.093940E-04 
4.035281E+00, 4.725862E-04 
6.924233E+00, 1.654777E-04 
-5.690087E+00, 3.101912E-04 
-1.033522E+01, 7.812075E-06 
7.346773E+00, 1.347462E-04 
-6.065142E-01, 1.317483E-03 
-1.385080E+01, 1.190291E-05 
-7.189986E+00, 7.503146E-05 
-4.288345E+00, 4.583078E-04 
6.024558E+00, 1.018091E-04 
4.799662E+00, 4.089631E-04 
5.014644E+00, 3.818628E-04 
7.730830E+00, 4.237476E-05 
-1.014632E+01, 1.112067E-05 
-6.427641E+00, 1.412786E-04 
3.847537E+00, 6.277741E-04 
-9.056838E+00, 1.503621E-05 
5.866300E+00, 9.654009E-05 
-4.427656E+00, 5.136835E-04 
-7.703791E+00, 5.727733E-05 
3.908505E+00, 4.181398E-04 
3.744217E+00, 7.353828E-04 
8.141099E+00, 5.011636E-05 
-3.548202E+00, 7.136858E-04 
9.208994E+00, 2.083416E-05 
-8.946680E+00, 1.846315E-05 
-9.906823E+00, 1.321961E-05 
-9.789461E+00, 1.271546E-05 
6.325871E+00, 1.115830E-04 
5.007404E+00, 2.189108E-04 
6.855335E+00, 1.229243E-04 
1.149765E-01, 1.607025E-03 
-5.412251E+00, 3.121161E-04 
1.006969E+00, 1.044994E-03 
-1.015390E+01, 7.812075E-06 
-8.295907E+00, 4.511723E-05 
8.303393E-01, 1.124955E-03 
-5.912064E+00, 3.694605E-04 
-2.810493E+00, 8.761369E-04 
-6.813863E+00, 1.362234E-04 
6.494002E+00, 1.241355E-04 
1.623363E+00, 7.403750E-04 
4.082983E+00, 4.205777E-04 
5.009978E+00, 4.167404E-04 
-2.486482E+00, 1.104649E-03 
9.940196E+00, 7.022191E-06 
-6.315818E+00, 1.316194E-04 
1.062763E+01, 8.752810E-06 
5.401000E+00, 1.907476E-04 
8.888988E+00, 2.868493E-05 
-6.877021E+00, 1.739397E-04 
-1.040579E+01, 7.633100E-06 
-3.478747E+00, 7.485127E-04 
7.155552E+00, 1.039357E-04 
-2.784730E+00, 1.235306E-03 
7.268197E+00, 1.121312E-04 
-4.459132E-01, 1.088936E-03 
1.819262E-01, 1.257761E-03 
-5.551059E+00, 2.768663E-04 
-5.241174E+00, 4.284501E-04 
2.338226E+00, 8.004885E-04 
-9.160073E+00, 1.686180E-05 
-8.297192E+00, 3.529366E-05 
-4.080294E+00, 8.623302E-04 
-1.102559E+01, 8.069776E-06 
-3.913132E+00, 4.583078E-04 
2.406947E+00, 9.731938E-04 
-2.488296E+00, 1.453902E-03 
-1.102903E+00, 1.272165E-03 
3.462136E+00, 4.777666E-04 
-4.557557E+00, 5.326268E-04 
-6.362085E+00, 1.939696E-04 
-7.555292E+00, 3.995234E-05 
2.103536E+00, 8.873474E-04 
-4.326013E+00, 5.664130E-04 
9.028309E+00, 1.101551E-05 
8.262441E+00, 2.023064E-05 
3.827809E+00, 5.637294E-04 
1.048647E+00, 1.068132E-03 
4.403979E+00, 3.423937E-04 
-9.658638E+00, 1.596199E-05 
3.103946E+00, 7.390229E-04 
3.104192E-01, 1.534850E-03 
-1.078335E+00, 1.138494E-03 
4.648684E+00, 4.468214E-04 
9.825978E+00, 1.662224E-05 
5.725963E-01, 1.535578E-03 
2.236866E+00, 6.872920E-04 
6.531487E+00, 1.084060E-04 
1.014031E+01, 1.025635E-05 
-5.449281E+00, 3.926729E-04 
-1.530655E+00, 8.845000E-04 
-7.050443E+00, 7.063931E-05 
5.695687E+00, 1.934568E-04 
-4.997829E+00, 6.594492E-04 
3.244925E+00, 7.106778E-04 
1.518023E-01, 1.312488E-03 
4.127471E+00, 5.032015E-04 
4.211100E+00, 5.369142E-04 
-2.553938E+00, 7.829406E-04 
-3.040178E+00, 5.739273E-04 
-7.607023E+00, 9.515029E-05 
-1.247203E+00, 8.393498E-04 
1.598321E+00, 9.102905E-04 
3.800300E-01, 1.172625E-03 
4.235993E+00, 4.577857E-04 
2.086915E+00, 1.055986E-03 
-9.216146E+00, 1.574433E-05 
3.963613E+00, 5.436091E-04 
-3.319286E+00, 5.756416E-04 
7.356092E+00, 9.317936E-05 
5.482729E+00, 2.029172E-04 
2.751040E+00, 1.115387E-03 
1.965532E+00, 7.547177E-04 
-8.551545E+00, 3.826824E-05 
-1.060804E+01, 1.148411E-05 
7.761460E-01, 9.300586E-04 
6.570451E-01, 1.259712E-03 
-4.571050E+00, 5.072420E-04 
-7.518829E-01, 1.000460E-03 
-8.669672E+00, 4.572136E-05 
-8.563997E-01, 1.376432E-03 
-7.623225E+00, 8.511643E-05 
-5.869586E-01, 1.242369E-03 
2.580629E+00, 8.761832E-04 
-1.949137E+00, 8.748655E-04 
2.681805E-01, 1.081862E-03 
-1.026947E+01, 8.680647E-06 
-1.115077E+01, 8.574828E-06 
4.637762E+00, 6.012882E-04 
6.817449E-01, 1.242369E-03 
-1.141165E+00, 8.851978E-04 
1.031880E+01, 1.254871E-05 
6.877404E+00, 1.206269E-04 
5.913483E+00, 1.654777E-04 
-4.721255E+00, 4.214547E-04 
4.671045E-01, 1.597545E-03 
-9.215482E+00, 1.271546E-05 
-1.108723E+00, 1.038506E-03 
8.433813E+00, 3.273143E-05 
8.516792E+00, 1.535247E-05 
-2.211891E+00, 1.166416E-03 
8.384533E+00, 1.761799E-05 
-5.947134E+00, 3.046944E-04 
-1.033554E+01, 7.727263E-06 
8.300757E+00, 2.874563E-05 
-7.278989E+00, 6.845898E-05 
3.610172E+00, 7.975838E-04 
1.033248E+01, 5.277416E-06 
-7.048604E-01, 9.047728E-04 
-5.517841E+00, 4.511780E-04 
-4.647016E+00, 5.655501E-04 
-1.802047E+00, 8.985831E-04 
-5.385306E+00, 3.101912E-04 
4.977748E+00, 3.998826E-04 
-9.650753E+00, 1.616223E-05 
3.181890E+00, 7.338832E-04 
-5.275695E+00, 2.773964E-04 
3.068069E+00, 8.412294E-04 
-7.444721E+00, 6.657862E-05 
-1.525572E+00, 8.393498E-04 
-5.259551E+00, 2.869562E-04 
-2.340956E+00, 9.168154E-04 
-6.594669E+00, 8.133428E-05 
9.294085E+00, 1.730710E-05 
2.097629E+00, 6.958538E-04 
9.706524E+00, 1.622774E-05 
7.301150E+00, 1.167212E-04 
7.420688E+00, 6.702581E-05 
-4.957120E+00, 3.886911E-04 
6.347256E+00, 1.568862E-04 
-5.082284E+00, 3.531308E-04 
-6.369317E+00, 1.690502E-04 
7.842839E+00, 2.676916E-05 
5.200794E+00, 3.333242E-04 
1.013818E+00, 1.065843E-03 
6.248176E+00, 1.138573E-04 
-1.579875E+00, 1.093347E-03 
4.851259E-01, 1.431108E-03 
7.007040E+00, 1.371909E-04 
6.299921E+00, 2.047071E-04 
1.055337E+01, 7.905561E-06 
-6.069987E+00, 2.200376E-04 
-4.653050E+00, 6.322519E-04 
4.311178E+00, 5.917643E-04 
-3.076018E+00, 8.416577E-04 
-1.030084E+01, 7.828394E-06 
2.299295E+00, 9.404606E-04 
-3.605409E+00, 8.131599E-04 
7.126224E+00, 1.309467E-04 
9.100038E+00, 1.635516E-05 
-2.067114E+00, 1.318476E-03 
1.592793E+00, 1.303683E-03 
1.832184E+00, 1.197462E-03 
9.142760E+00, 1.061076E-05 
8.080766E-01, 1.420869E-03 
-8.295475E+00, 3.734293E-05 
8.032571E+00, 2.873271E-05 
-4.222082E-01, 9.814843E-04 
-2.276792E+00, 6.912542E-04 
1.800730E+00, 1.090539E-03 
3.648938E+00, 6.277741E-04 
1.038586E+01, 6.030831E-06 
-6.040327E-03, 1.710414E-03 
1.654277E+00, 7.500695E-04 
1.017340E+01, 5.851203E-06 
3.626465E+00, 5.007091E-04 
6.529733E+00, 1.573863E-04 
-8.482151E-01, 8.923615E-04 
4.463198E+00, 5.495375E-04 
6.868658E-01, 1.033587E-03 
-1.736374E+00, 9.192039E-04 
5.743520E+00, 2.661058E-04 
7.455033E+00, 8.525797E-05 
-9.306396E+00, 1.980722E-05 
-1.202531E+01, 7.135742E-06 
-1.034527E+01, 8.486883E-06 
-9.291217E+00, 1.890895E-05 
-7.975468E+00, 3.733413E-05 
-4.368387E+00, 5.899443E-04 
-5.028242E+00, 2.950239E-04 
-5.542495E+00, 2.940882E-04 
-5.087914E+00, 5.299131E-04 
5.768541E+00, 3.389165E-04 
-5.747188E+00, 2.633766E-04 
-9.886659E+00, 8.166768E-06 
9.311337E+00, 1.285271E-05 
-1.056123E+01, 6.491187E-06 
-8.763648E+00, 2.851979E-05 
-7.323910E+00, 7.581086E-05 
-7.410724E+00, 5.842718E-05 
-6.001433E+00, 1.973768E-04 
-6.320229E+00, 1.939696E-04 
8.073886E+00, 3.074255E-05 
-1.219380E+01, 6.491187E-06 
-9.768153E+00, 8.166768E-06 
9.174720E+00, 1.285271E-05 
-1.001485E+01, 6.488495E-06 
-7.097579E+00, 5.510337E-05 
-7.907944E+00, 5.183914E-05 
-6.222326E+00, 2.142251E-04 
-6.222324E+00, 1.798959E-04 
-6.083115E+00, 1.313038E-04 
-3.279272E+00, 7.070885E-04 
-2.945273E+00, 6.276194E-04 
-2.810998E+00, 6.019957E-04 
-3.089525E+00, 5.739273E-04 
-3.506382E+00, 5.269547E-04 
-3.721161E+00, 5.267273E-04 
-3.434054E+00, 5.148542E-04 
-3.750269E+00, 5.130879E-04 
-1.508963E+00, 8.587033E-04 
-1.343774E+00, 8.072721E-04 
2.598102E+00, 6.795891E-04 
2.079026E+00, 6.704376E-04 
2.985997E+00, 6.269823E-04 
3.268859E+00, 5.481455E-04 
5.624217E+00, 2.730494E-04 
5.448107E+00, 2.601910E-04 
8.268774E+00, 4.530050E-05 
9.136463E+00, 2.485010E-05 
9.115269E+00, 2.244143E-05 
9.082708E+00, 1.660374E-05 
9.251111E+00, 1.650693E-05 
9.030453E+00, 1.569958E-05 
9.040888E+00, 1.563167E-05 
