-1.288754E+00, 1.410414E-03 
9.359024E+00, 1.469677E-05 
7.912833E+00, 6.650763E-05 
1.303678E+00, 1.255114E-03 
9.912331E+00, 1.630904E-05 
8.591681E+00, 4.567266E-05 
2.870761E+00, 7.362764E-04 
-1.971124E-01, 1.119272E-03 
8.465890E+00, 1.833711E-05 
-1.626221E+00, 8.112100E-04 
9.289199E+00, 1.017345E-05 
-8.917275E+00, 2.393014E-05 
-6.700103E+00, 1.405620E-04 
2.914511E+00, 6.662431E-04 
1.499975E+00, 1.045965E-03 
-7.516324E+00, 6.240449E-05 
-4.105805E+00, 5.588228E-04 
-4.096909E+00, 5.749633E-04 
-1.169128E+01, 7.804183E-06 
-8.511139E+00, 4.398210E-05 
2.045678E+00, 9.734323E-04 
-3.511446E-01, 1.382210E-03 
-6.361480E+00, 1.505794E-04 
-6.429766E+00, 1.528421E-04 
2.180804E+00, 6.893174E-04 
-4.709615E+00, 4.480175E-04 
-7.865901E+00, 1.023668E-04 
-7.201616E+00, 8.424469E-05 
1.086437E+00, 7.381757E-04 
3.177956E+00, 5.984841E-04 
-7.969551E+00, 8.201049E-05 
-4.883792E+00, 5.061512E-04 
-3.669640E+00, 6.442336E-04 
2.398562E+00, 8.792132E-04 
-2.022361E+00, 8.112100E-04 
9.071557E+00, 2.853771E-05 
-1.618749E+00, 1.148130E-03 
-5.172014E+00, 2.240713E-04 
2.682997E+00, 5.928317E-04 
-4.734073E+00, 3.933108E-04 
1.298998E+00, 1.087275E-03 
-7.435636E+00, 1.327216E-04 
-7.758483E+00, 6.519347E-05 
4.811335E+00, 3.491529E-04 
6.278595E+00, 1.253293E-04 
4.899005E+00, 4.141177E-04 
-9.659790E+00, 1.688290E-05 
6.078710E+00, 3.667310E-04 
4.959993E+00, 3.649478E-04 
-6.089332E+00, 1.576942E-04 
-2.052438E+00, 1.236732E-03 
4.722359E+00, 2.680663E-04 
-6.892182E+00, 1.367917E-04 
4.272411E+00, 5.816602E-04 
-9.743017E+00, 9.745712E-06 
9.449046E+00, 1.123165E-05 
-2.152369E+00, 7.012203E-04 
-3.444806E+00, 7.171998E-04 
1.401751E+00, 7.035093E-04 
-2.447033E+00, 1.318684E-03 
4.360117E+00, 4.728656E-04 
-4.649946E+00, 4.547061E-04 
6.430974E+00, 1.348463E-04 
4.828891E+00, 2.424367E-04 
-3.187129E+00, 8.118109E-04 
-6.596453E+00, 1.312082E-04 
-1.665972E+00, 7.601859E-04 
-5.631473E+00, 1.576942E-04 
5.510962E+00, 4.032469E-04 
1.185465E-01, 1.183468E-03 
1.038230E+01, 1.046717E-05 
-6.924311E+00, 1.116654E-04 
4.814824E+00, 2.355175E-04 
3.876920E+00, 4.659593E-04 
-1.073927E+01, 7.393335E-06 
3.752479E+00, 5.800801E-04 
-3.500125E+00, 5.167028E-04 
1.084250E+00, 1.143801E-03 
8.184442E+00, 6.614673E-05 
-1.151693E+01, 6.279516E-06 
-2.850949E+00, 7.571170E-04 
-1.287779E+00, 1.037559E-03 
-8.831462E+00, 1.621816E-05 
-3.925804E+00, 4.649906E-04 
9.319673E-01, 1.318629E-03 
6.840862E+00, 1.618176E-04 
-1.908611E+00, 7.913978E-04 
3.005057E+00, 5.490553E-04 
-9.957882E-01, 1.146484E-03 
4.934822E-01, 1.305628E-03 
3.450092E+00, 5.501932E-04 
1.018980E+00, 1.892369E-03 
6.639634E+00, 1.723352E-04 
-1.026086E+01, 9.399401E-06 
4.503986E+00, 4.561555E-04 
3.225511E+00, 7.075282E-04 
-6.638021E+00, 1.735055E-04 
1.066247E+01, 1.016015E-05 
3.740467E+00, 5.985511E-04 
-3.404730E+00, 5.990544E-04 
9.567234E+00, 1.222334E-05 
-7.220844E+00, 7.733208E-05 
-5.736595E+00, 3.225956E-04 
6.581510E+00, 1.396203E-04 
7.915072E+00, 4.758555E-05 
4.404541E+00, 4.077811E-04 
6.467636E+00, 1.641369E-04 
1.765606E+00, 9.178049E-04 
-6.752690E+00, 1.425491E-04 
-3.081203E+00, 8.502933E-04 
1.813947E+00, 7.642463E-04 
1.723458E+00, 1.110767E-03 
-6.283652E+00, 1.579209E-04 
-6.949090E+00, 8.657401E-05 
-7.196654E+00, 1.409993E-04 
1.452108E+00, 9.287633E-04 
-5.764900E+00, 2.138294E-04 
2.687536E+00, 1.103112E-03 
-6.419665E+00, 1.362377E-04 
7.242197E+00, 5.865205E-05 
-7.110839E+00, 7.277789E-05 
-1.385163E+00, 8.168560E-04 
1.064963E+00, 9.349550E-04 
9.759217E+00, 1.234668E-05 
-1.902676E+00, 7.012203E-04 
1.648724E-01, 9.690274E-04 
-1.131636E+01, 6.942078E-06 
1.873601E+00, 6.831172E-04 
-5.563951E+00, 3.458021E-04 
-3.441327E+00, 4.422804E-04 
-7.212608E+00, 8.013144E-05 
-2.659883E+00, 7.156759E-04 
1.698015E+00, 1.101822E-03 
-4.622809E+00, 3.540697E-04 
4.965605E+00, 4.763638E-04 
-7.692212E+00, 8.452329E-05 
-5.165053E+00, 3.493092E-04 
9.335486E+00, 1.982163E-05 
-1.511332E+00, 1.050114E-03 
-8.106172E+00, 5.118341E-05 
-6.112542E+00, 1.060025E-04 
-1.875338E+00, 1.100561E-03 
-9.601131E+00, 1.183677E-05 
-1.525300E+00, 1.041954E-03 
9.270619E+00, 1.160440E-05 
8.012273E+00, 3.135071E-05 
8.464176E+00, 2.521943E-05 
-7.978063E+00, 7.545356E-05 
-3.352870E+00, 4.421225E-04 
4.570795E+00, 5.324825E-04 
-8.997398E+00, 1.391585E-05 
-2.873804E+00, 1.268366E-03 
-1.772193E-01, 1.463273E-03 
4.201645E+00, 3.702141E-04 
-5.759710E+00, 2.113206E-04 
6.836274E+00, 6.858835E-05 
-2.438998E+00, 6.985616E-04 
9.242393E+00, 1.614191E-05 
6.094423E-01, 1.964631E-03 
-9.585618E+00, 1.561569E-05 
1.340723E+01, 5.531850E-06 
3.961431E+00, 8.200835E-04 
-9.026352E+00, 2.063331E-05 
-4.863489E+00, 5.230578E-04 
-2.552574E+00, 8.217551E-04 
-9.466837E+00, 1.239830E-05 
-3.540049E+00, 6.578050E-04 
2.269385E+00, 9.210020E-04 
-2.336065E-02, 1.211683E-03 
-7.057312E+00, 1.077562E-04 
7.074054E+00, 6.674134E-05 
-6.767945E+00, 1.441965E-04 
-5.404371E+00, 4.273353E-04 
9.119927E+00, 1.715702E-05 
-7.704623E+00, 1.060015E-04 
8.164819E+00, 5.092109E-05 
5.409366E+00, 3.916142E-04 
1.179816E-01, 1.644462E-03 
-1.107031E+01, 7.257174E-06 
6.420017E+00, 1.494011E-04 
6.755299E+00, 1.435409E-04 
3.966053E+00, 5.988628E-04 
4.380983E+00, 4.561184E-04 
-9.238273E+00, 1.569131E-05 
-8.237213E+00, 3.742675E-05 
9.057385E+00, 1.691908E-05 
-9.686418E+00, 1.471333E-05 
1.045886E+00, 1.086511E-03 
5.255047E+00, 2.456317E-04 
7.521794E+00, 6.236483E-05 
-8.846736E+00, 1.958649E-05 
1.050948E+01, 9.249027E-06 
-1.170606E+00, 1.618107E-03 
-8.722785E+00, 3.352107E-05 
4.827962E+00, 5.601135E-04 
-9.776836E+00, 9.963101E-06 
-5.755200E+00, 3.079792E-04 
-1.723743E+00, 1.127639E-03 
2.363980E+00, 1.098914E-03 
-6.220644E+00, 1.768288E-04 
2.045320E-02, 9.760135E-04 
-2.990999E+00, 1.144621E-03 
5.326339E+00, 4.610865E-04 
-1.766096E+00, 1.111846E-03 
-3.886702E+00, 5.663988E-04 
8.063607E+00, 6.296677E-05 
-4.820016E+00, 2.742712E-04 
-1.290909E+01, 1.152416E-05 
-3.861835E+00, 6.505105E-04 
3.156645E+00, 6.085769E-04 
-4.936378E+00, 5.538517E-04 
1.193154E+00, 1.153849E-03 
-8.864818E+00, 1.242279E-05 
-4.065170E+00, 5.508808E-04 
1.098243E+01, 7.224388E-06 
-5.241364E+00, 1.996601E-04 
3.110313E+00, 1.001670E-03 
-1.159811E+01, 7.284655E-06 
-4.548991E+00, 5.350380E-04 
7.951328E+00, 3.346991E-05 
-2.154543E+00, 1.007383E-03 
7.923394E+00, 7.796934E-05 
-6.103631E-01, 1.196596E-03 
2.598295E+00, 1.048603E-03 
9.610903E+00, 7.047250E-06 
1.024989E+01, 7.759971E-06 
-9.436269E-01, 1.508360E-03 
3.767552E+00, 7.312886E-04 
-3.936013E+00, 5.785250E-04 
-6.446172E+00, 1.164665E-04 
-4.210954E+00, 3.941154E-04 
7.025463E+00, 1.906943E-04 
-3.115948E+00, 1.220909E-03 
1.033743E+01, 9.279896E-06 
8.435709E+00, 3.781591E-05 
8.215442E+00, 3.490534E-05 
-9.228062E+00, 2.020506E-05 
1.042341E+01, 5.919356E-06 
3.505798E+00, 4.366633E-04 
-9.100254E+00, 1.220756E-05 
-1.281889E+00, 8.101082E-04 
-7.675387E+00, 1.405113E-04 
-7.400086E+00, 8.769813E-05 
8.601368E+00, 3.135071E-05 
1.132618E+01, 6.593327E-06 
5.281174E+00, 3.979102E-04 
-4.222530E+00, 6.124595E-04 
-5.728424E+00, 1.684894E-04 
3.110595E-01, 1.045452E-03 
8.612358E+00, 2.884468E-05 
5.639861E+00, 3.294303E-04 
-6.405347E-01, 1.713740E-03 
3.373700E+00, 6.151403E-04 
7.380167E+00, 4.312947E-05 
-5.992310E+00, 1.414315E-04 
-1.019655E+01, 9.372524E-06 
-6.086317E+00, 1.138507E-04 
-6.163771E+00, 2.756217E-04 
-1.052382E+00, 1.584169E-03 
6.189695E+00, 2.143515E-04 
1.374557E+00, 6.977988E-04 
-8.716143E+00, 2.489419E-05 
-3.112593E+00, 4.354694E-04 
1.026766E+01, 8.425793E-06 
-5.389386E+00, 3.405913E-04 
-1.260193E+00, 1.025947E-03 
-9.415683E+00, 1.067020E-05 
-4.023727E+00, 5.809203E-04 
-9.917054E-01, 1.497251E-03 
-4.091216E+00, 4.404612E-04 
3.622497E+00, 4.819545E-04 
4.361699E+00, 5.292600E-04 
-5.831181E+00, 2.742712E-04 
-1.847741E+00, 1.404093E-03 
-7.076003E+00, 6.648810E-05 
5.583616E+00, 4.077811E-04 
1.055930E+01, 8.026962E-06 
-9.377565E+00, 1.474771E-05 
9.539197E+00, 1.222334E-05 
3.969875E+00, 3.735405E-04 
-7.337671E+00, 1.232566E-04 
2.853486E+00, 1.103404E-03 
-1.755837E+00, 1.210873E-03 
5.683032E+00, 2.515500E-04 
2.523444E+00, 6.596732E-04 
1.835531E+00, 1.010260E-03 
4.246527E+00, 3.626203E-04 
-7.998284E+00, 6.097128E-05 
-1.012811E+00, 1.007479E-03 
-6.140469E+00, 1.890590E-04 
8.864278E+00, 4.956991E-05 
-5.660307E+00, 2.863998E-04 
4.888748E+00, 5.140571E-04 
-6.876928E-01, 9.251131E-04 
-7.140579E+00, 1.080272E-04 
5.838478E+00, 3.648932E-04 
-4.677472E+00, 4.286311E-04 
1.157726E+01, 9.308651E-06 
3.334238E+00, 9.911642E-04 
1.046988E+01, 1.056102E-05 
1.247429E+00, 9.790577E-04 
-1.648232E+00, 1.002228E-03 
-3.486184E+00, 5.076718E-04 
9.875073E+00, 6.590258E-06 
1.005777E+01, 8.214812E-06 
1.006287E+01, 1.039991E-05 
-2.773965E-01, 9.064804E-04 
-1.101103E+01, 9.355962E-06 
-1.644105E+00, 1.526393E-03 
7.772983E+00, 6.089761E-05 
-2.967016E+00, 7.868621E-04 
6.785557E+00, 1.018422E-04 
4.925850E+00, 3.295220E-04 
3.380087E+00, 7.686872E-04 
4.585981E+00, 2.106437E-04 
6.140709E-01, 1.278611E-03 
-1.887592E+00, 1.020533E-03 
-6.233333E+00, 2.469276E-04 
-2.896462E+00, 1.282339E-03 
6.649442E+00, 1.664775E-04 
-2.707146E-01, 1.217102E-03 
-5.443865E+00, 2.418347E-04 
-1.089887E+01, 7.730279E-06 
-7.299002E+00, 9.376467E-05 
-1.366430E+00, 1.217041E-03 
-7.363640E+00, 6.096016E-05 
-7.916121E+00, 5.011364E-05 
-5.796936E+00, 3.131572E-04 
-1.026156E+01, 6.443369E-06 
6.127781E-01, 1.788551E-03 
-1.041135E+00, 1.198809E-03 
-5.890334E-01, 1.743755E-03 
9.201617E+00, 2.714019E-05 
8.371135E-01, 1.667165E-03 
-2.915334E+00, 5.961705E-04 
9.303893E+00, 1.400053E-05 
-2.006214E-02, 1.526726E-03 
6.267906E+00, 1.610568E-04 
-6.257336E+00, 2.590692E-04 
3.548705E+00, 5.644821E-04 
4.674768E+00, 6.120195E-04 
-5.333117E+00, 3.821837E-04 
-8.225229E+00, 5.120071E-05 
-9.200408E+00, 1.387753E-05 
2.612431E+00, 1.015513E-03 
-6.468430E+00, 1.352117E-04 
-5.255340E+00, 3.458021E-04 
5.249112E+00, 2.732209E-04 
1.490392E+00, 1.365264E-03 
5.416413E+00, 2.774408E-04 
8.018439E+00, 2.540080E-05 
-2.699872E+00, 1.065950E-03 
9.504227E+00, 1.708570E-05 
-5.946445E-01, 1.027156E-03 
6.064798E+00, 1.447343E-04 
1.135890E+00, 8.776194E-04 
-7.286792E+00, 1.299242E-04 
2.215070E+00, 7.207157E-04 
6.658201E+00, 1.782225E-04 
4.141473E+00, 6.373944E-04 
6.581144E+00, 1.729787E-04 
6.750453E+00, 1.679637E-04 
7.572355E+00, 8.185521E-05 
9.865038E+00, 1.286378E-05 
7.145649E-01, 1.385779E-03 
3.452337E+00, 5.631444E-04 
-3.512481E+00, 6.083812E-04 
3.022770E+00, 1.097533E-03 
-9.853252E+00, 1.619540E-05 
8.490704E-01, 1.575765E-03 
-8.302973E+00, 3.801659E-05 
-2.363045E+00, 8.336035E-04 
6.614532E+00, 1.456698E-04 
6.258744E+00, 1.767351E-04 
6.906534E-01, 1.705314E-03 
9.546048E+00, 1.988193E-05 
-1.389632E+00, 1.242765E-03 
5.377907E+00, 2.882509E-04 
2.087644E+00, 7.497580E-04 
9.719641E+00, 1.699332E-05 
-2.098230E+00, 7.810212E-04 
-2.498863E+00, 1.083637E-03 
8.798926E+00, 1.548257E-05 
-8.574022E+00, 7.819655E-05 
9.647230E+00, 2.406785E-05 
-1.143900E+01, 9.756624E-06 
2.153490E-02, 1.292345E-03 
6.505683E+00, 2.372808E-04 
2.818686E+00, 7.128403E-04 
9.339768E+00, 2.556930E-05 
-1.882613E+00, 6.803711E-04 
-7.407121E+00, 8.698430E-05 
9.004408E+00, 4.773598E-05 
2.416937E-02, 1.183468E-03 
3.741564E+00, 5.418687E-04 
-4.880064E+00, 5.995504E-04 
1.843083E-02, 1.713987E-03 
2.258543E+00, 7.637901E-04 
-8.977673E+00, 1.242279E-05 
9.025382E+00, 4.414274E-05 
-4.517290E+00, 5.242172E-04 
-1.636098E-01, 1.388456E-03 
-5.550614E-01, 1.234264E-03 
3.419369E-01, 1.269824E-03 
-5.089725E+00, 3.665398E-04 
9.808009E-01, 8.666852E-04 
-1.097070E+01, 8.486731E-06 
1.046059E+01, 7.832608E-06 
7.746677E+00, 6.582324E-05 
-9.193286E+00, 1.628219E-05 
1.065840E+01, 5.615824E-06 
-1.040999E+01, 8.333940E-06 
5.669309E+00, 3.581700E-04 
-1.568791E+00, 1.112341E-03 
-9.890906E+00, 7.359422E-06 
-4.461668E+00, 5.428013E-04 
9.996001E+00, 1.490224E-05 
-8.262710E+00, 3.612241E-05 
-7.994887E+00, 3.361360E-05 
3.895243E-01, 1.601901E-03 
-2.281191E+00, 7.879828E-04 
4.707421E+00, 3.882854E-04 
8.609275E+00, 3.926707E-05 
-2.660915E-01, 1.187141E-03 
2.397618E+00, 7.725007E-04 
4.316505E+00, 5.172336E-04 
-9.765179E+00, 1.932135E-05 
1.301324E+01, 9.921266E-06 
3.680967E+00, 6.710476E-04 
-6.494830E+00, 1.457932E-04 
-3.667442E+00, 5.454669E-04 
7.792214E+00, 9.629539E-05 
1.008795E+01, 1.120051E-05 
-3.418044E+00, 8.497810E-04 
-8.876073E-01, 9.218979E-04 
-5.367623E+00, 2.938926E-04 
4.068343E+00, 4.248976E-04 
-9.379049E+00, 1.239830E-05 
1.233325E+01, 1.090358E-05 
-1.020457E+01, 8.584043E-06 
-9.638327E-01, 1.348319E-03 
-1.137794E+01, 7.220685E-06 
-4.605579E+00, 5.679387E-04 
4.378824E+00, 4.904840E-04 
-4.736710E+00, 3.793882E-04 
-3.606211E-01, 1.462751E-03 
-1.044637E+00, 1.081984E-03 
-6.086217E+00, 1.712397E-04 
-4.422981E+00, 6.218581E-04 
3.957465E-01, 1.160007E-03 
6.918021E+00, 2.007567E-04 
-4.216796E+00, 4.768819E-04 
-3.706444E-01, 1.435543E-03 
9.998016E+00, 8.026962E-06 
-9.128983E+00, 1.387753E-05 
5.505176E+00, 3.796258E-04 
1.040730E+01, 5.618426E-06 
-1.761621E+00, 1.136308E-03 
2.282045E+00, 9.972295E-04 
8.010709E+00, 4.567266E-05 
-8.572754E+00, 3.123149E-05 
9.665590E+00, 2.179867E-05 
1.054995E+01, 7.441464E-06 
3.287751E+00, 4.332950E-04 
-5.166025E+00, 5.687578E-04 
-9.169079E-01, 1.131691E-03 
-7.962326E+00, 6.063044E-05 
5.032202E+00, 2.325272E-04 
4.280087E+00, 4.772169E-04 
-6.072777E+00, 1.905262E-04 
1.333249E+00, 9.336071E-04 
3.958754E-01, 1.188931E-03 
7.941717E+00, 2.996100E-05 
-8.584618E+00, 4.189397E-05 
-9.450545E+00, 1.313372E-05 
-1.991940E+00, 1.228716E-03 
7.848825E+00, 5.581880E-05 
8.286977E+00, 3.477645E-05 
4.636433E+00, 3.684724E-04 
-1.045364E+01, 1.163887E-05 
7.686434E+00, 1.270401E-04 
-8.486187E+00, 6.363051E-05 
-6.493987E+00, 1.297527E-04 
4.240229E+00, 5.280032E-04 
-1.020785E+00, 1.011204E-03 
-3.329474E+00, 1.101841E-03 
-2.463893E+00, 8.038298E-04 
-3.690466E+00, 5.307474E-04 
-2.825370E+00, 7.449157E-04 
5.281401E-01, 1.268383E-03 
7.517654E+00, 8.255154E-05 
5.619462E+00, 2.911257E-04 
-3.311620E+00, 5.700872E-04 
1.288119E+00, 1.158160E-03 
-5.532031E+00, 2.281260E-04 
5.153896E+00, 3.575621E-04 
-2.990785E+00, 1.159877E-03 
-5.948106E+00, 1.414315E-04 
9.776403E+00, 1.142148E-05 
-3.245209E+00, 5.674175E-04 
-5.424910E+00, 3.202973E-04 
9.647092E+00, 1.016015E-05 
-6.446466E+00, 1.623901E-04 
5.916855E+00, 2.415106E-04 
-8.150822E+00, 5.305085E-05 
6.196701E+00, 2.230823E-04 
1.059309E+00, 9.663582E-04 
9.739281E-01, 1.177403E-03 
-3.509490E-01, 1.642606E-03 
7.093601E+00, 7.233773E-05 
8.324873E+00, 3.323490E-05 
9.609373E+00, 1.712415E-05 
-9.614494E-01, 1.025947E-03 
5.162804E+00, 4.206306E-04 
-3.209448E+00, 7.270390E-04 
-3.859362E+00, 6.117471E-04 
-1.025423E+01, 8.727496E-06 
-1.564491E+00, 1.290343E-03 
-3.408915E-01, 1.471006E-03 
-6.202746E+00, 2.516898E-04 
8.924613E+00, 2.049319E-05 
4.886563E+00, 3.831821E-04 
-2.732805E+00, 7.590609E-04 
1.781558E+00, 6.743604E-04 
7.630337E+00, 1.127617E-04 
-8.467468E+00, 3.153444E-05 
-1.231557E-01, 1.113185E-03 
-3.959192E+00, 5.585662E-04 
-1.582322E+00, 1.567293E-03 
-9.208241E+00, 1.353873E-05 
-5.741941E+00, 2.967782E-04 
-9.416401E+00, 1.798076E-05 
-5.277817E-01, 1.177944E-03 
-4.562643E+00, 4.886304E-04 
-1.026057E+01, 6.473982E-06 
-2.222587E+00, 8.867087E-04 
-3.288221E+00, 4.818305E-04 
-2.514936E+00, 1.308935E-03 
-1.098689E+01, 6.196018E-06 
4.166481E+00, 3.859680E-04 
2.736786E+00, 9.136630E-04 
-8.246441E+00, 6.884563E-05 
2.204098E+00, 7.703299E-04 
-6.998305E+00, 1.405257E-04 
-3.657064E+00, 6.896250E-04 
-1.001599E+01, 9.881775E-06 
-1.207025E+01, 1.142195E-05 
3.690266E+00, 4.939904E-04 
6.571279E+00, 1.425514E-04 
3.596138E+00, 8.363863E-04 
-4.541764E+00, 4.546471E-04 
-4.218653E+00, 3.269883E-04 
-1.045481E+01, 8.242723E-06 
-7.004165E+00, 1.023668E-04 
6.654848E+00, 1.025342E-04 
4.010443E+00, 5.334800E-04 
-8.720659E+00, 2.234434E-05 
3.646401E+00, 7.015832E-04 
1.180127E+00, 7.746813E-04 
6.353458E+00, 1.330490E-04 
3.311105E+00, 6.351525E-04 
8.263959E+00, 2.632324E-05 
6.186385E+00, 1.351336E-04 
-9.805857E+00, 1.573357E-05 
-1.650502E+00, 9.674894E-04 
-1.111347E+01, 9.025262E-06 
-4.242000E+00, 3.314161E-04 
-5.103070E+00, 2.087745E-04 
1.362363E-01, 1.528167E-03 
-9.828998E+00, 1.336522E-05 
4.558789E+00, 6.427165E-04 
-8.541810E+00, 2.309800E-05 
-1.014685E+01, 1.142716E-05 
1.817283E+00, 1.275436E-03 
7.113209E+00, 1.221567E-04 
-1.730111E+00, 8.503859E-04 
-8.940201E+00, 1.395919E-05 
-7.437064E+00, 1.080272E-04 
-7.735894E+00, 7.743329E-05 
-5.747301E+00, 1.323072E-04 
-6.141961E+00, 1.985941E-04 
-4.054257E+00, 5.111431E-04 
1.739393E+00, 1.317306E-03 
2.805725E+00, 6.605171E-04 
-5.073256E+00, 2.306783E-04 
-7.275724E+00, 2.065384E-04 
-1.429905E+00, 1.300625E-03 
-8.219575E+00, 2.923301E-05 
-5.026219E+00, 3.727996E-04 
2.989230E+00, 4.686168E-04 
3.796998E-01, 1.054665E-03 
-5.985939E-01, 1.517902E-03 
-5.144232E+00, 2.682379E-04 
-1.575704E+00, 1.196596E-03 
-8.045049E+00, 1.563549E-05 
3.152459E+00, 1.173929E-03 
1.033495E+01, 1.211858E-05 
-2.144242E+00, 9.915591E-04 
1.191804E+01, 9.887918E-06 
7.397371E+00, 8.838827E-05 
9.991840E+00, 2.947091E-05 
7.056735E+00, 6.674134E-05 
-8.296562E+00, 3.215094E-05 
2.630236E+00, 6.838092E-04 
8.047777E+00, 3.097885E-05 
3.763813E+00, 7.244136E-04 
7.723480E+00, 6.487371E-05 
-1.105715E+01, 9.372524E-06 
6.718743E+00, 1.168526E-04 
6.387117E+00, 1.685351E-04 
3.247127E+00, 8.108877E-04 
9.238409E+00, 1.934302E-05 
2.239234E+00, 1.109436E-03 
-9.333892E+00, 1.573356E-05 
8.631235E+00, 3.269581E-05 
8.883516E+00, 1.509423E-05 
4.781054E+00, 5.639866E-04 
4.091454E+00, 5.863269E-04 
-6.266502E+00, 1.445550E-04 
5.560797E+00, 3.980667E-04 
4.997822E+00, 2.473544E-04 
-2.220664E+00, 8.148764E-04 
4.287627E+00, 3.969059E-04 
1.317289E+00, 1.107851E-03 
-1.306806E-01, 9.179433E-04 
3.748333E+00, 5.918099E-04 
-9.409937E+00, 2.000658E-05 
5.783748E+00, 2.837130E-04 
-6.090042E+00, 1.658486E-04 
-8.811952E+00, 1.425882E-05 
-6.153469E-01, 1.747079E-03 
1.476702E+00, 7.064290E-04 
6.771174E+00, 1.460031E-04 
4.908893E+00, 5.808189E-04 
-4.253866E+00, 4.977458E-04 
4.844972E+00, 3.815888E-04 
2.216045E+00, 6.811755E-04 
5.885724E+00, 2.215860E-04 
1.399253E+00, 9.490004E-04 
9.574000E+00, 2.132562E-05 
5.044625E+00, 2.920685E-04 
-1.542898E+00, 8.062725E-04 
6.320312E+00, 2.255459E-04 
8.606161E+00, 3.039927E-05 
-4.191505E-01, 1.670145E-03 
-9.665732E+00, 1.409066E-05 
-4.696528E+00, 3.359460E-04 
-1.074440E+01, 9.025262E-06 
-1.039631E+01, 6.443369E-06 
-1.799534E+00, 1.493292E-03 
-1.179032E+01, 7.284655E-06 
1.914125E+00, 7.010062E-04 
-1.211202E+01, 8.797074E-06 
1.011498E+01, 6.590258E-06 
2.347824E+00, 6.846023E-04 
1.192925E+01, 1.082107E-05 
2.011484E+00, 8.946111E-04 
5.592606E-01, 1.856565E-03 
1.057878E+01, 7.925188E-06 
-8.589355E+00, 3.375313E-05 
1.076419E+01, 9.399280E-06 
7.183906E+00, 7.182910E-05 
5.174954E+00, 3.097256E-04 
4.350412E+00, 5.615583E-04 
-3.467264E+00, 8.098632E-04 
1.420453E+01, 1.031246E-05 
-9.781494E+00, 1.958649E-05 
8.213087E+00, 2.977220E-05 
2.271807E+00, 9.095467E-04 
-9.219542E+00, 1.596237E-05 
4.804034E+00, 3.702141E-04 
-7.317726E+00, 7.277789E-05 
9.737438E+00, 2.839337E-05 
-8.893206E+00, 2.121238E-05 
-4.798717E+00, 2.942076E-04 
1.498795E+00, 8.549148E-04 
-1.622824E+00, 8.609523E-04 
2.083648E+00, 6.258355E-04 
3.211590E+00, 7.672064E-04 
6.633359E+00, 1.644327E-04 
2.422429E+00, 1.126782E-03 
-9.508562E+00, 1.281178E-05 
4.004079E+00, 5.235034E-04 
-1.781777E+00, 1.268302E-03 
8.793510E+00, 2.226524E-05 
-4.188788E+00, 6.449003E-04 
-8.513598E+00, 6.068777E-05 
-5.007643E+00, 3.898893E-04 
-1.004020E+01, 8.158370E-06 
2.359057E+00, 8.991006E-04 
-5.513470E+00, 2.487406E-04 
6.968151E+00, 1.219218E-04 
-8.646419E+00, 3.549188E-05 
5.280812E+00, 4.583357E-04 
1.107342E+01, 7.846943E-06 
-9.531295E+00, 1.633682E-05 
-3.913489E+00, 4.855034E-04 
3.399932E+00, 4.295591E-04 
-9.379841E+00, 1.846582E-05 
1.530544E+00, 8.976990E-04 
8.985911E+00, 1.597677E-05 
3.577930E+00, 4.295591E-04 
3.404896E+00, 5.675836E-04 
8.410113E+00, 4.414274E-05 
4.529086E+00, 3.994426E-04 
-5.473332E-01, 9.333133E-04 
1.084671E+01, 6.135257E-06 
-6.500474E+00, 2.019317E-04 
7.893758E+00, 5.308168E-05 
7.438195E+00, 1.131578E-04 
-6.782565E+00, 1.935234E-04 
-7.805485E+00, 9.263927E-05 
4.104791E+00, 4.356583E-04 
1.257522E+00, 8.132873E-04 
6.574631E+00, 2.130852E-04 
1.001101E+01, 2.178293E-05 
-8.763162E+00, 3.612241E-05 
-2.758446E+00, 9.910745E-04 
-1.190281E+01, 6.362837E-06 
-6.334863E+00, 1.351989E-04 
3.109685E+00, 4.728656E-04 
-9.225786E+00, 1.366601E-05 
7.161156E+00, 6.139790E-05 
-7.633418E+00, 1.023668E-04 
7.922279E+00, 2.728763E-05 
-6.751940E+00, 1.496100E-04 
2.693720E+00, 7.957131E-04 
-1.404106E+00, 9.573140E-04 
-1.091130E-01, 1.321167E-03 
7.384465E+00, 7.030067E-05 
1.434779E+00, 8.976990E-04 
-1.364079E+00, 1.387054E-03 
-1.179458E+00, 1.561688E-03 
7.776666E+00, 4.758555E-05 
9.920845E+00, 7.726194E-06 
-5.805314E+00, 2.032466E-04 
2.777016E+00, 7.867581E-04 
-7.729410E+00, 7.934867E-05 
5.536201E+00, 2.629100E-04 
5.112632E-01, 1.821656E-03 
1.650719E+00, 1.262642E-03 
-3.539029E+00, 4.624163E-04 
2.416515E+00, 1.153513E-03 
9.069152E+00, 1.167027E-05 
-1.163736E+01, 6.279516E-06 
-4.766952E+00, 4.096559E-04 
-7.740400E-02, 1.510339E-03 
6.211379E+00, 2.339879E-04 
3.282430E+00, 4.458060E-04 
9.071299E+00, 1.614191E-05 
-6.336983E+00, 1.926156E-04 
-2.490198E+00, 8.169386E-04 
-5.497424E+00, 3.043408E-04 
-1.206557E+00, 1.526744E-03 
8.794339E+00, 2.575978E-05 
1.635755E+00, 1.132121E-03 
-2.884458E+00, 8.730157E-04 
-6.070123E+00, 1.449118E-04 
1.271511E-01, 1.335226E-03 
2.231031E+00, 7.859664E-04 
4.679494E+00, 6.042386E-04 
-3.291739E+00, 5.924619E-04 
3.607941E+00, 4.450234E-04 
-1.202562E+01, 1.076904E-05 
5.553794E+00, 2.783109E-04 
-5.127846E+00, 2.859775E-04 
1.000881E+01, 1.200079E-05 
3.899360E+00, 5.369945E-04 
5.091145E+00, 3.633650E-04 
-3.826198E+00, 3.941154E-04 
5.282913E+00, 3.874146E-04 
4.981150E+00, 4.118548E-04 
9.117705E+00, 1.289959E-05 
-1.439222E-01, 1.465876E-03 
3.275668E-01, 1.157795E-03 
-2.959284E+00, 7.330311E-04 
-7.743214E+00, 1.108619E-04 
-8.645960E+00, 1.474771E-05 
-1.292232E+01, 6.049720E-06 
-7.725115E+00, 6.918392E-05 
3.773765E+00, 8.063034E-04 
-9.149442E+00, 1.363420E-05 
-9.563914E+00, 1.400253E-05 
7.352440E+00, 6.238442E-05 
7.068362E+00, 7.030067E-05 
3.515503E+00, 4.971737E-04 
8.647900E+00, 3.200163E-05 
4.754225E+00, 4.893507E-04 
1.119395E+01, 5.531850E-06 
-6.048152E+00, 2.479317E-04 
-3.459942E+00, 5.637063E-04 
-1.920746E+00, 1.486822E-03 
-4.719015E-01, 1.581119E-03 
-8.462440E+00, 4.001317E-05 
-2.887770E+00, 6.638252E-04 
-2.004556E+00, 9.618489E-04 
8.555551E+00, 3.096514E-05 
6.391458E+00, 1.351336E-04 
-5.975676E+00, 2.771925E-04 
6.581294E+00, 1.460031E-04 
9.211217E+00, 2.919742E-05 
7.319871E+00, 5.361958E-05 
-8.070371E+00, 2.830198E-05 
-9.998244E-01, 1.381486E-03 
1.000716E+01, 1.614580E-05 
9.963288E+00, 8.155475E-06 
7.194067E+00, 5.573379E-05 
-6.861768E+00, 7.731896E-05 
-7.061823E+00, 1.146898E-04 
-1.103399E+01, 8.642251E-06 
-5.115080E-01, 1.394785E-03 
8.149012E+00, 5.223787E-05 
6.603460E+00, 2.393673E-04 
-9.598118E+00, 1.806353E-05 
2.787979E+00, 1.051198E-03 
8.167074E+00, 2.536383E-05 
7.645697E+00, 1.134816E-04 
4.137108E+00, 3.891777E-04 
3.529083E+00, 4.765684E-04 
6.239691E+00, 1.541602E-04 
2.011431E+00, 8.567702E-04 
4.047155E+00, 5.042372E-04 
1.250886E+01, 7.386149E-06 
1.028144E+01, 7.468131E-06 
-6.074030E-01, 1.524681E-03 
-2.170573E+00, 1.045137E-03 
3.369750E+00, 5.490553E-04 
-8.409852E+00, 1.806353E-05 
2.099202E+00, 8.223429E-04 
-7.611023E+00, 6.363051E-05 
6.179898E+00, 1.023505E-04 
5.444384E+00, 2.909711E-04 
1.138742E+01, 7.259818E-06 
-1.032120E+01, 8.153375E-06 
8.209707E+00, 3.808303E-05 
6.789539E+00, 2.180788E-04 
-5.271934E+00, 1.996601E-04 
5.533166E+00, 3.246904E-04 
6.937616E+00, 1.396886E-04 
-1.216775E+01, 1.145776E-05 
-2.772739E+00, 7.878524E-04 
-1.035810E+01, 6.639181E-06 
1.727073E+00, 1.003274E-03 
-3.558745E+00, 6.123275E-04 
8.098968E-01, 1.824252E-03 
-1.075521E+01, 6.559450E-06 
1.613380E+00, 1.204627E-03 
-8.549138E+00, 2.751190E-05 
-5.591407E-01, 1.168056E-03 
-4.734801E+00, 5.878357E-04 
7.061600E+00, 6.858835E-05 
-6.625522E+00, 1.138894E-04 
8.402481E+00, 3.072716E-05 
4.537477E+00, 3.407223E-04 
8.880360E+00, 1.721411E-05 
-3.559082E-01, 1.057390E-03 
4.305233E-01, 1.594405E-03 
1.409050E+00, 1.196273E-03 
1.421133E+00, 7.010062E-04 
-1.006807E+01, 8.071635E-06 
-2.869550E+00, 9.952037E-04 
-9.925218E+00, 6.405891E-06 
-5.027914E+00, 5.105771E-04 
2.239477E+00, 7.781514E-04 
-1.968388E+00, 1.127413E-03 
-3.293848E+00, 5.701328E-04 
-1.410896E+00, 1.133403E-03 
4.047419E+00, 3.361504E-04 
-9.092688E+00, 1.186994E-05 
-4.672062E+00, 4.155228E-04 
5.406242E+00, 3.231816E-04 
-4.013482E+00, 6.345927E-04 
3.849950E+00, 7.561542E-04 
5.334636E+00, 2.354019E-04 
-7.721002E+00, 6.759946E-05 
3.186547E+00, 5.387193E-04 
5.110076E+00, 3.472918E-04 
-4.025025E+00, 4.649906E-04 
2.381388E+00, 6.411985E-04 
-1.980222E-01, 1.037020E-03 
4.745303E-01, 1.107851E-03 
1.135296E+00, 1.389441E-03 
-1.031519E+01, 1.113760E-05 
-7.639718E+00, 7.733208E-05 
1.929275E+00, 1.074481E-03 
4.547348E+00, 3.446216E-04 
-1.557922E+00, 1.602882E-03 
-7.623006E-02, 9.303976E-04 
-1.337942E+01, 8.027897E-06 
-9.646828E+00, 1.004414E-05 
-8.804003E+00, 1.338680E-05 
9.240721E+00, 1.690716E-05 
-8.699562E+00, 2.344548E-05 
3.867603E+00, 5.153761E-04 
-2.386395E+00, 1.131853E-03 
-3.439752E+00, 5.990544E-04 
-4.980557E+00, 4.373427E-04 
1.017234E+00, 1.015824E-03 
8.218411E+00, 2.980761E-05 
-9.981853E+00, 6.405891E-06 
6.097742E+00, 1.325089E-04 
2.135402E+00, 1.055455E-03 
2.483647E+00, 7.695413E-04 
1.051110E+01, 7.547114E-06 
-6.081924E+00, 2.306642E-04 
-5.315970E+00, 6.053726E-04 
-2.798687E+00, 8.913178E-04 
-2.976140E+00, 8.851713E-04 
-5.866160E+00, 1.452482E-04 
-4.084963E+00, 3.540697E-04 
-3.928574E-01, 1.452852E-03 
9.304700E-01, 1.314544E-03 
-7.586430E+00, 1.109599E-04 
1.844474E+00, 1.064259E-03 
2.794034E+00, 1.069075E-03 
9.706938E+00, 1.180481E-05 
9.839694E+00, 1.533300E-05 
-7.264032E+00, 8.609422E-05 
-2.458350E+00, 8.634638E-04 
-7.306437E+00, 1.133051E-04 
7.652541E+00, 7.029405E-05 
2.753176E+00, 7.024341E-04 
1.132672E+00, 1.861595E-03 
-1.017570E-01, 1.297412E-03 
6.886107E+00, 1.327679E-04 
2.694121E+00, 7.325612E-04 
2.983713E+00, 9.821766E-04 
-2.920465E+00, 7.811071E-04 
-1.353796E+00, 1.431553E-03 
-3.228053E-01, 1.344253E-03 
-1.075411E+01, 9.372524E-06 
4.692476E+00, 4.329101E-04 
-7.070928E+00, 1.768288E-04 
-7.007325E+00, 1.309008E-04 
-1.623952E+00, 1.351454E-03 
4.391466E+00, 3.891777E-04 
1.311631E+00, 1.189035E-03 
1.051536E+01, 6.025654E-06 
-9.638643E+00, 9.923442E-06 
6.683658E+00, 1.796997E-04 
-1.099794E+00, 1.054050E-03 
3.176996E+00, 5.675836E-04 
-3.761709E+00, 4.422804E-04 
4.902806E+00, 4.225439E-04 
-4.306875E+00, 5.919342E-04 
6.981805E+00, 1.120405E-04 
-2.245428E+00, 1.319017E-03 
-4.539627E+00, 3.697804E-04 
6.238490E+00, 1.277925E-04 
4.080513E+00, 4.393122E-04 
-6.554264E+00, 1.503474E-04 
7.116130E-01, 1.585074E-03 
-9.972719E+00, 1.723223E-05 
-3.077636E-01, 1.204129E-03 
-2.321416E+00, 6.973160E-04 
-4.488830E+00, 4.097066E-04 
-3.282836E+00, 8.638226E-04 
-7.309111E+00, 1.202191E-04 
-7.703975E+00, 1.013953E-04 
7.720881E+00, 9.703988E-05 
1.156729E+01, 6.219917E-06 
5.968269E+00, 2.943592E-04 
4.855870E+00, 2.107408E-04 
6.501479E+00, 1.995559E-04 
-9.765220E+00, 1.671900E-05 
1.082131E+01, 9.870061E-06 
-6.359037E+00, 2.319344E-04 
6.085964E+00, 1.565722E-04 
-9.151238E+00, 1.573356E-05 
-2.185184E+00, 1.106090E-03 
8.553632E+00, 1.897308E-05 
6.983082E+00, 1.503757E-04 
-7.782473E+00, 1.199023E-04 
-8.357339E+00, 3.368451E-05 
7.972571E-01, 1.064259E-03 
4.073646E+00, 4.994958E-04 
9.920055E+00, 5.618426E-06 
-1.731962E+00, 1.521448E-03 
-2.529469E+00, 1.201369E-03 
9.363677E+00, 1.494549E-05 
1.211743E+01, 7.972130E-06 
-9.758649E+00, 1.110996E-05 
4.797779E+00, 6.031780E-04 
-1.814508E+00, 1.179426E-03 
-9.660607E+00, 1.534592E-05 
5.073831E+00, 2.911257E-04 
1.238770E+00, 1.057553E-03 
-1.061404E+01, 7.742847E-06 
-8.447175E+00, 3.173966E-05 
9.011240E+00, 1.247015E-05 
-3.046028E+00, 7.962259E-04 
1.045741E-01, 1.466359E-03 
7.289696E+00, 9.629539E-05 
-9.614040E+00, 2.121238E-05 
-1.663570E-02, 1.244449E-03 
-1.263335E+00, 1.691325E-03 
-4.295967E+00, 5.346897E-04 
6.045766E+00, 1.329895E-04 
-6.676097E+00, 1.643483E-04 
7.049749E-01, 1.365477E-03 
5.438037E+00, 2.909711E-04 
-1.255327E+01, 1.166218E-05 
-6.691732E+00, 9.358445E-05 
-3.145386E+00, 6.112269E-04 
-2.155017E+00, 1.226840E-03 
-3.467511E+00, 6.896923E-04 
-7.914170E+00, 7.575733E-05 
-9.142603E+00, 1.621816E-05 
-4.835890E+00, 3.527783E-04 
-6.756051E+00, 1.295449E-04 
-3.727408E-01, 1.003895E-03 
-5.143821E+00, 3.112974E-04 
-7.886575E+00, 1.058313E-04 
2.862794E+00, 8.557927E-04 
-2.092995E+00, 7.831006E-04 
1.761392E+00, 1.044886E-03 
-3.276205E+00, 7.891565E-04 
-1.785984E+00, 1.461913E-03 
2.091161E+00, 1.181716E-03 
-1.015295E+01, 6.836148E-06 
-3.277557E-01, 1.495102E-03 
-4.288624E-01, 1.761597E-03 
2.300151E+00, 5.869644E-04 
-4.381999E+00, 6.207318E-04 
-6.875411E+00, 1.467275E-04 
-1.125701E+01, 7.455075E-06 
9.475696E+00, 1.605392E-05 
-4.042729E+00, 5.564994E-04 
1.283901E+00, 1.162686E-03 
-4.964709E+00, 5.696719E-04 
-2.412452E+00, 6.727831E-04 
-8.216022E+00, 1.723223E-05 
4.667245E+00, 3.495477E-04 
-5.177056E+00, 3.140463E-04 
-9.087069E+00, 1.236300E-05 
-7.599234E+00, 7.307985E-05 
3.144005E+00, 9.160977E-04 
-6.064427E+00, 1.496100E-04 
-4.727619E+00, 5.447444E-04 
3.504204E+00, 7.335999E-04 
9.189913E+00, 2.132562E-05 
3.958296E+00, 4.934977E-04 
-8.926158E+00, 1.425882E-05 
2.902007E-02, 1.747079E-03 
-1.018397E+01, 6.196018E-06 
-1.873609E+00, 1.609606E-03 
-5.282267E+00, 3.405913E-04 
4.902676E+00, 4.601040E-04 
-2.536346E+00, 7.108493E-04 
-9.638351E+00, 1.081565E-05 
9.419895E+00, 2.763169E-05 
-3.601109E+00, 6.270686E-04 
-2.487307E+00, 1.095420E-03 
3.214893E+00, 7.615740E-04 
-8.178128E+00, 5.004007E-05 
3.009291E+00, 4.149247E-04 
3.798424E+00, 5.447726E-04 
-6.386063E+00, 1.642516E-04 
4.061738E+00, 3.735405E-04 
3.494295E+00, 7.285133E-04 
5.477222E+00, 4.361615E-04 
-6.258655E+00, 1.785650E-04 
9.273194E+00, 2.546179E-05 
4.348479E-02, 1.281710E-03 
8.326763E+00, 3.849776E-05 
-8.037645E+00, 2.806336E-05 
-8.332284E+00, 4.521669E-05 
-4.321559E+00, 4.031085E-04 
2.913636E+00, 4.856526E-04 
7.768560E+00, 5.977513E-05 
1.428452E+00, 7.381757E-04 
-6.061702E+00, 1.858141E-04 
3.434273E-01, 1.303711E-03 
1.182539E+01, 8.733858E-06 
-1.049826E+00, 1.663804E-03 
-9.303505E+00, 1.369575E-05 
-5.184227E-01, 1.054050E-03 
-2.215411E+00, 8.254415E-04 
-1.309902E+00, 1.199545E-03 
6.136567E+00, 2.096591E-04 
6.278667E+00, 1.496569E-04 
-6.110586E+00, 1.972349E-04 
1.022875E+01, 6.921022E-06 
-8.842614E+00, 2.270046E-05 
1.131337E+01, 1.003018E-05 
9.261641E+00, 2.178293E-05 
6.881298E+00, 2.121334E-04 
4.008833E-01, 1.235740E-03 
7.477813E+00, 8.109198E-05 
-6.901506E+00, 1.060025E-04 
7.630773E+00, 5.664958E-05 
-2.625616E+00, 8.250580E-04 
-6.740877E+00, 1.402588E-04 
9.681217E+00, 7.726194E-06 
5.862753E+00, 3.386108E-04 
-3.941751E+00, 4.818305E-04 
3.179871E+00, 7.565989E-04 
1.620237E+00, 9.609673E-04 
5.766636E+00, 3.495477E-04 
3.980544E+00, 3.631967E-04 
-4.649802E+00, 3.697804E-04 
-1.048092E+00, 1.170018E-03 
8.437916E+00, 2.226524E-05 
8.656228E+00, 3.626609E-05 
-5.877778E+00, 3.159094E-04 
3.406021E+00, 4.356583E-04 
-1.058988E+01, 8.638716E-06 
1.226242E+01, 1.008507E-05 
1.034929E+01, 1.003899E-05 
1.070905E+01, 6.368085E-06 
2.000640E+00, 8.153049E-04 
9.689048E+00, 1.488293E-05 
5.880963E+00, 4.260576E-04 
1.064669E+01, 5.710742E-06 
8.905263E+00, 2.728763E-05 
-4.691034E+00, 3.314161E-04 
5.282042E-01, 1.098562E-03 
2.409023E+00, 7.371454E-04 
-1.163651E+00, 1.452173E-03 
-6.007446E+00, 3.084908E-04 
2.370209E+00, 1.124082E-03 
8.338027E+00, 2.647130E-05 
9.316040E+00, 2.405425E-05 
1.123998E+01, 6.622147E-06 
-4.563750E+00, 3.560986E-04 
-7.512949E+00, 9.662136E-05 
7.106108E+00, 1.371767E-04 
1.113145E+01, 7.745459E-06 
5.696904E+00, 3.238538E-04 
4.467443E+00, 3.346413E-04 
9.221877E+00, 9.979939E-06 
-6.545689E+00, 1.903310E-04 
1.357909E+00, 1.698784E-03 
1.029859E+00, 1.292887E-03 
-3.767682E-02, 1.552589E-03 
-1.144301E+00, 1.253380E-03 
8.424838E+00, 3.335333E-05 
-1.116909E+00, 1.047558E-03 
-7.600141E+00, 8.143102E-05 
-5.922433E+00, 3.070257E-04 
4.876147E+00, 3.306389E-04 
-2.037119E+00, 1.269158E-03 
-9.182999E+00, 1.510336E-05 
5.087369E+00, 3.592365E-04 
-7.592725E+00, 8.480777E-05 
3.231152E+00, 1.036642E-03 
-4.467546E+00, 4.399450E-04 
-9.123700E+00, 1.385536E-05 
-3.883492E+00, 4.545490E-04 
4.439646E-01, 1.642606E-03 
-6.351858E+00, 1.274349E-04 
-7.691900E+00, 8.004493E-05 
3.737287E+00, 4.764060E-04 
-9.669948E-01, 1.242941E-03 
-2.008113E+00, 1.083697E-03 
5.574579E+00, 4.197895E-04 
7.565766E+00, 7.231548E-05 
-4.550232E+00, 4.285840E-04 
-4.508206E+00, 5.595746E-04 
1.054896E+01, 8.014282E-06 
-4.435872E+00, 5.097269E-04 
-6.028150E-01, 9.831871E-04 
-1.384637E+01, 5.984682E-06 
-3.101234E+00, 8.436794E-04 
1.561167E+00, 8.036925E-04 
3.658659E+00, 7.083709E-04 
3.429484E+00, 4.316289E-04 
7.437844E+00, 9.610531E-05 
7.363562E+00, 7.318986E-05 
1.469691E+00, 9.829237E-04 
8.225206E+00, 4.459903E-05 
1.393342E+00, 7.035093E-04 
-1.006077E+01, 1.166218E-05 
-1.094088E+01, 8.304050E-06 
8.942998E-01, 1.204213E-03 
-6.886560E+00, 7.277789E-05 
1.875572E+00, 7.745709E-04 
1.067000E+01, 6.627015E-06 
-1.478928E+00, 1.528833E-03 
3.585369E-01, 1.135763E-03 
1.626211E-01, 1.555492E-03 
-4.583669E+00, 3.271812E-04 
8.048161E+00, 3.898187E-05 
-9.173363E+00, 1.236300E-05 
-6.783568E+00, 1.655473E-04 
2.196431E+00, 6.560991E-04 
-9.625727E+00, 1.435082E-05 
-5.253274E+00, 4.736498E-04 
-1.134689E+00, 1.319874E-03 
2.796036E-01, 1.313843E-03 
7.547214E+00, 6.313591E-05 
3.145770E+00, 4.399010E-04 
9.068548E+00, 1.897308E-05 
5.209927E+00, 5.898065E-04 
6.825489E+00, 1.302469E-04 
8.280058E-01, 1.098562E-03 
1.501267E+00, 1.029710E-03 
-5.995738E+00, 1.712397E-04 
3.907225E+00, 4.958711E-04 
-9.593879E+00, 1.534592E-05 
4.511649E-02, 1.445013E-03 
-5.546577E+00, 4.753237E-04 
-5.696264E+00, 1.967070E-04 
1.016980E+01, 1.192198E-05 
-1.162050E+01, 6.749212E-06 
9.040234E+00, 1.161391E-05 
2.650390E+00, 7.198052E-04 
4.311811E+00, 5.647521E-04 
-8.345712E+00, 5.137413E-05 
7.688295E-01, 1.034979E-03 
9.264523E+00, 1.879175E-05 
-1.104153E+01, 6.873165E-06 
3.617521E+00, 5.122779E-04 
2.122931E+00, 1.075982E-03 
-1.460037E+00, 9.627913E-04 
-4.041631E+00, 4.823092E-04 
-3.043313E+00, 4.703041E-04 
7.536572E+00, 6.463079E-05 
9.904465E+00, 1.343286E-05 
-5.875820E+00, 2.838038E-04 
9.274212E+00, 1.798434E-05 
-5.809362E-01, 1.572232E-03 
-1.349788E+01, 6.893540E-06 
5.301761E+00, 2.293795E-04 
9.161575E+00, 1.039991E-05 
-6.157737E+00, 1.405113E-04 
-6.882917E+00, 1.826667E-04 
-9.727900E+00, 1.067020E-05 
-5.621546E+00, 3.262232E-04 
-6.270865E+00, 1.579209E-04 
2.667974E-01, 1.204129E-03 
-1.259325E+01, 7.486348E-06 
8.225026E+00, 4.193569E-05 
3.953983E-01, 1.159273E-03 
-4.529335E+00, 4.404612E-04 
-2.186210E+00, 1.147850E-03 
-4.347904E+00, 4.217171E-04 
1.071622E+01, 8.155475E-06 
8.132456E+00, 3.096514E-05 
-7.228962E-01, 1.244544E-03 
6.465386E+00, 2.336659E-04 
-6.371673E+00, 1.499160E-04 
9.309648E+00, 1.132657E-05 
2.116706E+00, 7.807395E-04 
-5.586114E+00, 2.915220E-04 
1.036421E+00, 1.359608E-03 
4.160092E+00, 5.362833E-04 
-9.162887E-01, 1.547901E-03 
-5.240504E-01, 1.007338E-03 
-8.547489E+00, 2.675738E-05 
-7.492900E+00, 6.162829E-05 
4.354287E-01, 1.851377E-03 
5.938553E+00, 2.546897E-04 
-5.088466E+00, 3.262232E-04 
-8.345491E+00, 5.905984E-05 
-1.055216E+01, 8.220737E-06 
4.002344E+00, 4.945346E-04 
-4.541880E-01, 1.694395E-03 
9.409450E-01, 1.135763E-03 
1.774509E+00, 8.651428E-04 
8.433628E+00, 1.988193E-05 
4.019413E+00, 5.167361E-04 
6.822140E+00, 1.426450E-04 
-9.237795E+00, 1.024228E-05 
5.445964E-01, 1.237789E-03 
-1.532158E+00, 1.188777E-03 
5.832398E-01, 1.307873E-03 
1.517127E+00, 8.677648E-04 
7.171594E+00, 1.025342E-04 
3.667619E+00, 7.647060E-04 
-1.033423E+01, 6.992657E-06 
-9.056824E+00, 1.277253E-05 
8.790060E+00, 2.450639E-05 
5.122776E+00, 3.592365E-04 
8.839170E+00, 3.638893E-05 
1.557886E+00, 8.852388E-04 
-2.526327E+00, 1.325990E-03 
-1.732035E+00, 1.050114E-03 
-2.507647E+00, 7.302781E-04 
-2.132060E+00, 7.235737E-04 
8.978416E+00, 1.614191E-05 
9.430195E+00, 1.515479E-05 
-6.732815E+00, 1.583374E-04 
5.884260E+00, 2.988575E-04 
1.693013E+00, 7.064290E-04 
3.400653E+00, 4.686168E-04 
-4.962695E+00, 2.565089E-04 
-9.965980E+00, 1.336522E-05 
-5.229241E+00, 2.032466E-04 
1.079716E+01, 6.756649E-06 
-2.498480E+00, 6.727831E-04 
-4.055229E+00, 3.255077E-04 
-4.066379E+00, 4.031085E-04 
5.268032E+00, 2.556448E-04 
1.016392E+01, 7.274901E-06 
-1.047532E+01, 9.398030E-06 
-3.670198E+00, 5.319055E-04 
1.057941E+01, 7.892804E-06 
1.822742E-01, 1.245414E-03 
-2.166127E+00, 1.041478E-03 
1.547560E+00, 1.273753E-03 
-3.585317E+00, 5.447444E-04 
-9.088429E+00, 1.439059E-05 
1.769071E-01, 1.609316E-03 
6.889751E+00, 2.411768E-04 
3.430251E+00, 4.332950E-04 
-8.188103E+00, 9.928546E-05 
9.084726E+00, 1.502490E-05 
3.963511E+00, 7.898755E-04 
2.550662E+00, 7.999056E-04 
8.531868E+00, 3.510979E-05 
-5.662825E+00, 1.935234E-04 
-6.025115E+00, 1.094955E-04 
-4.406391E+00, 4.183676E-04 
6.657139E+00, 1.708133E-04 
-5.190054E+00, 3.479806E-04 
-5.661119E+00, 1.467275E-04 
-3.036377E+00, 7.881749E-04 
-9.468563E+00, 1.091058E-05 
9.146447E+00, 1.507677E-05 
3.383382E+00, 7.986661E-04 
6.076099E+00, 2.429734E-04 
-5.228283E+00, 3.661915E-04 
6.563023E+00, 1.363753E-04 
-3.206905E+00, 6.556539E-04 
-5.163567E+00, 2.953212E-04 
6.277179E-01, 1.113251E-03 
-6.681559E+00, 1.181197E-04 
1.099944E+01, 6.020735E-06 
-7.798587E-01, 9.333133E-04 
4.084737E-01, 1.991179E-03 
-7.561039E+00, 8.424469E-05 
7.379507E+00, 8.221633E-05 
7.528199E+00, 1.198538E-04 
3.056799E-01, 1.283392E-03 
-8.290577E+00, 4.242476E-05 
-4.318624E-01, 1.321710E-03 
-9.763042E+00, 1.571913E-05 
-7.444573E+00, 1.002714E-04 
1.102854E+01, 9.921266E-06 
3.505750E-01, 1.328274E-03 
-5.481746E+00, 5.404650E-04 
-7.020127E+00, 7.209827E-05 
6.794799E+00, 1.212449E-04 
-7.949037E+00, 6.170106E-05 
7.582065E+00, 6.902355E-05 
-8.005756E+00, 6.892894E-05 
-6.729554E+00, 2.007154E-04 
-3.019961E+00, 5.588228E-04 
-6.485252E-01, 1.692091E-03 
-1.168444E+01, 5.956709E-06 
-1.844061E+00, 1.276350E-03 
-7.145301E+00, 1.581520E-04 
-3.473146E+00, 5.208228E-04 
6.700160E+00, 1.198538E-04 
-8.856824E+00, 3.352107E-05 
4.499279E+00, 2.841801E-04 
-5.681934E+00, 5.601987E-04 
-1.535122E+00, 1.254552E-03 
7.545591E+00, 4.700849E-05 
1.072183E+01, 6.020735E-06 
9.495187E+00, 1.077547E-05 
5.873257E+00, 3.214694E-04 
8.386763E+00, 3.757906E-05 
6.544570E+00, 2.399440E-04 
5.775625E+00, 2.813584E-04 
3.402266E+00, 4.608814E-04 
-9.295963E+00, 1.569131E-05 
3.556159E+00, 7.192730E-04 
7.319980E+00, 7.012580E-05 
-6.583867E+00, 2.706044E-04 
8.242307E+00, 4.065457E-05 
-2.636049E+00, 7.374668E-04 
9.587183E+00, 1.858368E-05 
-8.480553E+00, 8.378795E-05 
-9.478196E+00, 1.499831E-05 
-7.278056E+00, 6.759946E-05 
8.570940E+00, 3.691980E-05 
-1.265952E+00, 1.511306E-03 
2.513728E+00, 7.647004E-04 
-3.538951E+00, 6.222262E-04 
3.566324E+00, 5.992103E-04 
-7.504682E+00, 9.639067E-05 
9.230947E+00, 1.082601E-05 
3.486936E+00, 6.025567E-04 
4.660176E+00, 4.077929E-04 
7.205288E+00, 5.837830E-05 
1.042677E+00, 9.767602E-04 
1.015206E+01, 6.383922E-06 
2.751200E+00, 8.335410E-04 
-9.917189E+00, 1.091058E-05 
-8.320836E+00, 1.771484E-05 
-2.692752E+00, 9.824387E-04 
-8.751708E+00, 1.518025E-05 
-6.342792E+00, 1.713142E-04 
-8.701399E+00, 2.294652E-05 
-1.515039E+00, 1.326615E-03 
5.368113E+00, 3.709584E-04 
1.100849E+01, 9.761330E-06 
1.546235E+00, 9.336071E-04 
8.865429E+00, 3.794616E-05 
-4.269819E+00, 3.859462E-04 
-4.358909E+00, 5.068884E-04 
6.074100E-01, 1.537227E-03 
8.734172E+00, 2.615689E-05 
2.006631E+00, 1.108945E-03 
8.444349E+00, 2.807819E-05 
1.607805E-01, 1.331307E-03 
-3.391878E+00, 4.845962E-04 
1.572718E+00, 1.117075E-03 
-5.014745E+00, 4.394466E-04 
-4.896927E+00, 3.271812E-04 
-1.258021E+00, 8.711461E-04 
6.902428E+00, 1.816374E-04 
8.192782E+00, 7.642348E-05 
-1.136403E+01, 6.440933E-06 
-5.405382E+00, 3.027821E-04 
5.643148E+00, 5.370406E-04 
-9.987199E+00, 1.081565E-05 
4.180481E+00, 3.221820E-04 
4.493351E+00, 4.248976E-04 
-9.740159E+00, 1.806353E-05 
6.658941E+00, 1.383140E-04 
7.806459E-01, 1.525205E-03 
4.909599E+00, 2.897778E-04 
3.165377E+00, 6.084141E-04 
-2.141087E+00, 1.304312E-03 
1.013525E+01, 6.015313E-06 
7.215946E+00, 1.375664E-04 
-4.338863E+00, 5.242172E-04 
1.031143E+01, 8.518116E-06 
-6.355152E+00, 1.689439E-04 
8.670696E+00, 5.661399E-05 
-2.757099E+00, 1.100529E-03 
9.183741E+00, 1.691908E-05 
8.547637E+00, 3.311928E-05 
-5.442167E-01, 1.026889E-03 
-7.408851E+00, 7.209827E-05 
-3.522382E+00, 4.624163E-04 
-9.052552E+00, 1.239830E-05 
5.130221E+00, 3.048455E-04 
-4.113659E+00, 3.269883E-04 
-5.595869E+00, 2.801237E-04 
-1.020145E+01, 6.271025E-06 
6.143555E+00, 1.363753E-04 
1.269219E+00, 7.781514E-04 
-9.603005E+00, 1.306230E-05 
7.808763E+00, 4.467432E-05 
-9.550574E+00, 1.186994E-05 
7.167527E+00, 6.822249E-05 
3.527911E+00, 7.931895E-04 
-7.283461E+00, 8.657401E-05 
1.216515E+00, 1.347854E-03 
5.889090E+00, 2.472639E-04 
1.933567E+00, 9.972241E-04 
4.843841E+00, 3.882854E-04 
-8.739915E+00, 2.465718E-05 
-1.892410E+00, 8.992599E-04 
-1.686347E+00, 1.201783E-03 
7.734102E+00, 1.270401E-04 
1.324030E+00, 1.317425E-03 
9.622678E-01, 1.177403E-03 
5.636820E+00, 4.586805E-04 
2.020747E-01, 1.290343E-03 
-5.061133E+00, 2.938926E-04 
7.215729E+00, 6.139695E-05 
-9.455510E+00, 1.083650E-05 
-2.152972E+00, 1.095420E-03 
7.800160E+00, 4.025988E-05 
-7.768277E+00, 4.917182E-05 
-4.488637E+00, 6.273796E-04 
5.013693E+00, 4.708038E-04 
-6.004485E+00, 1.288687E-04 
3.599391E+00, 5.390185E-04 
-1.954469E+00, 1.320438E-03 
1.119621E+01, 5.710742E-06 
8.952530E+00, 4.681734E-05 
9.603366E+00, 1.452739E-05 
1.028546E+01, 5.935666E-06 
8.351346E+00, 2.792689E-05 
5.625213E+00, 3.273003E-04 
2.269657E+00, 6.437217E-04 
2.565556E+00, 1.055805E-03 
-4.866553E+00, 5.466596E-04 
-9.823490E+00, 7.483686E-06 
-1.781668E+00, 1.339238E-03 
-8.476480E+00, 3.835656E-05 
-5.869575E+00, 1.785650E-04 
1.088273E+00, 1.287448E-03 
1.045948E+01, 8.518116E-06 
-1.127506E+01, 6.833485E-06 
4.727962E+00, 3.815888E-04 
-1.117658E+01, 8.153265E-06 
7.543787E+00, 6.407618E-05 
2.805019E+00, 7.218433E-04 
-7.577836E+00, 1.076009E-04 
1.039995E+01, 9.208432E-06 
5.161024E-01, 1.730170E-03 
-7.975254E-01, 1.184526E-03 
7.390656E-01, 1.630218E-03 
-2.267557E+00, 1.103683E-03 
-4.828581E+00, 4.259729E-04 
1.447386E+00, 8.584206E-04 
-7.288866E+00, 1.181197E-04 
3.555872E+00, 6.748407E-04 
2.229592E+00, 1.047428E-03 
6.419543E+00, 1.277925E-04 
7.462380E+00, 9.629539E-05 
-7.803045E+00, 1.137418E-04 
-3.340887E+00, 7.992559E-04 
1.009212E+01, 1.046717E-05 
4.552169E+00, 4.450234E-04 
-3.646208E+00, 5.121346E-04 
8.293833E+00, 3.626609E-05 
-5.022655E+00, 3.094785E-04 
-9.326439E+00, 1.619540E-05 
4.861932E+00, 2.295611E-04 
-2.640366E+00, 6.803711E-04 
-1.572235E-01, 1.359361E-03 
7.656767E+00, 1.162891E-04 
-2.055040E+00, 1.194483E-03 
-7.916544E+00, 6.943536E-05 
-8.374994E+00, 2.585901E-05 
6.962505E+00, 6.139695E-05 
-2.296535E+00, 1.061897E-03 
8.731369E+00, 3.381432E-05 
4.305590E+00, 3.684724E-04 
-5.147804E+00, 4.611706E-04 
-9.727061E+00, 1.775877E-05 
1.181051E+01, 7.942144E-06 
-9.125728E+00, 1.442424E-05 
-4.064245E+00, 6.212456E-04 
-7.775885E+00, 8.471274E-05 
9.363288E+00, 1.434765E-05 
8.189768E+00, 4.467432E-05 
5.350015E-02, 1.168056E-03 
-2.471631E+00, 7.594868E-04 
-1.221332E+01, 7.453104E-06 
7.378407E+00, 8.054808E-05 
1.068786E+00, 1.029857E-03 
3.154720E+00, 8.326234E-04 
-6.503797E+00, 1.499160E-04 
6.805500E+00, 1.214187E-04 
5.420968E+00, 2.315532E-04 
-4.984190E+00, 3.898893E-04 
7.955669E+00, 3.046658E-05 
-8.064784E+00, 4.349851E-05 
1.227059E+01, 7.131150E-06 
-3.181465E+00, 6.112269E-04 
-3.161926E+00, 6.421453E-04 
-8.358437E+00, 5.004007E-05 
5.536779E+00, 4.048686E-04 
2.883261E+00, 4.972717E-04 
-1.056828E+01, 7.118086E-06 
-6.908114E+00, 1.299242E-04 
5.571982E+00, 2.301930E-04 
-3.141784E+00, 5.512454E-04 
8.996054E+00, 2.581408E-05 
-5.590439E+00, 2.520097E-04 
1.083829E+01, 7.759971E-06 
-5.211431E+00, 5.187279E-04 
5.243143E+00, 4.772169E-04 
8.606020E+00, 3.166959E-05 
6.429776E-02, 1.240563E-03 
4.934708E+00, 4.961422E-04 
6.978300E-02, 1.668577E-03 
-1.388483E+00, 1.109077E-03 
-4.291127E+00, 3.467339E-04 
4.582669E+00, 5.998308E-04 
8.268584E-01, 1.260202E-03 
1.693674E+00, 8.548456E-04 
8.073911E+00, 1.316465E-04 
-9.662523E+00, 6.114758E-06 
-5.678971E+00, 2.981129E-04 
3.307582E+00, 5.447726E-04 
-7.377181E+00, 1.009315E-04 
-3.254002E+00, 6.454469E-04 
-3.523490E+00, 5.264711E-04 
-2.562621E+00, 1.298710E-03 
-3.948745E+00, 7.587604E-04 
7.881703E+00, 1.013592E-04 
-9.791547E-01, 9.382936E-04 
9.944099E+00, 1.200079E-05 
-6.010288E+00, 1.858141E-04 
-7.136041E+00, 7.731896E-05 
-3.752080E-01, 1.445291E-03 
-9.460127E-01, 1.482421E-03 
6.839753E-01, 1.226725E-03 
-2.674043E+00, 1.002553E-03 
7.155509E+00, 1.120405E-04 
2.980375E+00, 4.260936E-04 
-7.493693E+00, 8.106745E-05 
-1.049095E+01, 8.623619E-06 
2.884941E+00, 1.016667E-03 
9.176127E+00, 1.207092E-05 
-7.948776E+00, 6.786714E-05 
3.714650E+00, 6.104058E-04 
-2.731824E+00, 1.118076E-03 
6.129588E+00, 2.538550E-04 
-7.822917E+00, 1.080496E-04 
-1.323198E+00, 1.217102E-03 
2.640661E+00, 1.047340E-03 
9.699429E-01, 1.138414E-03 
8.459854E+00, 3.381432E-05 
7.119278E+00, 1.168526E-04 
-9.217091E+00, 1.242279E-05 
-5.296562E+00, 2.882563E-04 
-3.274764E-01, 1.624659E-03 
3.547588E+00, 8.432067E-04 
-1.476639E+00, 1.045137E-03 
4.335548E-01, 1.187466E-03 
-7.158680E+00, 6.724175E-05 
7.471245E+00, 6.300328E-05 
-1.123188E+01, 9.599658E-06 
-5.948564E+00, 2.189910E-04 
-1.551357E+00, 1.172999E-03 
-3.002215E+00, 7.481740E-04 
-9.336559E-01, 1.410414E-03 
-3.787223E+00, 5.076718E-04 
1.579137E+00, 7.380741E-04 
-5.636283E+00, 1.871689E-04 
8.903358E+00, 2.575978E-05 
-2.394045E+00, 8.606909E-04 
6.284702E+00, 1.563580E-04 
-7.058581E+00, 9.171005E-05 
-1.118226E+00, 1.011204E-03 
-6.441540E+00, 2.378478E-04 
8.375025E+00, 2.533980E-05 
-1.539972E-01, 1.063694E-03 
1.097446E+01, 1.205131E-05 
-9.505379E+00, 1.805052E-05 
7.631769E-01, 1.297293E-03 
6.458482E+00, 1.738749E-04 
-1.071200E+01, 7.346012E-06 
1.035261E+01, 7.088380E-06 
-5.062902E+00, 2.953212E-04 
1.110950E+01, 7.408051E-06 
-4.666034E+00, 2.942076E-04 
-8.041252E+00, 7.299899E-05 
1.765818E+00, 1.343044E-03 
-5.132203E+00, 2.938549E-04 
-1.161548E-02, 9.760135E-04 
6.016249E+00, 2.911299E-04 
-9.097678E-01, 1.388522E-03 
6.802915E+00, 1.270401E-04 
-1.689006E+00, 1.004942E-03 
-5.841122E+00, 2.880038E-04 
1.430296E+00, 8.756002E-04 
-6.905742E+00, 1.287027E-04 
3.048935E+00, 7.044840E-04 
-1.215454E+00, 1.182937E-03 
6.377860E+00, 1.589214E-04 
-2.869331E+00, 8.393391E-04 
-1.711210E+00, 1.147476E-03 
1.304237E+00, 1.231252E-03 
5.165202E+00, 4.788182E-04 
-4.669557E+00, 4.727957E-04 
-3.451891E+00, 6.759997E-04 
4.957171E+00, 3.494596E-04 
2.159087E+00, 7.325612E-04 
6.812713E+00, 1.128770E-04 
6.209837E-01, 1.063694E-03 
6.608142E+00, 1.333017E-04 
9.421429E+00, 1.680108E-05 
5.196953E+00, 4.658274E-04 
-9.017009E+00, 2.080123E-05 
-1.166436E+01, 7.483996E-06 
1.003276E+01, 8.936683E-06 
3.875206E+00, 6.079268E-04 
8.654022E+00, 4.443829E-05 
-6.459761E+00, 1.658486E-04 
-6.599336E+00, 1.868756E-04 
3.103107E+00, 9.975683E-04 
1.418638E+00, 1.011571E-03 
-3.607776E+00, 5.419748E-04 
-5.612590E+00, 3.159094E-04 
7.244178E+00, 8.693745E-05 
-1.049173E+01, 8.228130E-06 
1.014496E+01, 6.088013E-06 
7.439461E+00, 1.127617E-04 
1.939721E+00, 8.036925E-04 
-5.005448E+00, 3.727996E-04 
-1.234630E+00, 9.708895E-04 
-4.654294E+00, 5.416853E-04 
-7.886758E+00, 6.676485E-05 
-4.958952E+00, 3.300447E-04 
-3.993201E+00, 5.417270E-04 
-1.021582E+01, 7.199994E-06 
-3.167284E+00, 7.311517E-04 
-2.353123E+00, 7.111741E-04 
4.692819E+00, 4.151368E-04 
7.592009E+00, 6.830082E-05 
6.949859E+00, 7.105081E-05 
-3.102214E+00, 1.207228E-03 
8.785108E+00, 1.654074E-05 
4.384918E+00, 5.002222E-04 
9.924958E+00, 2.851212E-05 
7.219360E+00, 6.195769E-05 
4.447208E+00, 4.729959E-04 
-8.904970E+00, 2.635522E-05 
-4.109018E+00, 4.577413E-04 
3.717728E+00, 5.600662E-04 
2.899454E+00, 9.257969E-04 
4.557751E+00, 3.994426E-04 
-2.242001E+00, 8.609523E-04 
-4.772322E+00, 6.028629E-04 
9.558285E+00, 8.936683E-06 
-7.836948E-01, 1.177944E-03 
-9.968542E+00, 9.360182E-06 
4.095844E+00, 3.446216E-04 
7.846447E+00, 6.752636E-05 
9.356370E+00, 2.226524E-05 
4.367483E+00, 3.975033E-04 
8.845107E+00, 3.962795E-05 
7.511409E+00, 1.128770E-04 
1.023242E+01, 5.615824E-06 
-6.218353E+00, 1.512928E-04 
-2.457010E+00, 1.225992E-03 
-5.295684E+00, 2.689509E-04 
-5.745645E+00, 5.574921E-04 
-3.878860E+00, 5.420754E-04 
-9.609806E+00, 1.183677E-05 
-8.613063E+00, 5.361755E-05 
-3.618732E+00, 6.013194E-04 
-4.183228E+00, 4.137982E-04 
4.093827E-01, 1.231252E-03 
-8.697035E+00, 2.302816E-05 
8.558878E+00, 2.005953E-05 
-5.638914E+00, 3.527783E-04 
-9.101368E+00, 2.472600E-05 
-4.140739E+00, 4.285840E-04 
-9.251367E+00, 1.648545E-05 
-9.857697E+00, 1.398140E-05 
-3.153622E+00, 5.064783E-04 
5.576540E+00, 2.355175E-04 
-4.939724E-01, 1.045452E-03 
-8.091772E+00, 9.332997E-05 
-4.263564E-01, 1.529858E-03 
2.404065E+00, 8.403530E-04 
6.036942E+00, 1.622320E-04 
-2.116761E+00, 8.137790E-04 
2.139609E+00, 6.212135E-04 
5.007816E+00, 3.649478E-04 
2.602607E+00, 8.611269E-04 
8.030120E+00, 7.451792E-05 
7.371353E+00, 6.177053E-05 
-4.969412E+00, 2.397164E-04 
-4.374061E+00, 4.923816E-04 
5.308178E+00, 4.251766E-04 
-3.685104E+00, 6.041241E-04 
-1.059511E+01, 6.992657E-06 
-7.356299E+00, 1.372229E-04 
-7.529106E+00, 7.735914E-05 
1.722120E+00, 7.957131E-04 
-9.876099E+00, 1.563549E-05 
9.228751E+00, 2.226524E-05 
5.972171E-01, 2.033397E-03 
8.907698E+00, 2.221914E-05 
-1.194405E+01, 7.847836E-06 
4.221397E+00, 6.104058E-04 
5.737517E+00, 3.055882E-04 
-8.328861E+00, 2.502865E-05 
7.091795E+00, 1.607877E-04 
-5.215406E-01, 1.532522E-03 
-4.794231E-01, 1.053916E-03 
-8.555713E+00, 4.411227E-05 
4.907273E+00, 3.866971E-04 
-8.510976E+00, 1.573357E-05 
-8.290124E+00, 2.713516E-05 
-3.203406E+00, 4.421225E-04 
3.170109E-01, 1.078447E-03 
1.081640E+00, 6.977988E-04 
-3.866507E+00, 5.932102E-04 
1.042580E+01, 1.001435E-05 
6.601432E+00, 1.246999E-04 
-4.113211E+00, 4.408139E-04 
9.345706E+00, 1.680108E-05 
-7.457511E+00, 1.077314E-04 
-2.746611E+00, 8.904796E-04 
-8.148965E+00, 4.411227E-05 
6.712032E+00, 1.334827E-04 
4.607990E+00, 4.979365E-04 
6.012515E+00, 2.882509E-04 
-6.091694E+00, 1.972349E-04 
-6.476869E+00, 1.060025E-04 
5.981574E+00, 2.556620E-04 
-7.419701E+00, 7.743329E-05 
7.816075E+00, 6.373876E-05 
-2.746596E+00, 7.725659E-04 
-3.296219E+00, 7.650614E-04 
8.166888E+00, 4.193569E-05 
-7.728747E+00, 7.796228E-05 
8.833690E+00, 3.555299E-05 
1.026026E+01, 1.123514E-05 
-1.105430E+01, 7.941691E-06 
7.685363E+00, 7.873540E-05 
4.634555E+00, 6.121377E-04 
5.461160E-01, 1.027156E-03 
-5.135508E+00, 5.725231E-04 
3.114714E-03, 9.312515E-04 
5.311206E+00, 3.771219E-04 
-7.583494E+00, 7.671311E-05 
3.115870E+00, 6.153016E-04 
-1.534896E+00, 1.428305E-03 
7.053456E+00, 1.330490E-04 
-3.229666E+00, 6.345745E-04 
-2.284326E+00, 8.662172E-04 
-6.050855E+00, 1.405752E-04 
-9.095984E+00, 1.126465E-05 
7.421525E+00, 6.612737E-05 
-5.125523E+00, 3.278270E-04 
-3.791662E+00, 4.823092E-04 
-1.009978E+01, 8.309605E-06 
-4.560560E+00, 4.013285E-04 
6.232453E+00, 1.589214E-04 
8.787568E+00, 2.797184E-05 
2.094208E+00, 9.338594E-04 
1.071562E+01, 5.710742E-06 
-1.952438E+00, 1.191005E-03 
-6.148080E+00, 1.164665E-04 
8.640650E+00, 2.704563E-05 
-3.840820E+00, 6.806386E-04 
-8.955983E+00, 2.120434E-05 
9.077494E+00, 1.419178E-05 
-2.674797E+00, 8.393895E-04 
6.270238E+00, 2.239475E-04 
4.379893E+00, 4.285531E-04 
5.475718E+00, 2.990602E-04 
5.174248E+00, 2.379577E-04 
-2.821561E+00, 7.758055E-04 
2.243834E+00, 1.098681E-03 
1.938952E+00, 6.743604E-04 
-6.861367E+00, 1.881936E-04 
-5.831539E+00, 1.060025E-04 
-3.580433E+00, 7.380973E-04 
-5.603066E-01, 1.014558E-03 
2.702169E+00, 7.783554E-04 
7.224388E+00, 6.236483E-05 
2.816466E+00, 7.083479E-04 
3.949825E+00, 4.138282E-04 
5.352486E+00, 3.748330E-04 
-7.423357E+00, 7.735914E-05 
8.150841E+00, 6.441536E-05 
2.233656E+00, 1.076533E-03 
1.129579E+01, 7.204242E-06 
-3.250404E+00, 5.419748E-04 
-4.278309E+00, 4.137982E-04 
7.255182E+00, 6.877566E-05 
2.380264E+00, 7.711128E-04 
1.009441E+01, 7.988387E-06 
3.089422E-01, 1.397257E-03 
-4.922582E+00, 2.938549E-04 
-8.071427E+00, 6.162829E-05 
9.374986E+00, 2.615654E-05 
-4.797218E+00, 4.458502E-04 
3.200811E+00, 5.818984E-04 
4.447443E+00, 4.100190E-04 
3.685348E+00, 4.409507E-04 
-1.097778E+00, 1.003895E-03 
-7.963292E+00, 8.166413E-05 
-7.404164E+00, 9.721285E-05 
-3.992582E+00, 4.545490E-04 
3.049918E-01, 1.314743E-03 
9.687448E+00, 2.179867E-05 
3.554733E-01, 1.072722E-03 
-2.858633E-02, 1.664694E-03 
2.272254E+00, 7.307810E-04 
6.843776E-01, 1.461101E-03 
5.790456E+00, 2.556448E-04 
9.535595E+00, 1.469677E-05 
-7.121361E-01, 9.222246E-04 
-7.373475E+00, 7.423445E-05 
-9.157199E+00, 1.239830E-05 
-1.151416E+01, 7.483686E-06 
9.915477E-01, 1.284216E-03 
-8.963962E+00, 1.871337E-05 
4.405360E+00, 4.254751E-04 
7.815033E+00, 3.898467E-05 
-8.637979E+00, 3.446447E-05 
-8.866034E+00, 1.242279E-05 
-2.333552E+00, 1.119272E-03 
7.064161E+00, 9.882154E-05 
1.108210E+01, 6.733166E-06 
5.743100E+00, 3.322354E-04 
7.522911E+00, 5.196206E-05 
8.291669E-01, 1.471826E-03 
1.360097E+00, 1.034979E-03 
2.321847E+00, 1.117688E-03 
-2.425244E+00, 7.588774E-04 
-7.674245E+00, 7.346266E-05 
-3.747616E+00, 5.954320E-04 
7.301379E+00, 1.027923E-04 
2.366174E+00, 7.468063E-04 
1.166890E+00, 1.254648E-03 
1.723171E+00, 1.072708E-03 
2.557462E+00, 5.989779E-04 
-6.692683E+00, 1.516431E-04 
7.260509E+00, 7.030067E-05 
5.792198E-01, 1.160679E-03 
-3.289240E+00, 7.964938E-04 
-9.275684E+00, 2.000658E-05 
-3.675205E-01, 1.246847E-03 
4.593913E+00, 5.020537E-04 
-3.503124E+00, 7.818283E-04 
3.563700E+00, 4.316289E-04 
-3.586621E+00, 5.000591E-04 
2.788431E+00, 1.086719E-03 
-3.520750E+00, 5.944436E-04 
8.842341E+00, 3.263731E-05 
-9.186319E+00, 1.395919E-05 
-1.954944E+00, 1.467836E-03 
-9.923526E+00, 1.474015E-05 
1.907979E+00, 8.753362E-04 
8.698899E+00, 2.816300E-05 
1.003883E+01, 1.003899E-05 
-1.112732E+01, 7.045926E-06 
-8.306267E+00, 3.065008E-05 
3.867456E+00, 6.344820E-04 
-5.337101E+00, 2.850982E-04 
5.805835E+00, 3.812116E-04 
-3.829495E+00, 7.575955E-04 
-4.945588E+00, 6.106234E-04 
-9.589968E+00, 1.462162E-05 
1.042528E+00, 8.666852E-04 
1.023711E+01, 6.088013E-06 
2.017709E+00, 1.398017E-03 
2.518201E+00, 1.004300E-03 
1.831956E+00, 1.246907E-03 
-9.230990E+00, 1.330934E-05 
7.916678E+00, 8.221633E-05 
1.768290E+00, 1.057553E-03 
3.053509E+00, 9.684919E-04 
7.778923E+00, 5.833116E-05 
8.585218E+00, 3.626609E-05 
-3.502812E-01, 1.271500E-03 
-1.956680E+00, 7.594868E-04 
7.558069E+00, 6.180280E-05 
-4.983327E+00, 3.893134E-04 
-3.339558E+00, 5.227033E-04 
-9.716767E+00, 1.067020E-05 
-2.197102E+00, 7.387686E-04 
3.434198E+00, 4.972717E-04 
4.418695E+00, 3.336081E-04 
2.027399E+00, 6.805916E-04 
5.790856E+00, 2.806635E-04 
-5.318241E-02, 1.276809E-03 
-1.174527E+01, 7.576835E-06 
-1.880720E+00, 1.473584E-03 
-6.815728E+00, 8.051012E-05 
-7.199704E+00, 6.516335E-05 
6.310459E+00, 1.544618E-04 
-4.262352E+00, 3.560986E-04 
-9.840238E+00, 2.134041E-05 
-2.793838E+00, 9.470323E-04 
2.760746E+00, 8.065354E-04 
6.614091E+00, 1.454755E-04 
1.376008E+00, 1.029710E-03 
2.578885E+00, 6.805916E-04 
9.005275E+00, 1.017345E-05 
1.128562E+01, 5.963031E-06 
5.629303E+00, 2.653123E-04 
5.555694E+00, 2.589552E-04 
8.594836E+00, 3.370130E-05 
-3.749465E+00, 5.083685E-04 
-1.010972E+01, 7.909779E-06 
-4.811163E+00, 4.392522E-04 
-9.684064E+00, 1.689775E-05 
9.243335E+00, 1.017345E-05 
-7.195533E+00, 1.712369E-04 
-1.047011E+01, 8.399975E-06 
-5.297175E+00, 2.842225E-04 
-4.576042E+00, 3.697804E-04 
3.933214E-01, 1.360971E-03 
-1.053552E+01, 7.402686E-06 
-3.299356E+00, 5.512454E-04 
2.071739E+00, 7.503011E-04 
6.092358E+00, 1.558136E-04 
-5.859409E+00, 1.312082E-04 
5.029197E+00, 3.593014E-04 
-7.938706E+00, 8.358714E-05 
-7.613228E+00, 8.452329E-05 
-9.381478E+00, 1.806353E-05 
7.934362E+00, 3.387032E-05 
7.592678E+00, 8.693745E-05 
-1.004489E+01, 6.271025E-06 
3.713353E+00, 5.849210E-04 
8.368031E+00, 3.039927E-05 
6.101197E+00, 2.982978E-04 
4.789201E+00, 3.048455E-04 
4.075066E+00, 7.081987E-04 
-1.046673E-01, 1.131691E-03 
4.012229E+00, 3.631967E-04 
-2.419298E+00, 8.146518E-04 
-7.059658E+00, 1.246840E-04 
-8.835442E+00, 2.370934E-05 
1.095750E+01, 8.430620E-06 
6.316814E+00, 1.558063E-04 
-8.197750E+00, 2.898835E-05 
4.081570E+00, 3.859680E-04 
7.380104E+00, 6.922059E-05 
1.230671E+00, 9.490004E-04 
6.864818E+00, 1.270401E-04 
-6.472916E-01, 1.636984E-03 
3.850105E+00, 5.849211E-04 
-8.282968E+00, 4.398210E-05 
3.780282E-01, 1.726286E-03 
-4.700996E+00, 6.325253E-04 
1.110784E+00, 9.349550E-04 
1.197756E+01, 8.375176E-06 
4.610743E+00, 3.815885E-04 
7.804699E+00, 6.582324E-05 
-5.030958E+00, 2.933257E-04 
8.132577E+00, 2.827033E-05 
5.192613E+00, 4.378718E-04 
-9.925171E+00, 7.742847E-06 
8.711644E-02, 9.517838E-04 
4.028087E+00, 7.170009E-04 
-9.769123E-01, 1.213916E-03 
9.446220E+00, 1.982163E-05 
1.065718E+00, 1.257475E-03 
2.078581E+00, 1.075839E-03 
7.033216E+00, 1.162891E-04 
-9.161739E+00, 1.147326E-05 
-6.784756E+00, 1.094955E-04 
2.873920E+00, 7.586691E-04 
-8.928218E+00, 1.220756E-05 
-2.248952E+00, 1.342768E-03 
-1.065303E+00, 9.708895E-04 
3.665653E+00, 5.586351E-04 
-8.655254E+00, 2.134041E-05 
7.111701E+00, 5.708897E-05 
9.576924E+00, 8.430620E-06 
5.262611E+00, 2.564672E-04 
-6.947212E+00, 1.437314E-04 
-4.523738E+00, 4.888460E-04 
-8.289029E+00, 3.428749E-05 
7.082864E+00, 6.063785E-05 
-6.741482E+00, 1.702112E-04 
-8.192229E+00, 5.905984E-05 
4.218664E-01, 1.313584E-03 
2.470932E+00, 1.033371E-03 
4.494533E+00, 3.247660E-04 
-1.483747E+00, 1.213817E-03 
-1.974105E+00, 1.248158E-03 
1.418347E+00, 1.159273E-03 
4.048656E+00, 4.562502E-04 
6.092393E+00, 1.541602E-04 
-2.230635E+00, 9.037230E-04 
1.984241E-01, 1.363255E-03 
5.557212E+00, 2.638242E-04 
-5.777566E+00, 1.425491E-04 
7.721524E+00, 6.357289E-05 
-2.424788E+00, 9.591516E-04 
-2.937152E+00, 7.390358E-04 
-1.114356E+01, 7.611798E-06 
-1.382870E+00, 1.278610E-03 
-2.149859E+00, 1.271465E-03 
2.868885E+00, 9.478999E-04 
2.726595E+00, 7.938118E-04 
-8.629863E+00, 2.649746E-05 
1.113628E+01, 9.096243E-06 
5.750786E+00, 4.168133E-04 
-1.828876E+00, 1.284275E-03 
6.368397E+00, 2.131748E-04 
7.177250E+00, 1.131578E-04 
-6.302889E+00, 1.785650E-04 
8.001595E+00, 6.923333E-05 
-8.565004E-01, 1.213916E-03 
-6.142276E+00, 1.133051E-04 
-4.787772E+00, 4.275439E-04 
-5.799607E+00, 2.799725E-04 
1.022226E+01, 7.775817E-06 
5.964183E+00, 2.301930E-04 
-8.311370E+00, 4.597886E-05 
-1.266912E+00, 1.292345E-03 
8.319707E+00, 2.769599E-05 
9.026920E+00, 2.842652E-05 
6.145983E+00, 2.359504E-04 
8.307732E+00, 3.898467E-05 
5.722346E+00, 3.010451E-04 
9.886034E+00, 1.687284E-05 
8.385747E+00, 4.265125E-05 
1.110437E+00, 7.470004E-04 
6.665905E+00, 1.395262E-04 
1.008657E+01, 6.244635E-06 
-6.007454E+00, 1.791144E-04 
-7.433562E+00, 8.453613E-05 
3.161522E-01, 1.201836E-03 
-7.037400E-01, 1.244001E-03 
-3.938355E+00, 6.120223E-04 
8.363603E+00, 3.376934E-05 
-6.304510E+00, 1.362377E-04 
2.668396E+00, 1.139493E-03 
1.171075E+01, 6.177587E-06 
5.417002E+00, 2.473544E-04 
4.514249E-01, 1.321541E-03 
8.561051E+00, 2.533980E-05 
5.337295E-01, 1.610105E-03 
2.461987E+00, 6.838092E-04 
-8.375184E+00, 2.673044E-05 
1.181817E+01, 6.811080E-06 
-2.817485E+00, 5.849637E-04 
4.308558E+00, 3.658975E-04 
6.580922E+00, 1.410454E-04 
-2.085156E+00, 9.248451E-04 
-3.349910E+00, 7.353774E-04 
-6.295428E+00, 1.541656E-04 
-5.658602E-01, 9.150719E-04 
-4.622084E+00, 3.943221E-04 
1.949298E+00, 1.325576E-03 
7.887738E+00, 8.629638E-05 
-2.990151E-01, 1.148130E-03 
9.451449E+00, 1.618694E-05 
-2.486837E+00, 6.973160E-04 
5.377103E+00, 2.921139E-04 
-1.300870E+00, 1.290483E-03 
-1.181709E+01, 7.281284E-06 
-3.662476E-01, 1.643802E-03 
-5.498181E+00, 2.342115E-04 
9.986394E+00, 7.832608E-06 
5.347626E+00, 3.866971E-04 
-9.036377E+00, 2.816594E-05 
2.740344E+00, 1.041246E-03 
8.673771E+00, 3.152404E-05 
9.563904E+00, 8.107542E-06 
7.276362E+00, 7.283492E-05 
-1.317101E-01, 1.057390E-03 
-5.223987E+00, 3.278270E-04 
-5.722429E+00, 3.003762E-04 
5.561905E+00, 2.472639E-04 
-3.857170E+00, 5.115630E-04 
-2.106674E+00, 9.720289E-04 
8.379600E+00, 7.163399E-05 
-6.464113E+00, 1.178374E-04 
-2.423892E+00, 9.506573E-04 
-5.527375E+00, 3.225956E-04 
-9.926277E+00, 1.147326E-05 
9.932758E+00, 7.582053E-06 
5.521627E+00, 3.249874E-04 
5.004308E+00, 2.354019E-04 
-8.803376E+00, 1.428292E-05 
-9.666852E+00, 1.387753E-05 
9.367208E+00, 1.614191E-05 
-6.180255E+00, 1.637788E-04 
-8.775217E+00, 3.145790E-05 
-8.084156E+00, 1.561569E-05 
-8.379384E+00, 3.065008E-05 
-8.134005E+00, 3.059222E-05 
1.012912E+01, 7.547114E-06 
-6.146590E+00, 1.903399E-04 
-5.016937E+00, 3.151635E-04 
7.372020E+00, 8.109198E-05 
-5.193072E+00, 2.981129E-04 
-9.297550E+00, 1.387753E-05 
-9.907809E+00, 6.904518E-06 
-1.013615E+01, 6.271025E-06 
-8.660608E+00, 2.481288E-05 
-9.018786E+00, 1.081565E-05 
-9.974658E+00, 8.071635E-06 
-1.042286E+01, 6.559450E-06 
1.024765E+01, 7.726194E-06 
-1.186576E+01, 1.179560E-05 
-1.234265E+01, 1.188861E-05 
-1.022969E+01, 9.360182E-06 
-1.023143E+01, 8.309605E-06 
-1.005355E+01, 7.909779E-06 
-9.100526E+00, 1.871337E-05 
-9.258167E+00, 1.081565E-05 
-8.283843E+00, 4.349851E-05 
-6.318537E+00, 1.890590E-04 
-6.073758E+00, 1.452482E-04 
-6.275323E+00, 1.445550E-04 
-5.001873E+00, 3.094785E-04 
-5.486196E+00, 2.933257E-04 
-5.181594E+00, 2.882563E-04 
-5.516965E+00, 2.863998E-04 
-2.927496E+00, 6.454469E-04 
-1.030754E+00, 8.711461E-04 
-9.855322E-01, 9.222246E-04 
-3.563873E-01, 9.179433E-04 
-1.662105E-01, 9.064804E-04 
2.145810E+00, 6.811755E-04 
2.210382E+00, 6.560991E-04 
1.988029E+00, 6.212135E-04 
2.579729E+00, 5.989779E-04 
2.790219E+00, 5.928317E-04 
2.260886E+00, 5.869644E-04 
4.295381E+00, 3.247660E-04 
3.922789E+00, 3.221820E-04 
6.468375E+00, 1.685351E-04 
5.955606E+00, 1.610568E-04 
6.300497E+00, 1.496569E-04 
6.145720E+00, 1.329895E-04 
6.178130E+00, 1.325089E-04 
8.985908E+00, 2.221914E-05 
9.057981E+00, 1.934302E-05 
9.178147E+00, 1.502490E-05 
9.538625E+00, 1.494549E-05 
1.009371E+01, 7.726194E-06 
9.790455E+00, 6.383922E-06 
1.011330E+01, 6.244635E-06 
