2.866791E+00, 7.692157E-04 
4.185978E+00, 5.906758E-04 
8.356803E+00, 6.431643E-05 
1.291932E-01, 1.488926E-03 
-8.783792E+00, 1.494994E-05 
2.040163E+00, 1.180859E-03 
-6.391883E-01, 1.446719E-03 
4.481452E-01, 1.096563E-03 
2.653873E+00, 7.703299E-04 
7.444461E+00, 6.865965E-05 
-5.616714E+00, 2.265563E-04 
-9.540580E+00, 1.028254E-05 
-4.316182E+00, 5.096632E-04 
-6.855762E+00, 1.933315E-04 
-7.003746E+00, 1.431921E-04 
7.416039E+00, 7.864868E-05 
5.479992E+00, 2.995180E-04 
7.287149E+00, 9.641153E-05 
8.585499E+00, 5.731895E-05 
-1.036620E+01, 6.936818E-06 
6.061798E+00, 1.493656E-04 
8.564431E+00, 1.898123E-05 
-8.276147E+00, 2.627548E-05 
-4.327475E+00, 5.830114E-04 
2.702280E+00, 5.016698E-04 
-5.647170E+00, 3.890640E-04 
2.397665E+00, 8.206039E-04 
8.934205E+00, 2.076179E-05 
-7.773749E+00, 5.712232E-05 
1.752645E+00, 1.153561E-03 
4.081638E+00, 5.795544E-04 
9.145955E+00, 1.583897E-05 
4.515283E+00, 5.884899E-04 
2.267510E+00, 7.143656E-04 
6.215103E+00, 2.419251E-04 
8.600698E+00, 2.031032E-05 
8.814500E+00, 2.748468E-05 
2.570834E+00, 1.172442E-03 
-6.110650E+00, 7.139800E-05 
7.669572E+00, 1.275867E-04 
-3.588818E+00, 5.593911E-04 
1.016131E+01, 8.736651E-06 
5.313888E+00, 4.781612E-04 
-4.306265E+00, 3.773438E-04 
-5.395889E+00, 2.203777E-04 
-8.125104E+00, 1.938322E-05 
-2.834566E+00, 7.570870E-04 
3.093272E+00, 1.144486E-03 
-9.891125E+00, 1.457065E-05 
1.617886E+00, 8.719910E-04 
-1.043713E+01, 1.077661E-05 
8.860592E-01, 1.249257E-03 
1.019230E+01, 6.580883E-06 
2.471696E+00, 8.000528E-04 
7.980094E+00, 1.194956E-04 
-7.784263E-01, 8.429422E-04 
-3.541119E+00, 4.584961E-04 
2.822816E+00, 7.299129E-04 
-9.228862E+00, 1.507749E-05 
-6.038481E+00, 1.266084E-04 
-7.396921E+00, 5.763304E-05 
1.020340E+01, 1.117085E-05 
1.022414E+01, 6.774791E-06 
-5.793116E+00, 1.243832E-04 
5.000777E-01, 1.685597E-03 
-1.103841E+01, 1.148077E-05 
-6.060450E+00, 1.723554E-04 
-1.048558E+01, 6.187090E-06 
7.338874E+00, 1.006387E-04 
-4.611735E-01, 8.440093E-04 
2.372958E+00, 6.005437E-04 
-3.372630E+00, 7.861392E-04 
6.673981E+00, 1.962009E-04 
1.703578E+00, 8.855323E-04 
-1.961472E-01, 1.246982E-03 
-4.996133E+00, 4.823008E-04 
-5.571657E+00, 3.924885E-04 
6.914276E+00, 1.454425E-04 
-2.303857E+00, 8.722465E-04 
6.259236E+00, 1.643370E-04 
1.771883E+00, 1.277648E-03 
-8.682996E+00, 1.359486E-05 
8.635746E+00, 2.841410E-05 
-6.599489E+00, 1.074013E-04 
6.396785E+00, 1.334838E-04 
1.030510E+01, 1.162985E-05 
-1.373155E+00, 1.147180E-03 
3.860603E+00, 5.653517E-04 
-8.619445E+00, 1.577474E-05 
2.509469E+00, 1.129051E-03 
8.269587E+00, 3.805730E-05 
-1.079720E+01, 8.132584E-06 
6.419256E+00, 1.346027E-04 
1.181084E+00, 7.568243E-04 
9.794858E+00, 1.198910E-05 
9.830166E+00, 1.411031E-05 
-8.198707E+00, 2.425910E-05 
7.658925E+00, 1.166524E-04 
8.291172E+00, 7.638658E-05 
5.365696E+00, 2.250185E-04 
-1.481161E+00, 2.057488E-03 
-2.367105E+00, 8.769008E-04 
-3.762116E+00, 4.455978E-04 
-6.916731E+00, 4.941710E-05 
-6.701548E+00, 1.166138E-04 
6.337546E+00, 1.156084E-04 
-4.587960E-01, 7.993693E-04 
-3.453862E+00, 5.452406E-04 
-1.123504E+00, 1.342289E-03 
-8.951180E+00, 1.432080E-05 
7.957798E+00, 9.065447E-05 
1.793830E+00, 1.213263E-03 
-1.013937E+01, 7.119817E-06 
8.422869E+00, 6.345130E-05 
8.001741E+00, 5.238707E-05 
-1.020959E+01, 6.598606E-06 
1.080667E+01, 9.057906E-06 
-9.137251E+00, 2.450501E-05 
-8.672312E+00, 2.397673E-05 
4.602901E+00, 3.693353E-04 
6.580372E+00, 1.417795E-04 
-2.599083E+00, 7.945894E-04 
7.883923E+00, 1.130007E-04 
7.462702E+00, 8.350267E-05 
-4.544546E+00, 5.951573E-04 
9.281850E+00, 1.739456E-05 
2.259499E+00, 7.202001E-04 
1.055298E+01, 7.938193E-06 
8.274521E+00, 4.421878E-05 
-2.919475E+00, 4.461926E-04 
1.158951E+00, 1.118306E-03 
8.851057E+00, 4.698266E-05 
9.246563E+00, 1.648922E-05 
-9.750423E+00, 7.620455E-06 
-1.393828E+00, 1.166410E-03 
-9.082967E+00, 1.614797E-05 
-5.492475E-01, 1.319006E-03 
-9.941437E+00, 7.843284E-06 
4.725462E+00, 6.272496E-04 
-1.802101E+00, 1.297077E-03 
-8.044416E+00, 2.573959E-05 
9.430161E-01, 1.753409E-03 
-7.793915E+00, 7.324737E-05 
-2.794046E+00, 8.388840E-04 
-1.593042E+00, 1.407057E-03 
-1.029566E+00, 1.455265E-03 
4.295208E+00, 3.958344E-04 
-8.974038E+00, 1.984810E-05 
-1.131474E+01, 8.754228E-06 
9.904747E-01, 8.349205E-04 
-2.652149E+00, 6.366353E-04 
-8.737722E+00, 2.022863E-05 
-1.058651E+01, 6.711332E-06 
3.926009E+00, 5.597977E-04 
-9.731852E+00, 8.418554E-06 
3.979485E+00, 9.780442E-04 
4.586586E+00, 6.440961E-04 
1.105477E+01, 7.380359E-06 
-1.185626E+01, 7.334377E-06 
1.501380E+00, 1.017821E-03 
-2.653485E+00, 7.085951E-04 
9.506178E+00, 7.495080E-06 
2.221615E+00, 1.062057E-03 
-3.023365E+00, 9.972882E-04 
-7.019569E-01, 9.814997E-04 
-9.268996E+00, 1.193489E-05 
-6.070341E+00, 1.179727E-04 
8.773278E+00, 3.086816E-05 
8.378672E+00, 1.077906E-04 
7.079767E+00, 6.945586E-05 
-1.248134E+00, 1.289839E-03 
9.519283E+00, 1.083957E-05 
1.427941E+00, 8.308142E-04 
-9.110997E+00, 1.523487E-05 
6.495983E-01, 1.204476E-03 
3.865274E+00, 6.178920E-04 
-3.370297E+00, 6.442037E-04 
7.989789E+00, 7.507280E-05 
8.085571E+00, 3.819329E-05 
-7.226193E+00, 8.554742E-05 
-8.657901E+00, 1.077797E-05 
1.561307E+00, 8.464494E-04 
9.251434E+00, 1.669199E-05 
6.238917E+00, 1.921939E-04 
-6.715463E+00, 1.237224E-04 
1.111898E+01, 7.386625E-06 
8.452618E+00, 4.654957E-05 
-3.819692E+00, 5.760813E-04 
-4.301866E+00, 5.850649E-04 
8.055488E+00, 6.855790E-05 
-8.078173E+00, 6.714846E-05 
-7.278115E+00, 6.275681E-05 
3.522310E+00, 8.829291E-04 
2.276467E-01, 1.379721E-03 
1.526565E+00, 8.529046E-04 
-5.020334E+00, 2.679692E-04 
4.943468E+00, 4.952993E-04 
7.634227E+00, 8.898783E-05 
9.820182E+00, 1.692670E-05 
-5.457896E+00, 2.709052E-04 
1.008458E+01, 1.291481E-05 
8.690186E+00, 4.778785E-05 
1.099055E+00, 7.715430E-04 
8.608307E-01, 1.619074E-03 
-2.043516E-01, 9.416975E-04 
-4.172102E+00, 5.351259E-04 
-4.768144E+00, 4.026996E-04 
-9.847190E+00, 9.297969E-06 
6.525655E+00, 1.270348E-04 
-6.577074E+00, 1.194836E-04 
4.318206E-01, 1.434247E-03 
1.720158E+00, 1.189181E-03 
-6.464292E+00, 1.449821E-04 
7.585526E+00, 1.089838E-04 
4.759382E+00, 6.146570E-04 
-5.515898E+00, 2.679285E-04 
7.884943E+00, 2.199579E-05 
-8.298011E+00, 1.777977E-05 
-6.563531E+00, 8.153339E-05 
1.012514E+01, 7.495080E-06 
5.576892E-01, 1.688118E-03 
-1.259088E+00, 1.354759E-03 
-1.590296E+00, 1.109935E-03 
5.972269E+00, 1.603174E-04 
3.038237E+00, 9.469681E-04 
-7.634914E+00, 6.087226E-05 
3.461832E+00, 6.035609E-04 
1.023315E+01, 8.736651E-06 
-9.815021E-02, 1.467860E-03 
-9.200852E+00, 9.695624E-06 
8.563836E+00, 2.016903E-05 
5.703012E+00, 2.035937E-04 
9.038477E+00, 1.085140E-05 
2.967152E-01, 1.234766E-03 
-5.979971E+00, 1.194836E-04 
-3.679767E+00, 7.877035E-04 
2.869791E+00, 7.342304E-04 
-4.971931E-01, 7.868048E-04 
-7.652555E+00, 6.909953E-05 
-1.025040E+01, 7.502022E-06 
9.460119E+00, 1.554379E-05 
-3.258536E+00, 5.338540E-04 
-1.329810E+00, 1.455265E-03 
-3.831810E+00, 2.654957E-04 
-1.068362E+01, 7.113128E-06 
7.331693E+00, 1.232336E-04 
8.635056E+00, 2.735812E-05 
5.206492E+00, 4.124560E-04 
1.879697E+00, 9.274802E-04 
-2.626528E-01, 1.246872E-03 
-7.685355E+00, 6.268192E-05 
-4.771367E+00, 5.523365E-04 
1.048423E+01, 9.111524E-06 
-1.639617E+00, 1.580879E-03 
-1.654668E+00, 1.596560E-03 
-1.009494E+01, 7.284798E-06 
-7.605937E+00, 5.422412E-05 
2.123960E+00, 9.850089E-04 
3.852237E+00, 8.758345E-04 
9.753296E+00, 1.359775E-05 
-3.929796E+00, 4.356887E-04 
-8.995518E+00, 2.043598E-05 
2.868947E+00, 5.487873E-04 
-1.932088E+00, 9.158112E-04 
-8.337352E+00, 2.147543E-05 
-7.182804E-01, 1.034960E-03 
3.858321E+00, 5.798741E-04 
4.752556E+00, 5.638788E-04 
-7.292352E+00, 5.371386E-05 
5.227835E+00, 2.830526E-04 
-6.962073E+00, 5.099584E-05 
1.145220E+01, 7.932139E-06 
8.213688E+00, 7.049698E-05 
6.872906E+00, 1.941610E-04 
-1.226118E-01, 1.034522E-03 
-8.352542E-01, 9.459886E-04 
-6.342454E+00, 1.427847E-04 
6.002858E+00, 1.442744E-04 
4.460192E+00, 7.075793E-04 
-1.315764E+00, 1.091131E-03 
-5.217593E+00, 2.878304E-04 
4.912981E+00, 5.631018E-04 
-1.628152E+00, 1.561615E-03 
-2.821992E+00, 8.832819E-04 
2.377469E+00, 8.312467E-04 
2.581097E+00, 7.262536E-04 
-6.794857E+00, 1.305287E-04 
-4.242838E+00, 5.678301E-04 
-7.585515E-01, 9.550101E-04 
-7.320180E+00, 9.536298E-05 
-6.002361E+00, 2.049781E-04 
-3.656309E+00, 4.953388E-04 
-1.184216E+00, 1.257390E-03 
-5.963022E+00, 1.311354E-04 
7.145232E+00, 1.636474E-04 
7.593564E-01, 7.568243E-04 
-5.649775E+00, 2.719400E-04 
-1.252423E+01, 7.317317E-06 
8.832910E+00, 2.016106E-05 
4.389411E+00, 6.677995E-04 
-2.877643E+00, 7.549499E-04 
-6.485500E+00, 1.679921E-04 
6.698207E+00, 1.555256E-04 
7.771827E+00, 8.251321E-05 
-7.274300E+00, 5.929344E-05 
-1.338495E+01, 6.417492E-06 
-1.231622E+00, 1.210838E-03 
-5.756576E+00, 2.462129E-04 
-6.629386E+00, 1.029945E-04 
9.244196E+00, 1.310693E-05 
9.287688E+00, 1.409720E-05 
-8.649155E+00, 1.087926E-05 
6.263504E+00, 1.588199E-04 
-3.636255E+00, 5.231988E-04 
1.042816E+01, 7.172604E-06 
6.382201E+00, 2.127483E-04 
-7.553908E+00, 6.537503E-05 
-7.245426E+00, 7.991003E-05 
3.762367E-02, 1.425696E-03 
-8.032821E+00, 2.626695E-05 
5.031707E+00, 3.028181E-04 
5.178112E+00, 3.731686E-04 
2.123090E+00, 9.062234E-04 
7.220257E+00, 7.695268E-05 
-2.448368E+00, 1.029798E-03 
2.613884E+00, 7.748959E-04 
7.730606E+00, 1.254921E-04 
-8.576082E+00, 2.550566E-05 
7.458611E+00, 1.241848E-04 
1.070290E+01, 6.445461E-06 
-7.869160E+00, 8.036148E-05 
6.955714E+00, 1.495884E-04 
-1.071028E+01, 9.227029E-06 
-1.007158E+01, 9.646634E-06 
-2.502653E+00, 1.102932E-03 
5.979068E+00, 1.921939E-04 
1.115616E+01, 6.678860E-06 
3.002178E+00, 8.681239E-04 
5.688131E+00, 2.522465E-04 
7.134470E+00, 1.006412E-04 
4.060718E-01, 1.591999E-03 
-5.961219E+00, 1.436883E-04 
-9.734656E+00, 9.045889E-06 
-5.774584E-01, 1.164430E-03 
1.796683E-01, 1.863058E-03 
-8.473701E+00, 4.019046E-05 
-8.938640E+00, 1.479566E-05 
-5.539242E+00, 3.614249E-04 
6.875707E+00, 1.018507E-04 
-7.574854E+00, 5.852963E-05 
-5.042785E-01, 8.206236E-04 
5.142196E+00, 2.554954E-04 
9.576171E+00, 1.309677E-05 
1.882308E+00, 8.660231E-04 
-5.755166E+00, 2.045136E-04 
-6.430636E+00, 1.038697E-04 
-9.656485E+00, 1.216108E-05 
2.414731E+00, 6.444969E-04 
6.801162E+00, 1.449274E-04 
-1.403578E+00, 1.123997E-03 
1.512230E+00, 8.090863E-04 
6.618434E+00, 1.810770E-04 
-4.427883E-02, 1.225383E-03 
8.713823E+00, 3.538458E-05 
-4.765629E+00, 5.299984E-04 
-5.454345E+00, 3.169622E-04 
-6.349121E+00, 1.255390E-04 
8.151688E+00, 5.731895E-05 
-8.168676E-01, 1.181016E-03 
-2.848787E+00, 1.177400E-03 
5.329868E+00, 2.528943E-04 
-1.227845E+00, 1.302108E-03 
-3.108675E+00, 4.339401E-04 
-1.375469E+00, 1.475985E-03 
1.699883E+00, 9.551395E-04 
-1.008811E+01, 6.651062E-06 
-4.698717E+00, 6.137828E-04 
9.236551E+00, 1.512727E-05 
-1.786203E+00, 1.638960E-03 
4.830764E+00, 4.904322E-04 
8.441365E-01, 1.236784E-03 
9.500762E+00, 1.922074E-05 
3.512169E+00, 8.858282E-04 
-2.962056E+00, 1.217263E-03 
1.517960E+00, 1.240307E-03 
1.278894E+00, 1.220210E-03 
1.119144E+00, 7.368772E-04 
-3.177323E+00, 7.710910E-04 
4.947458E+00, 4.177402E-04 
4.494142E+00, 4.232743E-04 
-6.464908E+00, 1.193178E-04 
-7.491799E+00, 6.267314E-05 
3.716938E+00, 8.992149E-04 
-8.237274E+00, 2.473314E-05 
-5.177108E+00, 2.589635E-04 
-3.456952E+00, 6.034608E-04 
-7.566513E+00, 5.288325E-05 
5.295363E+00, 3.596285E-04 
4.687740E+00, 4.922672E-04 
-1.066832E+01, 9.155110E-06 
6.814080E+00, 1.923230E-04 
-3.099415E+00, 8.543154E-04 
6.918944E+00, 8.615864E-05 
2.378163E+00, 6.494550E-04 
1.011008E+01, 8.089651E-06 
-5.260947E+00, 3.048571E-04 
-2.529700E-01, 8.120109E-04 
-7.520015E+00, 4.931584E-05 
-5.100813E+00, 3.634079E-04 
-4.074978E+00, 4.663122E-04 
-1.066700E+01, 9.621971E-06 
-2.741861E+00, 8.354426E-04 
6.215153E+00, 1.811499E-04 
-6.833916E+00, 5.898996E-05 
-9.350339E+00, 8.840804E-06 
9.802942E+00, 9.043890E-06 
5.977793E+00, 2.127483E-04 
-9.882222E-01, 8.781427E-04 
-2.359617E-01, 1.215565E-03 
5.991921E-01, 1.904180E-03 
9.482869E-02, 1.061819E-03 
-4.987212E+00, 2.495940E-04 
6.973774E+00, 9.189635E-05 
-8.674607E+00, 2.885072E-05 
-9.820988E+00, 1.445450E-05 
1.066776E+00, 8.349205E-04 
-9.631693E+00, 7.711036E-06 
5.769505E+00, 3.390336E-04 
9.476474E+00, 1.351064E-05 
8.223207E-01, 1.293490E-03 
6.376852E+00, 1.417605E-04 
-7.071448E+00, 1.855386E-04 
7.610314E+00, 7.928305E-05 
-2.342953E+00, 7.809585E-04 
4.876506E+00, 5.757416E-04 
-7.384215E+00, 5.977154E-05 
1.061323E+01, 9.458744E-06 
5.497285E+00, 1.849877E-04 
5.366999E+00, 2.974831E-04 
1.079104E+01, 9.081041E-06 
7.004558E+00, 1.466065E-04 
-9.101663E+00, 1.710453E-05 
-4.147090E+00, 4.261108E-04 
-2.484049E+00, 1.220349E-03 
5.261183E+00, 3.160260E-04 
1.237447E+00, 8.656938E-04 
-5.698541E+00, 2.411504E-04 
7.410834E+00, 1.043427E-04 
-2.346144E-01, 1.070835E-03 
-4.318201E+00, 3.966388E-04 
9.296078E+00, 1.488806E-05 
8.802145E+00, 2.268836E-05 
1.708731E+00, 1.192516E-03 
5.438757E+00, 2.986592E-04 
5.517865E+00, 2.176740E-04 
-7.633406E+00, 6.382354E-05 
9.608412E+00, 9.673861E-06 
1.038043E+01, 7.786916E-06 
-7.976928E+00, 4.157194E-05 
-4.097652E+00, 3.861726E-04 
5.386245E+00, 3.241994E-04 
-6.502182E+00, 1.243832E-04 
-9.921410E+00, 6.336646E-06 
-7.385197E+00, 5.094583E-05 
3.516956E+00, 5.761773E-04 
-7.100657E+00, 5.233862E-05 
1.313806E+00, 1.312241E-03 
-2.486597E+00, 1.070038E-03 
-5.632921E-02, 1.565749E-03 
-6.524132E+00, 1.436883E-04 
6.816078E+00, 6.502055E-05 
7.642278E+00, 8.567497E-05 
-1.234086E-02, 7.618521E-04 
-9.269269E+00, 1.271393E-05 
-1.226154E+01, 8.893735E-06 
-6.615797E+00, 1.167456E-04 
-4.308169E+00, 4.267027E-04 
-5.119816E+00, 2.261230E-04 
-9.272760E+00, 1.265504E-05 
-6.403713E+00, 1.693468E-04 
7.919544E+00, 9.885471E-05 
-8.975791E-01, 9.316023E-04 
-1.496292E+00, 1.476753E-03 
-1.434016E-01, 8.744506E-04 
-6.373572E-01, 7.993693E-04 
5.524807E+00, 2.605107E-04 
7.218073E+00, 9.742057E-05 
8.095412E+00, 1.956291E-05 
-5.302252E+00, 2.589635E-04 
-4.996936E+00, 2.189064E-04 
-1.231941E+01, 7.924432E-06 
-2.743979E+00, 5.613339E-04 
2.283556E+00, 7.696869E-04 
7.224395E+00, 7.866739E-05 
-5.181241E+00, 2.026800E-04 
9.503169E+00, 1.400357E-05 
-9.460962E+00, 9.980040E-06 
3.865130E+00, 6.364790E-04 
-7.050724E+00, 9.562777E-05 
6.314039E+00, 1.409005E-04 
-4.014965E-01, 1.224079E-03 
-5.574296E+00, 2.635960E-04 
3.650720E+00, 6.298097E-04 
2.219591E+00, 6.097522E-04 
-5.723356E+00, 2.498666E-04 
7.304175E+00, 7.691345E-05 
-5.833288E+00, 1.311354E-04 
-6.146953E+00, 1.723554E-04 
-1.815724E-01, 1.065799E-03 
-1.879892E+00, 1.714883E-03 
7.873601E+00, 1.092662E-04 
2.299602E+00, 6.005437E-04 
-4.198809E-01, 9.565352E-04 
-6.865945E-02, 8.889108E-04 
-7.417592E+00, 9.019668E-05 
-1.721872E+00, 1.602177E-03 
9.604950E-01, 1.848885E-03 
-1.925247E-01, 1.085553E-03 
1.971932E+00, 9.878100E-04 
4.877664E+00, 4.979297E-04 
6.853348E+00, 1.606194E-04 
-6.791964E-01, 8.063960E-04 
-2.109821E+00, 1.075603E-03 
-8.165347E+00, 2.719761E-05 
-9.596911E+00, 1.332744E-05 
4.455401E+00, 4.093274E-04 
9.557510E+00, 1.650571E-05 
1.123469E+01, 6.622144E-06 
-1.990032E+00, 1.624095E-03 
2.470798E+00, 7.751340E-04 
1.012099E+01, 8.475696E-06 
-4.772195E+00, 4.382880E-04 
7.441571E+00, 9.083894E-05 
-7.316253E+00, 9.945353E-05 
-1.330767E+00, 2.111846E-03 
-2.155050E+00, 8.002059E-04 
9.760962E+00, 1.125335E-05 
1.152795E+01, 1.172071E-05 
1.096546E+01, 6.986741E-06 
4.403155E+00, 6.211670E-04 
3.070555E+00, 8.653295E-04 
1.188512E+01, 1.265144E-05 
3.291850E+00, 6.084675E-04 
9.938987E+00, 1.259449E-05 
6.189959E+00, 1.411919E-04 
1.036961E+01, 8.089651E-06 
-8.238129E+00, 3.784610E-05 
1.445198E+00, 8.308142E-04 
3.419510E+00, 6.352000E-04 
2.350079E+00, 9.700150E-04 
-1.147724E+01, 7.010644E-06 
6.416615E+00, 1.566866E-04 
-4.019563E+00, 4.207928E-04 
-2.698253E+00, 7.252079E-04 
-1.978213E+00, 1.295689E-03 
-3.930144E+00, 6.370189E-04 
-5.386166E+00, 3.382090E-04 
6.922151E+00, 1.290608E-04 
-3.678534E+00, 3.921062E-04 
5.654920E+00, 2.363659E-04 
-8.843958E+00, 3.114326E-05 
2.607907E+00, 7.930254E-04 
-3.345766E-01, 8.300332E-04 
7.804491E-01, 1.455113E-03 
4.882102E+00, 4.183537E-04 
-7.311116E+00, 5.864916E-05 
1.143194E+01, 9.722040E-06 
-7.101024E+00, 9.148957E-05 
-6.354880E+00, 1.050643E-04 
4.638759E-01, 1.189970E-03 
8.860073E+00, 4.632218E-05 
9.939720E+00, 1.085140E-05 
6.340748E+00, 1.492634E-04 
1.785402E+00, 8.915370E-04 
-6.260007E+00, 1.150999E-04 
9.907652E+00, 1.038591E-05 
-4.432421E+00, 3.472027E-04 
-1.010373E+01, 9.014994E-06 
4.072528E+00, 4.821930E-04 
-1.643497E+00, 1.464657E-03 
4.694341E-01, 1.241349E-03 
-2.384617E+00, 9.643567E-04 
1.462522E+00, 1.138676E-03 
9.479159E+00, 1.766209E-05 
3.562149E+00, 7.501070E-04 
-1.600921E+00, 1.484767E-03 
-5.831862E+00, 2.440079E-04 
9.706189E+00, 8.565474E-06 
-5.140266E-02, 1.182856E-03 
-6.262190E+00, 1.672136E-04 
1.819646E+00, 8.660231E-04 
8.330855E+00, 5.071433E-05 
-3.694900E+00, 4.884682E-04 
-9.315539E+00, 1.297418E-05 
-6.415509E+00, 1.074013E-04 
-7.520597E+00, 6.479603E-05 
6.473519E+00, 2.127483E-04 
-7.683355E+00, 6.230800E-05 
-6.913835E+00, 5.722736E-05 
-8.865455E+00, 1.420392E-05 
-3.893249E+00, 7.628509E-04 
-6.796155E+00, 1.115995E-04 
7.145717E+00, 7.044701E-05 
2.600529E+00, 7.143656E-04 
-4.157617E+00, 6.732918E-04 
7.432290E+00, 8.007220E-05 
-1.943829E-01, 8.625903E-04 
4.010775E+00, 6.443699E-04 
4.457016E+00, 4.793592E-04 
-6.478340E+00, 8.328639E-05 
-1.572871E+00, 1.222009E-03 
-2.741277E+00, 1.287263E-03 
-3.936900E-01, 1.367462E-03 
4.842186E+00, 4.222682E-04 
-9.820248E+00, 7.973418E-06 
8.596678E+00, 7.164948E-05 
4.924130E+00, 5.567860E-04 
9.653601E+00, 1.359474E-05 
9.317274E+00, 7.476465E-06 
1.912417E+00, 1.100190E-03 
4.785204E+00, 5.351162E-04 
-7.754230E+00, 5.360929E-05 
1.722892E+00, 1.266333E-03 
-3.731127E-01, 1.046867E-03 
-4.591418E+00, 4.455978E-04 
9.091044E+00, 2.340296E-05 
-7.002901E+00, 5.274220E-05 
2.930708E+00, 7.958076E-04 
-9.426698E+00, 9.845396E-06 
2.386786E-01, 1.482402E-03 
4.456757E+00, 6.586380E-04 
-4.232272E+00, 4.028241E-04 
-8.547975E+00, 3.588239E-05 
-1.518444E+00, 1.218742E-03 
9.901239E-01, 8.815395E-04 
9.836200E+00, 1.661585E-05 
-9.283461E+00, 8.418554E-06 
-4.546812E+00, 3.615349E-04 
-9.321307E+00, 1.053577E-05 
2.433143E+00, 8.656938E-04 
4.859710E+00, 6.825601E-04 
4.963558E+00, 4.848981E-04 
-1.152673E+00, 1.290273E-03 
-1.058735E+01, 9.357492E-06 
-6.300118E-01, 1.255360E-03 
-6.851671E-01, 7.531964E-04 
4.308671E+00, 4.748753E-04 
5.870641E+00, 2.865160E-04 
4.341306E+00, 4.821930E-04 
5.531191E+00, 2.613150E-04 
-2.016460E+00, 1.230168E-03 
-3.164478E+00, 8.394763E-04 
-2.827618E+00, 9.412096E-04 
9.395374E+00, 1.346814E-05 
-5.003428E+00, 2.013975E-04 
8.036084E+00, 7.189641E-05 
-3.856712E+00, 6.148296E-04 
-2.391334E+00, 1.164101E-03 
-9.736878E+00, 1.412987E-05 
-5.393857E+00, 3.097624E-04 
-4.245824E+00, 3.904962E-04 
-1.758106E+00, 1.307526E-03 
6.299138E+00, 1.324375E-04 
7.465669E-01, 2.097285E-03 
1.293198E+00, 1.387613E-03 
-1.927973E+00, 1.215604E-03 
6.282888E+00, 1.523108E-04 
-9.671620E+00, 1.047297E-05 
5.367541E-01, 1.128967E-03 
2.797058E-01, 1.467052E-03 
8.778580E+00, 3.704104E-05 
-8.820886E+00, 1.309549E-05 
-1.244259E+01, 6.520777E-06 
4.167961E+00, 4.759823E-04 
4.283979E+00, 8.032535E-04 
2.705970E+00, 5.976797E-04 
7.202526E-01, 2.036787E-03 
4.621357E+00, 6.837586E-04 
8.164400E-01, 1.096563E-03 
-3.024454E+00, 7.053119E-04 
-8.615682E+00, 1.242342E-05 
-6.901295E-01, 1.157232E-03 
7.538151E+00, 1.242846E-04 
-4.042997E+00, 4.437319E-04 
5.206995E+00, 1.670053E-04 
-3.139224E+00, 5.975004E-04 
5.317239E-01, 1.147349E-03 
1.762133E-01, 1.201881E-03 
6.381188E+00, 1.582097E-04 
-3.386124E+00, 5.304566E-04 
7.326285E-01, 1.409036E-03 
-4.364931E+00, 5.534693E-04 
3.178747E+00, 8.525610E-04 
7.005689E+00, 8.278329E-05 
-8.132355E+00, 7.273215E-05 
-1.831432E+00, 1.249011E-03 
4.079908E+00, 5.261354E-04 
4.811196E+00, 5.638788E-04 
9.315228E+00, 2.451259E-05 
-9.180773E+00, 7.717576E-06 
-4.644448E+00, 4.474189E-04 
2.941118E+00, 5.144356E-04 
7.876330E+00, 7.622685E-05 
1.058999E+00, 1.566168E-03 
3.147162E+00, 7.234173E-04 
-1.594861E+00, 1.148909E-03 
-4.933625E+00, 3.615349E-04 
2.703157E+00, 5.991464E-04 
8.152104E+00, 8.343871E-05 
-4.306556E+00, 4.899545E-04 
2.019865E+00, 1.316579E-03 
1.359389E+00, 8.719910E-04 
-7.025440E+00, 5.427070E-05 
6.566425E+00, 1.455761E-04 
2.100413E+00, 6.720109E-04 
9.904813E-02, 1.786662E-03 
-4.070698E+00, 3.620849E-04 
9.260661E+00, 1.963761E-05 
-6.590153E+00, 1.560994E-04 
1.062408E+01, 7.333467E-06 
-5.512254E+00, 2.873487E-04 
4.862571E+00, 6.820353E-04 
-1.177649E+01, 6.476780E-06 
4.722056E+00, 7.406153E-04 
-1.095637E+01, 6.922224E-06 
3.945214E+00, 9.795885E-04 
-4.310520E+00, 4.832985E-04 
6.746457E+00, 8.843828E-05 
5.670535E+00, 2.477413E-04 
9.902573E+00, 1.153702E-05 
-3.886650E+00, 5.920325E-04 
5.483612E+00, 3.466853E-04 
3.019365E+00, 1.164803E-03 
5.966856E+00, 7.663768E-05 
2.381961E+00, 1.143629E-03 
4.447670E+00, 4.010126E-04 
-4.102329E+00, 3.773438E-04 
-7.060631E+00, 7.095445E-05 
-2.971095E+00, 7.383765E-04 
4.336913E+00, 6.012266E-04 
9.171073E+00, 1.096832E-05 
-9.029019E-01, 1.236281E-03 
-4.153307E+00, 5.610513E-04 
3.620492E+00, 7.289604E-04 
-8.162243E+00, 3.447462E-05 
-2.320716E+00, 8.064446E-04 
-7.881014E+00, 5.220382E-05 
4.302684E+00, 4.891923E-04 
-2.600068E+00, 8.334677E-04 
-1.116514E+01, 8.870643E-06 
-2.920566E+00, 1.280633E-03 
4.166210E+00, 8.517448E-04 
-6.497173E+00, 6.810841E-05 
-7.878677E+00, 5.166489E-05 
-8.391323E+00, 6.825480E-05 
-4.578707E+00, 3.603886E-04 
-3.403530E+00, 8.242085E-04 
2.731679E+00, 1.043846E-03 
-9.121654E+00, 1.080844E-05 
2.912270E+00, 5.391197E-04 
-1.601177E+00, 1.506409E-03 
3.984544E-01, 1.102413E-03 
-2.977650E-01, 7.702201E-04 
1.046022E+00, 9.354297E-04 
-5.573725E+00, 3.815922E-04 
-1.781775E+00, 1.691851E-03 
1.002884E+01, 8.089651E-06 
-7.624558E+00, 7.996889E-05 
-5.971836E+00, 1.886848E-04 
-6.777398E+00, 8.208748E-05 
-4.351687E+00, 4.109247E-04 
-3.401765E+00, 6.944054E-04 
3.299592E+00, 5.177615E-04 
-2.826023E+00, 8.064446E-04 
3.917793E+00, 5.224365E-04 
-7.885441E+00, 5.943910E-05 
7.033139E+00, 1.389287E-04 
-9.764640E+00, 8.589566E-06 
9.308580E+00, 1.910527E-05 
-2.834658E+00, 8.591886E-04 
3.640260E-01, 1.189172E-03 
-3.412072E+00, 6.442037E-04 
1.178020E+01, 6.306852E-06 
9.898048E+00, 1.526920E-05 
-2.317775E+00, 7.891408E-04 
-1.581812E-01, 9.291809E-04 
2.452024E+00, 8.728997E-04 
-1.197099E+01, 6.476780E-06 
-9.686956E+00, 8.283480E-06 
5.416325E+00, 1.979172E-04 
1.040492E+01, 7.999934E-06 
1.221372E+01, 7.828507E-06 
8.263548E+00, 4.201709E-05 
-8.136533E+00, 1.974497E-05 
5.760043E+00, 2.950249E-04 
6.670038E-01, 1.182373E-03 
-1.354838E-01, 1.105823E-03 
-5.419643E+00, 2.273219E-04 
4.769842E+00, 5.198939E-04 
8.728717E+00, 3.686084E-05 
9.030690E+00, 3.108466E-05 
1.840350E+00, 1.209812E-03 
-5.359955E+00, 3.283264E-04 
-7.542621E+00, 5.545657E-05 
-7.003946E+00, 1.397073E-04 
-3.611057E+00, 4.540243E-04 
9.502041E+00, 1.382243E-05 
-4.151253E+00, 3.547849E-04 
6.769575E+00, 1.514091E-04 
-5.759057E+00, 2.398438E-04 
5.585774E+00, 2.179484E-04 
3.422659E+00, 7.493080E-04 
-3.351769E+00, 4.972318E-04 
-1.119015E+00, 1.401899E-03 
5.983198E+00, 1.619040E-04 
1.670577E-01, 1.219996E-03 
-7.204627E+00, 7.058083E-05 
-3.605580E+00, 6.099476E-04 
-9.479057E+00, 1.288586E-05 
1.262241E-01, 1.545150E-03 
-1.505176E+00, 1.931845E-03 
2.613284E-01, 1.115325E-03 
3.810920E+00, 6.036361E-04 
-5.754880E+00, 2.780540E-04 
-4.552299E+00, 5.686548E-04 
-3.189211E+00, 7.973189E-04 
-3.781921E+00, 5.746500E-04 
2.101968E+00, 6.150603E-04 
1.076631E+01, 1.038591E-05 
-9.412060E+00, 1.400958E-05 
-4.396930E+00, 3.383956E-04 
1.575959E+00, 7.617459E-04 
-4.201633E+00, 3.656027E-04 
8.481784E+00, 3.430136E-05 
8.992082E+00, 1.283752E-05 
3.206609E+00, 8.234554E-04 
-8.220724E+00, 3.447462E-05 
-3.468600E-01, 1.101382E-03 
-9.687837E+00, 9.014994E-06 
3.258453E+00, 6.653477E-04 
-5.684240E-01, 7.797530E-04 
7.997081E+00, 4.727209E-05 
5.788924E+00, 1.637164E-04 
-6.803290E+00, 1.050643E-04 
9.073212E+00, 1.983822E-05 
-8.739193E+00, 1.997522E-05 
5.761545E-01, 1.171102E-03 
-6.201315E+00, 1.427847E-04 
-3.078617E-02, 7.737127E-04 
1.861201E-01, 1.170579E-03 
-8.084078E+00, 5.181645E-05 
1.009551E+01, 1.064762E-05 
1.424439E+00, 8.409544E-04 
8.390122E+00, 6.855790E-05 
6.147142E+00, 1.582097E-04 
-9.686989E-01, 1.180867E-03 
6.287191E+00, 1.525458E-04 
7.014786E-01, 1.149164E-03 
-1.245405E+01, 7.412420E-06 
1.936488E+00, 7.751340E-04 
3.617382E+00, 9.491853E-04 
1.719018E+00, 9.370916E-04 
-9.276286E+00, 1.049061E-05 
-5.037430E+00, 2.385608E-04 
7.096141E+00, 1.295431E-04 
-5.151455E+00, 3.273854E-04 
4.162775E+00, 7.278494E-04 
-4.221746E+00, 3.940446E-04 
-4.173334E+00, 4.089535E-04 
-1.105114E+01, 8.629504E-06 
-1.031211E+01, 1.067917E-05 
-6.989489E-02, 7.797530E-04 
6.124585E-01, 1.067382E-03 
7.588611E+00, 7.354837E-05 
6.527842E+00, 8.286968E-05 
-7.712259E+00, 5.125927E-05 
1.415373E+00, 1.188135E-03 
-2.234431E+00, 6.660878E-04 
5.336728E+00, 4.441901E-04 
-6.536293E+00, 1.179727E-04 
-1.449652E+01, 7.127346E-06 
-5.015186E+00, 2.212394E-04 
-9.302282E+00, 7.717576E-06 
1.838482E+00, 7.223871E-04 
8.002537E+00, 2.893866E-05 
4.385114E+00, 4.689728E-04 
1.010902E+01, 1.424954E-05 
-7.579718E+00, 9.019668E-05 
8.820169E+00, 2.103519E-05 
1.003020E-01, 1.141363E-03 
3.160807E-01, 1.268365E-03 
1.831461E+00, 1.295417E-03 
-4.253239E+00, 3.603886E-04 
-4.791654E+00, 4.579056E-04 
-5.066927E+00, 2.609820E-04 
-7.605732E+00, 5.550872E-05 
3.820338E-01, 1.740346E-03 
9.494408E+00, 1.648922E-05 
1.062260E+01, 9.458744E-06 
-2.904081E+00, 4.903262E-04 
5.594089E+00, 2.801058E-04 
-4.529099E+00, 3.275440E-04 
8.815982E+00, 2.085719E-05 
-7.440885E+00, 8.911002E-05 
-4.255853E+00, 3.446034E-04 
-1.120453E+01, 8.102766E-06 
5.894044E+00, 1.480106E-04 
-6.429037E+00, 1.474926E-04 
1.364025E+00, 1.286627E-03 
2.525857E+00, 6.898151E-04 
-1.014963E+01, 1.195516E-05 
-3.912096E-01, 1.150975E-03 
-4.491957E+00, 4.691275E-04 
2.369393E+00, 7.236546E-04 
5.040176E+00, 2.097500E-04 
-3.206974E+00, 7.783408E-04 
-3.214005E+00, 6.093609E-04 
1.277413E+00, 7.869493E-04 
-4.965453E+00, 3.035376E-04 
-4.311292E+00, 3.924885E-04 
1.309323E+01, 9.236150E-06 
-6.517756E+00, 1.883864E-04 
5.593971E+00, 3.384799E-04 
-1.169538E+01, 9.036905E-06 
3.441906E+00, 7.874566E-04 
8.555312E+00, 2.313020E-05 
3.543757E+00, 6.350753E-04 
-1.076509E+01, 5.908719E-06 
-8.494057E+00, 3.459098E-05 
3.823542E+00, 9.154280E-04 
-5.326473E-01, 8.703137E-04 
8.884073E+00, 3.568120E-05 
-9.328892E+00, 1.077797E-05 
9.873210E+00, 1.526633E-05 
-8.985546E+00, 7.695266E-06 
5.895242E+00, 2.461043E-04 
5.183502E+00, 4.347386E-04 
7.698533E+00, 6.502055E-05 
-1.926223E+00, 7.177727E-04 
-9.241631E+00, 1.674245E-05 
-7.072383E+00, 1.034137E-04 
-2.887615E+00, 7.087362E-04 
9.458651E+00, 1.983822E-05 
9.938123E+00, 1.153702E-05 
-7.726616E-02, 1.264444E-03 
1.345544E+00, 9.269498E-04 
7.963380E+00, 8.064153E-05 
-7.545893E+00, 5.149723E-05 
1.064321E+01, 8.475696E-06 
6.024136E+00, 2.365120E-04 
9.231861E+00, 1.724044E-05 
9.441661E+00, 1.309677E-05 
2.126770E+00, 7.952192E-04 
-2.543640E+00, 9.643567E-04 
-8.325089E+00, 1.922432E-05 
-5.812510E+00, 2.359877E-04 
3.529247E+00, 6.898151E-04 
6.372872E+00, 1.286749E-04 
3.209679E+00, 6.502756E-04 
-4.044243E+00, 6.301873E-04 
-6.111940E+00, 1.209951E-04 
-9.620664E+00, 7.614413E-06 
-7.779439E+00, 5.061178E-05 
7.833196E+00, 8.718710E-05 
2.564142E-01, 1.745115E-03 
-1.551555E+00, 1.434861E-03 
8.552511E+00, 3.429865E-05 
-9.990182E-01, 1.293938E-03 
9.031335E+00, 2.016903E-05 
-6.910510E-01, 1.019736E-03 
9.879182E+00, 1.107383E-05 
-4.791883E+00, 3.410828E-04 
-6.632726E+00, 1.217445E-04 
-3.931519E+00, 4.026996E-04 
-8.740448E+00, 1.255692E-05 
7.624787E+00, 7.189461E-05 
-4.676575E+00, 3.155652E-04 
6.035760E+00, 2.250185E-04 
6.485683E+00, 1.656535E-04 
3.721919E+00, 5.327543E-04 
-7.981268E+00, 2.594837E-05 
-1.041499E+01, 9.343931E-06 
-4.600599E+00, 3.498632E-04 
1.004069E+01, 1.107383E-05 
-8.771169E+00, 2.417407E-05 
-9.246578E+00, 1.432080E-05 
4.134952E+00, 6.139545E-04 
8.568468E+00, 2.893836E-05 
-2.438707E-01, 1.211248E-03 
-7.462000E+00, 9.742218E-05 
-7.540892E+00, 8.180727E-05 
-8.379493E+00, 2.329570E-05 
-4.590276E+00, 6.837466E-04 
-1.170795E+01, 9.180008E-06 
1.825976E+00, 9.607196E-04 
2.363021E+00, 8.118627E-04 
2.236347E+00, 1.074120E-03 
-2.561949E+00, 8.618984E-04 
-4.472507E-01, 7.417845E-04 
-8.483715E+00, 2.512356E-05 
7.776994E+00, 8.477826E-05 
-1.921071E+00, 1.089897E-03 
-2.790358E+00, 7.516524E-04 
1.050446E+01, 1.007125E-05 
4.955525E+00, 2.756826E-04 
6.079924E+00, 2.409801E-04 
3.591590E+00, 8.860766E-04 
-7.534207E-01, 1.147047E-03 
-1.002235E+01, 6.598606E-06 
2.299478E+00, 6.747545E-04 
7.067398E-01, 2.082156E-03 
-8.554118E+00, 2.889803E-05 
3.622333E+00, 5.366257E-04 
1.047137E+01, 6.872278E-06 
6.182520E+00, 1.498159E-04 
3.063203E+00, 5.798741E-04 
4.298899E+00, 4.161583E-04 
1.035436E+01, 1.058128E-05 
7.546731E-01, 1.387634E-03 
1.395494E+00, 1.168348E-03 
9.154943E+00, 1.610027E-05 
9.452325E+00, 1.539876E-05 
-1.251755E+01, 1.139422E-05 
-7.260607E+00, 8.911002E-05 
9.983479E+00, 6.872454E-06 
-1.786475E+00, 1.731359E-03 
1.147850E+00, 7.748959E-04 
-7.717406E+00, 8.350094E-05 
1.045066E+00, 1.262826E-03 
-8.562140E-01, 1.327697E-03 
2.777299E+00, 6.006171E-04 
1.275960E+00, 1.359184E-03 
9.036043E-01, 1.453486E-03 
-4.106618E+00, 3.151036E-04 
-3.290182E+00, 5.881378E-04 
-3.421609E+00, 5.401641E-04 
-9.919294E+00, 6.711332E-06 
2.629955E+00, 7.382022E-04 
-9.032351E-01, 1.207837E-03 
-6.601392E+00, 1.009951E-04 
-1.476303E+00, 1.354822E-03 
6.806022E+00, 1.556348E-04 
9.810832E+00, 9.043890E-06 
7.590521E+00, 7.870073E-05 
-5.206650E+00, 2.864406E-04 
1.038756E+01, 9.426572E-06 
-5.282834E+00, 2.925325E-04 
-2.501344E+00, 7.843265E-04 
-1.290621E+00, 1.239588E-03 
-3.450197E+00, 5.019494E-04 
2.398660E+00, 6.501788E-04 
3.160366E+00, 1.044715E-03 
-3.711025E+00, 4.736881E-04 
-9.141525E+00, 8.598887E-06 
-9.031901E+00, 9.311179E-06 
1.073752E+01, 1.183923E-05 
-4.405010E+00, 4.838451E-04 
8.689507E+00, 2.250670E-05 
5.536509E+00, 3.352934E-04 
3.537710E+00, 6.317496E-04 
2.084468E+00, 1.180403E-03 
-5.776914E+00, 2.873487E-04 
3.957206E+00, 8.403506E-04 
-2.814591E+00, 1.156274E-03 
9.056530E+00, 1.665486E-05 
4.524494E+00, 5.701906E-04 
-3.245629E+00, 6.164172E-04 
-8.729364E+00, 2.931441E-05 
7.081229E+00, 1.016396E-04 
-7.833998E+00, 7.178169E-05 
1.022743E+01, 9.314034E-06 
7.381764E+00, 7.727857E-05 
-5.465159E+00, 2.419902E-04 
8.802129E+00, 2.663246E-05 
-2.280535E+00, 1.203448E-03 
-5.405501E+00, 3.022858E-04 
-2.300234E+00, 1.219108E-03 
-7.643935E+00, 4.945814E-05 
7.853358E-01, 1.548861E-03 
7.394311E+00, 6.768858E-05 
-7.015462E+00, 5.717694E-05 
8.965616E+00, 1.426509E-05 
-8.930626E+00, 9.311589E-06 
6.671395E+00, 1.130007E-04 
7.865167E+00, 1.229519E-04 
-2.894548E+00, 8.771449E-04 
-5.733484E+00, 3.562850E-04 
9.263542E+00, 1.669199E-05 
9.082205E+00, 2.493010E-05 
-3.403807E+00, 7.558349E-04 
1.036507E+01, 6.556096E-06 
2.443248E+00, 8.462689E-04 
-8.176344E+00, 1.937202E-05 
7.020029E+00, 8.278380E-05 
1.047294E+01, 7.476465E-06 
1.832976E+00, 7.528949E-04 
8.942738E+00, 4.698266E-05 
2.099713E+00, 1.092263E-03 
8.840677E+00, 3.549368E-05 
1.108454E+01, 8.865808E-06 
-5.482790E+00, 4.068396E-04 
2.345862E+00, 7.556367E-04 
6.868068E-01, 1.200303E-03 
-1.150328E+01, 8.924695E-06 
-7.192010E+00, 5.220625E-05 
8.607741E+00, 3.545570E-05 
9.738272E+00, 8.663976E-06 
8.385480E+00, 3.109847E-05 
-6.680099E+00, 1.978104E-04 
7.019126E+00, 9.950122E-05 
-4.094522E+00, 5.753975E-04 
7.515856E+00, 1.324375E-04 
1.617290E+00, 8.464494E-04 
5.994036E+00, 2.489415E-04 
3.588132E+00, 7.514565E-04 
-6.337099E+00, 1.528799E-04 
-1.535179E+00, 1.490247E-03 
9.516682E+00, 1.096832E-05 
-7.785453E+00, 8.502700E-05 
2.113280E+00, 9.841302E-04 
-8.940023E+00, 8.941776E-06 
-1.072885E+01, 9.165723E-06 
5.598464E+00, 1.659448E-04 
-5.374434E-01, 8.206236E-04 
2.987364E+00, 5.880982E-04 
-2.852515E-01, 1.312806E-03 
-8.730254E+00, 2.880900E-05 
3.893911E+00, 7.094858E-04 
9.836639E-01, 1.809969E-03 
-5.861227E+00, 2.331318E-04 
-8.937969E+00, 2.298644E-05 
7.406154E+00, 7.870811E-05 
-2.704837E+00, 1.125082E-03 
-5.377387E+00, 3.490529E-04 
-8.765315E-03, 7.587857E-04 
6.470466E+00, 2.958718E-04 
6.934616E-01, 1.211019E-03 
4.831298E+00, 5.558378E-04 
2.211803E+00, 5.976797E-04 
1.415922E-01, 1.595121E-03 
4.870712E+00, 4.156548E-04 
-1.631391E+00, 1.457279E-03 
6.937841E+00, 1.327681E-04 
-1.152835E+00, 1.555082E-03 
1.033323E+01, 1.090622E-05 
-5.090116E-01, 1.271635E-03 
-1.825519E-01, 1.302889E-03 
1.897572E+00, 8.294600E-04 
-1.162706E+01, 7.010644E-06 
8.085835E-01, 1.439085E-03 
-2.654643E+00, 1.240178E-03 
-8.783886E+00, 1.926844E-05 
3.658725E+00, 7.499312E-04 
1.010244E+01, 1.247916E-05 
3.058043E+00, 7.696869E-04 
1.635015E+00, 9.311326E-04 
-9.123862E+00, 9.100248E-06 
2.155437E+00, 8.815824E-04 
8.422201E+00, 4.171495E-05 
8.326378E+00, 7.378132E-05 
2.180627E+00, 8.271052E-04 
4.099138E+00, 8.683142E-04 
-1.022835E+01, 7.973418E-06 
2.660711E+00, 6.354647E-04 
-1.378896E+00, 1.188237E-03 
-6.985495E+00, 8.208748E-05 
-2.941969E+00, 8.814077E-04 
-8.622957E+00, 2.865221E-05 
1.001399E+01, 1.152096E-05 
-1.105813E+01, 6.593196E-06 
-1.134849E+01, 6.408070E-06 
3.850787E+00, 5.144356E-04 
-1.232746E+00, 1.322568E-03 
8.427035E+00, 5.582767E-05 
9.187291E+00, 2.374148E-05 
-1.024579E+01, 8.102766E-06 
-1.278259E+00, 1.646017E-03 
-3.285116E+00, 5.478082E-04 
7.519248E+00, 1.262460E-04 
-3.568427E-01, 1.239897E-03 
3.350390E+00, 5.391197E-04 
2.427122E+00, 1.067764E-03 
-8.954859E-01, 1.324054E-03 
5.393045E+00, 1.681154E-04 
-6.509326E+00, 1.279327E-04 
9.938286E+00, 1.346814E-05 
5.375411E+00, 2.632765E-04 
-1.146046E+00, 1.274504E-03 
-8.360695E+00, 3.268752E-05 
1.183685E+01, 1.089239E-05 
7.120026E+00, 7.031356E-05 
-7.047487E+00, 1.422442E-04 
-2.963427E+00, 4.456554E-04 
6.489304E+00, 1.427756E-04 
5.256163E+00, 4.637525E-04 
6.013111E+00, 2.994439E-04 
9.345884E+00, 1.186470E-05 
5.789222E+00, 1.845876E-04 
-9.283223E+00, 1.331540E-05 
-1.506396E+00, 1.808799E-03 
3.171150E+00, 5.919572E-04 
-5.363300E+00, 2.791656E-04 
7.860345E+00, 6.768858E-05 
-3.714796E+00, 8.008469E-04 
-5.360976E+00, 8.767217E-05 
-9.954533E-01, 1.404091E-03 
5.556500E-01, 1.345892E-03 
2.903989E+00, 7.152261E-04 
-9.145876E+00, 8.656423E-06 
4.050502E+00, 5.351162E-04 
-1.514978E+00, 1.565894E-03 
3.180699E+00, 6.197454E-04 
-5.758522E+00, 2.147972E-04 
-7.361541E+00, 7.070563E-05 
-6.538195E+00, 1.170704E-04 
4.564109E+00, 5.611999E-04 
4.565057E+00, 3.892051E-04 
6.224195E+00, 1.467039E-04 
-9.206517E+00, 7.780353E-06 
-9.920604E+00, 8.840804E-06 
-1.040615E+01, 8.006845E-06 
6.726389E+00, 3.831884E-05 
8.465217E+00, 3.295345E-05 
-6.817916E+00, 1.242486E-04 
-6.862706E-01, 8.889108E-04 
3.023282E+00, 8.682242E-04 
-8.879116E+00, 2.911949E-05 
6.454638E-01, 1.624679E-03 
-8.490373E+00, 2.053831E-05 
9.449184E+00, 1.309677E-05 
-8.666485E+00, 3.666223E-05 
-6.344697E-01, 1.281211E-03 
-4.711290E+00, 3.463427E-04 
8.606825E+00, 1.900855E-05 
-4.366936E+00, 7.989466E-04 
3.723719E+00, 8.130422E-04 
6.338347E+00, 1.480106E-04 
-1.041475E+01, 8.311944E-06 
-3.748531E+00, 6.034608E-04 
5.918680E+00, 2.232570E-04 
-4.124675E+00, 6.451418E-04 
-3.033339E+00, 8.808320E-04 
-3.370898E+00, 7.640439E-04 
2.328544E-01, 1.757577E-03 
-1.681869E+00, 1.316507E-03 
4.437543E+00, 4.832370E-04 
5.930132E+00, 1.456620E-04 
-9.310820E+00, 8.586257E-06 
7.202419E+00, 7.695268E-05 
-6.872232E+00, 5.712232E-05 
-1.414230E-02, 1.374231E-03 
-3.462709E+00, 6.696952E-04 
-1.401054E+00, 1.984284E-03 
-8.600792E+00, 2.791295E-05 
-9.370016E+00, 1.226574E-05 
-8.172059E-01, 8.831499E-04 
-6.844670E+00, 6.437637E-05 
3.138557E+00, 6.501788E-04 
-3.964565E+00, 6.057303E-04 
4.579371E+00, 2.343316E-04 
4.317237E+00, 6.203528E-04 
2.697970E+00, 8.151015E-04 
8.793286E+00, 3.340415E-05 
-1.958428E+00, 1.257570E-03 
5.310235E-01, 1.844762E-03 
-2.246979E+00, 1.219137E-03 
8.926389E+00, 1.609933E-05 
6.439381E+00, 1.915301E-04 
9.282811E+00, 1.088219E-05 
-5.207985E+00, 3.211137E-04 
2.882556E+00, 7.249999E-04 
-2.881824E+00, 1.199115E-03 
-7.255710E+00, 9.034239E-05 
2.083926E+00, 7.557880E-04 
6.371866E+00, 1.514091E-04 
7.929174E+00, 3.357334E-05 
-8.025749E+00, 9.295032E-05 
7.670694E+00, 1.128470E-04 
-6.420151E+00, 1.967448E-04 
-6.695681E-01, 1.223716E-03 
-1.310534E+00, 1.359713E-03 
-9.702868E+00, 1.162840E-05 
-1.865746E+00, 1.513161E-03 
3.520104E+00, 9.039961E-04 
-4.856652E+00, 5.315452E-04 
-1.003993E+01, 8.072432E-06 
1.113545E+01, 6.872278E-06 
-7.826707E+00, 5.149723E-05 
-7.991801E+00, 3.117395E-05 
-4.140015E-01, 9.075209E-04 
2.694261E+00, 5.991464E-04 
-2.371100E+00, 7.855164E-04 
-5.855021E+00, 1.422032E-04 
8.008251E+00, 8.669181E-05 
7.233295E+00, 1.462644E-04 
7.164590E+00, 7.031356E-05 
4.057434E+00, 8.876183E-04 
6.191558E+00, 3.194693E-04 
8.088639E+00, 9.532442E-05 
3.456569E-01, 1.104881E-03 
4.852226E+00, 7.125758E-04 
3.813797E+00, 7.907432E-04 
-8.752611E+00, 2.417407E-05 
1.207058E+01, 1.041372E-05 
8.867764E+00, 2.447172E-05 
-8.928484E+00, 8.604726E-06 
-5.258500E+00, 2.371456E-04 
8.218911E-01, 1.972885E-03 
-9.370823E+00, 9.311179E-06 
1.132639E+01, 7.766901E-06 
-1.038331E+01, 5.965815E-06 
-8.919439E+00, 1.398269E-05 
-8.424948E+00, 2.063124E-05 
-1.240989E+01, 1.018906E-05 
7.154560E+00, 1.257665E-04 
9.636133E+00, 1.125335E-05 
-4.633569E+00, 3.498632E-04 
3.249166E-01, 1.284185E-03 
-9.231534E-01, 1.180416E-03 
-4.146969E+00, 8.777114E-04 
-8.255107E+00, 1.945178E-05 
1.575379E+00, 1.282278E-03 
-8.609222E+00, 2.178087E-05 
6.140372E+00, 2.036174E-04 
5.724271E+00, 3.929898E-04 
1.589665E+00, 7.748026E-04 
-4.068180E+00, 4.261108E-04 
-2.851760E+00, 6.660878E-04 
8.800747E+00, 3.328534E-05 
-2.571501E+00, 7.067276E-04 
-1.359401E-01, 1.235339E-03 
-6.109583E+00, 1.279327E-04 
7.062369E+00, 1.295431E-04 
8.287260E+00, 4.762311E-05 
8.728882E+00, 4.201709E-05 
1.264018E+01, 7.399614E-06 
-1.151445E+00, 1.125625E-03 
3.289940E-01, 1.229036E-03 
4.461038E+00, 4.906951E-04 
5.416950E+00, 3.464716E-04 
-3.997255E+00, 4.082751E-04 
-9.368082E+00, 1.426075E-05 
-9.080176E+00, 9.081006E-06 
-6.068816E+00, 1.280592E-04 
-5.970963E-01, 8.579482E-04 
7.768594E+00, 9.022600E-05 
-6.408921E+00, 1.043923E-04 
6.332205E+00, 1.007807E-04 
4.503798E+00, 4.941679E-04 
9.447101E+00, 1.261706E-05 
-3.101423E+00, 6.153450E-04 
9.821332E+00, 1.704738E-05 
-8.145500E+00, 3.425147E-05 
-4.040014E+00, 7.045186E-04 
3.103154E+00, 9.296113E-04 
8.939350E+00, 4.632218E-05 
8.657207E+00, 3.039954E-05 
-1.574634E+00, 1.349176E-03 
-4.594583E+00, 3.671438E-04 
-9.018369E+00, 1.331540E-05 
5.398023E+00, 2.498711E-04 
9.195387E+00, 2.268836E-05 
2.525404E+00, 1.129051E-03 
-3.115159E+00, 6.153450E-04 
6.169411E+00, 1.540013E-04 
1.190998E+01, 1.003834E-05 
-6.039526E+00, 1.255390E-04 
-3.412740E+00, 4.570722E-04 
8.616034E+00, 2.069019E-05 
-3.077795E+00, 6.832395E-04 
-8.698165E+00, 1.964098E-05 
-4.032061E+00, 5.304566E-04 
2.486005E+00, 6.472075E-04 
-5.539175E+00, 3.598521E-04 
1.194203E+01, 1.052652E-05 
-2.165383E+00, 7.253307E-04 
-2.206172E+00, 7.083386E-04 
2.895678E+00, 8.303646E-04 
2.912931E+00, 7.713152E-04 
6.358126E-01, 1.305330E-03 
6.231961E+00, 3.239154E-04 
-5.241579E+00, 3.708989E-04 
-4.834344E+00, 4.118633E-04 
4.579103E+00, 4.765535E-04 
-4.910460E-01, 8.579482E-04 
3.163862E+00, 8.340810E-04 
-2.918477E+00, 7.543112E-04 
5.268581E+00, 2.993471E-04 
-2.955828E+00, 7.113061E-04 
-5.960206E+00, 1.180253E-04 
3.899906E+00, 8.175037E-04 
-2.772017E+00, 9.534791E-04 
8.920485E+00, 2.969085E-05 
2.139502E+00, 6.150603E-04 
2.276473E+00, 7.501070E-04 
3.661851E+00, 6.720109E-04 
-2.318700E+00, 1.046867E-03 
3.903161E+00, 7.342251E-04 
-9.514307E+00, 8.924575E-06 
-9.301949E+00, 9.251291E-06 
-6.765478E+00, 1.220392E-04 
1.130688E+01, 7.317961E-06 
9.692457E+00, 1.488806E-05 
-6.449141E+00, 1.803934E-04 
-3.004577E+00, 4.276934E-04 
2.210571E+00, 7.701535E-04 
4.581996E+00, 3.979038E-04 
-1.182482E+00, 1.421645E-03 
1.837587E+00, 1.448515E-03 
-4.213448E+00, 4.501869E-04 
-9.435753E+00, 7.711036E-06 
-1.038996E+01, 8.395830E-06 
-5.949193E+00, 3.570030E-04 
-2.515309E+00, 1.006822E-03 
5.930522E+00, 3.352910E-04 
-7.013355E+00, 7.591254E-05 
7.434335E+00, 6.945586E-05 
1.105374E+01, 9.354488E-06 
9.100068E+00, 1.514320E-05 
-7.046054E+00, 1.049520E-04 
7.107208E+00, 7.235513E-05 
-6.880854E+00, 6.686772E-05 
-7.182088E+00, 7.419271E-05 
-1.876875E+00, 8.575343E-04 
9.628225E+00, 9.673861E-06 
-6.165320E-01, 1.331487E-03 
-8.661719E+00, 3.235117E-05 
5.816740E-01, 1.829957E-03 
7.408679E+00, 9.164928E-05 
-1.068600E+00, 1.133670E-03 
-2.014151E+00, 1.228010E-03 
8.083995E+00, 4.344393E-05 
-1.300210E+00, 1.420714E-03 
-3.729672E+00, 4.579056E-04 
-4.931240E+00, 4.325658E-04 
4.109610E+00, 4.578178E-04 
-5.874481E+00, 2.101509E-04 
1.270037E+00, 1.294459E-03 
5.630579E-02, 1.313613E-03 
2.259675E+00, 1.011072E-03 
4.870581E+00, 6.304524E-04 
-3.345419E+00, 5.613339E-04 
-1.947883E+00, 1.232443E-03 
-2.499082E+00, 7.067276E-04 
-4.920903E+00, 3.617408E-04 
-4.855425E+00, 3.376933E-04 
6.050818E+00, 2.431050E-04 
-7.449853E+00, 5.763304E-05 
-3.893659E+00, 5.565459E-04 
-1.069085E+01, 8.933411E-06 
-3.516062E-01, 8.120109E-04 
-7.598444E+00, 6.686772E-05 
6.511883E+00, 1.442744E-04 
-4.245685E+00, 7.500405E-04 
8.744000E+00, 2.873441E-05 
-5.492524E+00, 2.164730E-04 
9.435077E+00, 1.272256E-05 
-3.540680E+00, 8.492939E-04 
-4.243358E+00, 4.584961E-04 
1.155224E+01, 6.580883E-06 
8.641576E-01, 1.159844E-03 
4.981785E+00, 5.122948E-04 
4.220846E+00, 4.776539E-04 
4.442380E+00, 4.521851E-04 
1.012146E+01, 6.852761E-06 
3.369265E+00, 8.266751E-04 
-5.752437E+00, 1.976882E-04 
3.771230E+00, 7.440393E-04 
5.753308E+00, 2.540979E-04 
8.248917E+00, 5.582767E-05 
2.154240E+00, 6.472075E-04 
1.078515E+01, 8.663976E-06 
-2.659920E+00, 7.640439E-04 
7.210105E+00, 1.739352E-04 
-1.087996E+01, 7.422660E-06 
-4.565248E+00, 3.318175E-04 
-5.648195E+00, 2.282181E-04 
-2.715571E+00, 9.901696E-04 
6.236238E+00, 1.290608E-04 
-5.611695E+00, 2.537089E-04 
-7.331730E+00, 5.712058E-05 
-3.310374E+00, 5.576887E-04 
1.115815E+01, 9.064183E-06 
9.845470E+00, 9.834773E-06 
2.976872E+00, 1.080342E-03 
8.548451E+00, 5.719081E-05 
-1.069100E+01, 1.158770E-05 
-9.260358E+00, 1.272406E-05 
-9.267490E+00, 1.177961E-05 
2.202798E+00, 7.278494E-04 
-8.115048E+00, 2.385064E-05 
6.404867E-01, 1.476110E-03 
-7.763186E+00, 5.187061E-05 
4.214958E-01, 1.488817E-03 
-6.466756E+00, 9.664134E-05 
7.544749E+00, 6.630278E-05 
-4.435733E-01, 1.381609E-03 
-5.550755E+00, 2.935862E-04 
-7.080277E+00, 1.280066E-04 
-3.024213E+00, 4.461926E-04 
-6.311855E+00, 1.483415E-04 
-4.909550E+00, 2.164730E-04 
-1.076850E+01, 7.093552E-06 
-4.376998E+00, 3.651622E-04 
-6.450974E+00, 1.242486E-04 
-7.898904E+00, 5.963328E-05 
-8.395802E+00, 2.684710E-05 
5.668379E+00, 3.388663E-04 
2.507136E-01, 1.201564E-03 
2.253554E+00, 8.260782E-04 
8.747492E+00, 2.801442E-05 
-1.583723E+00, 1.163175E-03 
-9.725280E+00, 1.379198E-05 
-4.401663E+00, 5.805054E-04 
4.351630E+00, 3.970630E-04 
2.451766E+00, 7.342304E-04 
-7.048238E-01, 9.813950E-04 
-5.256295E+00, 3.668942E-04 
6.922305E+00, 1.785106E-04 
7.562784E+00, 1.232336E-04 
5.663625E+00, 2.989454E-04 
3.676370E+00, 9.059152E-04 
-6.717514E+00, 1.387912E-04 
1.168000E-01, 1.369596E-03 
-6.572819E+00, 1.440199E-04 
-1.011352E+00, 1.476128E-03 
8.073041E-01, 1.924174E-03 
1.046762E+01, 1.007125E-05 
-9.056771E+00, 8.429911E-06 
1.349249E+01, 8.860798E-06 
-7.901758E+00, 6.265534E-05 
-6.630169E+00, 7.273215E-05 
1.909579E+00, 8.824315E-04 
-1.038735E+01, 7.390416E-06 
-4.785321E+00, 4.673014E-04 
3.469415E+00, 9.923567E-04 
7.797226E+00, 7.469581E-05 
-4.836555E-01, 7.868048E-04 
-7.175405E+00, 6.437637E-05 
6.954181E+00, 1.387030E-04 
-3.937312E+00, 6.931101E-04 
-8.157190E+00, 3.054077E-05 
3.315798E+00, 5.622386E-04 
9.595816E+00, 1.098201E-05 
-2.163635E+00, 1.266422E-03 
-4.816379E+00, 4.952340E-04 
2.977119E+00, 9.244029E-04 
-7.215847E+00, 7.648865E-05 
3.381729E+00, 9.848952E-04 
-3.315265E-01, 9.240620E-04 
-8.423273E+00, 1.177961E-05 
8.800818E+00, 3.814268E-05 
-1.201133E+01, 1.117855E-05 
1.262787E+01, 1.117085E-05 
-6.274809E+00, 1.560994E-04 
4.606339E+00, 4.686632E-04 
7.430970E+00, 1.270348E-04 
7.217668E+00, 1.018507E-04 
6.763065E+00, 1.439223E-04 
-8.718255E+00, 2.525893E-05 
6.698596E+00, 1.668774E-04 
4.586922E+00, 5.934201E-04 
2.985521E+00, 5.834087E-04 
3.429235E+00, 7.770272E-04 
9.499789E+00, 1.309677E-05 
-7.115999E+00, 1.236007E-04 
-5.464416E+00, 2.273219E-04 
-2.454565E+00, 7.938973E-04 
-9.466187E+00, 1.175520E-05 
-1.023896E+00, 1.162163E-03 
3.111298E+00, 7.201275E-04 
8.691441E+00, 7.962852E-05 
-1.084424E+01, 6.694592E-06 
-8.837544E+00, 3.454050E-05 
1.282682E+01, 1.069248E-05 
1.026881E+01, 7.274448E-06 
8.044491E+00, 3.640377E-05 
1.057710E+01, 9.111524E-06 
-1.605390E+00, 1.223159E-03 
-3.956741E-01, 1.260631E-03 
-1.009611E+01, 6.046954E-06 
1.007101E+01, 8.954015E-06 
-5.244343E+00, 2.385608E-04 
-9.135201E+00, 1.232764E-05 
9.104935E+00, 2.892603E-05 
-1.391602E+01, 6.982155E-06 
-7.168981E+00, 1.203826E-04 
-1.193838E+01, 7.545342E-06 
-4.288341E+00, 3.921062E-04 
3.376599E+00, 5.177615E-04 
1.199925E+01, 6.984740E-06 
1.224544E+01, 7.651069E-06 
-7.532051E+00, 8.353964E-05 
-5.817597E+00, 2.238160E-04 
-4.373464E+00, 5.535020E-04 
7.693188E+00, 1.109087E-04 
-3.308899E-01, 8.063960E-04 
1.861644E+00, 7.493080E-04 
4.431086E+00, 4.487708E-04 
7.327546E+00, 7.665229E-05 
2.988559E+00, 6.747545E-04 
-3.370201E+00, 7.891119E-04 
4.268928E+00, 5.376872E-04 
1.419364E+01, 6.624743E-06 
5.285974E+00, 2.095483E-04 
-5.349525E+00, 3.787793E-04 
-1.320364E+00, 1.247388E-03 
7.506655E+00, 7.189461E-05 
8.063547E+00, 6.173717E-05 
-4.167608E+00, 3.547849E-04 
1.017096E+01, 7.932139E-06 
-4.960838E+00, 4.467266E-04 
4.050188E+00, 5.625873E-04 
-1.340481E+00, 1.187516E-03 
-5.337949E+00, 2.558409E-04 
-1.627689E+00, 1.175033E-03 
6.494895E+00, 3.831884E-05 
2.155980E+00, 6.362657E-04 
-3.955400E+00, 3.630187E-04 
8.585170E+00, 7.164948E-05 
-4.199002E+00, 4.663122E-04 
-8.508280E+00, 2.453287E-05 
-3.439194E+00, 7.249442E-04 
3.208214E+00, 8.202661E-04 
6.652211E+00, 1.374432E-04 
1.088792E+01, 7.213488E-06 
-3.609538E+00, 4.540243E-04 
2.472275E+00, 8.950040E-04 
2.308528E+00, 7.676925E-04 
6.125378E-01, 1.317645E-03 
-3.253662E+00, 7.723814E-04 
8.144873E+00, 1.891106E-05 
-7.439481E+00, 9.963818E-05 
-1.092988E+01, 6.593196E-06 
8.826897E+00, 3.676067E-05 
-1.049269E+01, 6.025576E-06 
-7.754657E+00, 5.094583E-05 
-8.366280E+00, 2.053831E-05 
8.283624E+00, 3.538458E-05 
8.156524E+00, 4.762311E-05 
1.331597E+00, 1.202096E-03 
3.406990E+00, 8.483041E-04 
1.163079E+01, 1.152096E-05 
-8.061117E+00, 2.400507E-05 
-5.056104E+00, 2.586977E-04 
-5.853081E+00, 1.362635E-04 
-1.111789E+01, 7.098157E-06 
-5.920029E+00, 2.430107E-04 
2.577180E+00, 6.230466E-04 
-3.614432E-01, 1.425696E-03 
-6.931146E+00, 1.066200E-04 
1.963092E+00, 1.396294E-03 
1.188208E+00, 1.249375E-03 
-1.176629E+01, 6.796550E-06 
-9.949172E+00, 8.072432E-06 
-1.583305E+00, 1.178215E-03 
-9.346922E+00, 9.882139E-06 
4.364612E+00, 7.265796E-04 
-3.442541E+00, 5.638247E-04 
-6.501622E+00, 1.894681E-04 
8.918441E+00, 2.474740E-05 
-2.662073E+00, 9.182748E-04 
1.603724E+00, 1.230794E-03 
1.043244E+01, 7.216900E-06 
5.253581E+00, 4.177402E-04 
-6.066390E+00, 1.370619E-04 
-6.086085E+00, 7.314466E-05 
-6.014555E+00, 2.310905E-04 
-4.455619E+00, 4.306033E-04 
-4.439166E+00, 5.222720E-04 
-5.180266E+00, 2.265563E-04 
-5.197725E+00, 2.550456E-04 
-2.743788E+00, 7.822463E-04 
-6.171988E+00, 1.015644E-04 
-1.675907E-01, 1.327464E-03 
-5.229696E-01, 1.103800E-03 
1.144688E+00, 9.464485E-04 
-9.132063E+00, 1.242342E-05 
8.458660E+00, 5.071433E-05 
-3.562870E+00, 6.291327E-04 
-2.875219E+00, 6.236758E-04 
7.368986E+00, 9.532442E-05 
-8.567771E+00, 2.484683E-05 
-7.714176E+00, 8.596994E-05 
4.754319E+00, 5.760115E-04 
-3.156680E+00, 4.307653E-04 
4.601989E+00, 5.843669E-04 
-4.035069E+00, 5.638247E-04 
-3.185315E+00, 7.036887E-04 
4.649940E-01, 1.797226E-03 
3.814207E+00, 5.224365E-04 
-3.892973E+00, 4.570722E-04 
7.586135E-01, 1.416231E-03 
1.069579E+01, 1.224757E-05 
5.213176E+00, 2.993471E-04 
1.310785E+00, 1.104477E-03 
5.513952E+00, 2.976782E-04 
-8.701148E+00, 1.265504E-05 
-4.234212E+00, 3.996483E-04 
6.121063E+00, 1.530558E-04 
1.103382E+01, 1.234236E-05 
-9.436629E+00, 1.216150E-05 
6.408282E+00, 1.262460E-04 
-2.911202E+00, 6.093609E-04 
-2.139208E+00, 7.502937E-04 
4.381481E+00, 6.550596E-04 
-1.847276E+00, 7.388801E-04 
-4.960787E+00, 2.411504E-04 
-4.616203E+00, 3.958074E-04 
3.488038E+00, 5.611999E-04 
-7.247182E+00, 1.018266E-04 
-2.428941E+00, 7.098123E-04 
5.120509E+00, 2.772387E-04 
-6.850339E+00, 1.057167E-04 
1.220795E+00, 8.804854E-04 
3.189090E+00, 7.833812E-04 
-7.368050E-01, 1.478629E-03 
1.055891E+01, 9.530378E-06 
5.920346E+00, 1.966208E-04 
6.371033E+00, 2.413932E-04 
1.797634E+00, 9.315827E-04 
1.006122E+01, 1.530702E-05 
-9.171126E+00, 1.426075E-05 
-7.422541E+00, 6.800276E-05 
-1.044982E+01, 6.156733E-06 
7.022515E+00, 2.864588E-04 
-8.747883E+00, 2.550566E-05 
3.419934E+00, 6.803168E-04 
-7.685280E+00, 3.581543E-05 
-8.611608E+00, 3.133491E-05 
1.070627E+01, 7.542476E-06 
8.947004E+00, 1.599987E-05 
-6.072516E+00, 7.065948E-05 
-4.030603E+00, 6.252395E-04 
3.309770E+00, 5.834087E-04 
6.966728E+00, 6.630278E-05 
-6.805078E+00, 1.454643E-04 
-2.933465E+00, 1.128858E-03 
5.679992E+00, 1.532754E-04 
8.709489E+00, 1.898123E-05 
-1.040869E+00, 1.260725E-03 
-6.780434E+00, 9.348037E-05 
2.214410E+00, 8.896586E-04 
-2.729361E+00, 8.596026E-04 
4.009232E+00, 6.924301E-04 
5.574710E+00, 2.752511E-04 
-8.804139E+00, 1.464662E-05 
1.867321E+00, 1.144595E-03 
2.755803E+00, 6.318387E-04 
5.496119E+00, 1.649211E-04 
-8.129848E+00, 2.397673E-05 
-7.765602E+00, 4.946628E-05 
1.602641E+00, 1.225007E-03 
7.489971E+00, 6.846567E-05 
8.504408E+00, 2.669385E-05 
-1.139337E+01, 1.139422E-05 
1.501409E+00, 1.404298E-03 
-9.882273E-01, 1.271006E-03 
1.084268E+01, 7.680500E-06 
-1.047283E+01, 6.187090E-06 
4.049360E+00, 7.972192E-04 
3.703682E+00, 7.306154E-04 
-5.670294E+00, 3.783267E-04 
-3.259506E+00, 6.993465E-04 
4.791862E+00, 5.390451E-04 
6.466496E+00, 1.311964E-04 
-6.255908E+00, 1.209663E-04 
-2.640392E+00, 6.624803E-04 
6.293499E+00, 1.446924E-04 
-9.239108E+00, 1.358710E-05 
-9.081121E+00, 1.318555E-05 
1.994724E+00, 1.449062E-03 
-5.473461E+00, 2.212394E-04 
-5.129104E+00, 3.689803E-04 
-2.008686E+00, 1.207220E-03 
-8.221785E+00, 3.090347E-05 
-1.283608E+00, 1.380520E-03 
4.260475E+00, 5.327543E-04 
4.757707E+00, 3.892051E-04 
-9.690301E+00, 1.238278E-05 
4.091033E+00, 5.742389E-04 
9.295411E-01, 1.185491E-03 
-4.172476E+00, 3.977614E-04 
-4.669439E+00, 5.805054E-04 
6.706856E+00, 1.803216E-04 
1.678735E+00, 1.213263E-03 
6.215117E+00, 1.713891E-04 
6.864925E+00, 1.735510E-04 
-6.715266E-01, 1.168766E-03 
-4.786255E+00, 4.558653E-04 
-3.388760E+00, 7.937804E-04 
-1.366306E+00, 1.512217E-03 
-1.652059E+00, 1.122340E-03 
-5.578936E+00, 2.558409E-04 
2.466702E+00, 6.097522E-04 
9.066876E+00, 4.211356E-05 
-1.075719E+00, 1.642839E-03 
3.311438E+00, 6.494730E-04 
5.715452E+00, 2.826850E-04 
5.677344E+00, 1.659448E-04 
5.497316E+00, 2.133060E-04 
-4.857580E+00, 3.736856E-04 
-6.282841E+00, 1.272247E-04 
8.798184E+00, 1.898123E-05 
-8.897944E+00, 8.941776E-06 
-4.345800E+00, 3.472027E-04 
-9.480628E+00, 8.656423E-06 
5.476798E-01, 1.142499E-03 
9.528463E+00, 1.261261E-05 
9.027928E+00, 3.309575E-05 
5.981373E+00, 1.280503E-04 
-6.687599E+00, 6.856973E-05 
5.280383E+00, 2.158834E-04 
9.443444E+00, 1.865421E-05 
7.344371E+00, 9.843836E-05 
-6.747864E+00, 1.072557E-04 
-1.334694E+01, 6.417492E-06 
4.568266E+00, 5.742389E-04 
1.295030E+00, 1.090895E-03 
-2.687204E+00, 9.229422E-04 
2.513186E+00, 1.121518E-03 
4.847926E+00, 6.036361E-04 
-2.379012E+00, 1.086509E-03 
-1.005996E+01, 1.031224E-05 
7.898487E+00, 7.235513E-05 
-4.728840E+00, 4.558653E-04 
-6.848195E-01, 7.702201E-04 
1.046286E+01, 6.774791E-06 
-6.747160E+00, 1.469079E-04 
9.383815E+00, 1.600189E-05 
-8.581918E+00, 2.473314E-05 
5.541085E+00, 2.408606E-04 
-5.506709E+00, 2.212373E-04 
5.667029E+00, 3.015908E-04 
-1.271282E+00, 1.635632E-03 
4.862949E-01, 1.209625E-03 
9.218309E+00, 2.022253E-05 
-1.052986E+01, 6.025576E-06 
-9.582675E+00, 7.695266E-06 
-2.967988E+00, 5.576887E-04 
3.875124E+00, 1.015408E-03 
-8.167810E+00, 1.193489E-05 
-3.625945E+00, 6.970992E-04 
-4.575045E+00, 5.248961E-04 
1.432230E+00, 1.340258E-03 
3.824837E+00, 5.907243E-04 
-8.031102E-01, 8.427958E-04 
-9.077140E+00, 9.285278E-06 
-7.460650E+00, 5.220625E-05 
-2.084393E+00, 1.198403E-03 
3.603038E+00, 7.337999E-04 
-5.633885E+00, 3.151036E-04 
-3.652931E+00, 6.651019E-04 
-1.723311E+00, 1.613739E-03 
-3.811065E-01, 8.429422E-04 
1.342923E+00, 9.261488E-04 
-1.121146E+01, 7.214636E-06 
-7.833890E+00, 6.247591E-05 
-9.278178E+00, 1.203395E-05 
-6.544648E+00, 1.150999E-04 
-1.030855E+00, 1.435728E-03 
-1.064209E+01, 8.870643E-06 
1.281794E+00, 1.370324E-03 
-4.423758E+00, 4.207928E-04 
-9.668734E+00, 1.405172E-05 
6.023818E+00, 1.966208E-04 
-2.437456E+00, 7.578404E-04 
-7.728590E+00, 6.984533E-05 
9.921364E+00, 1.610027E-05 
1.796505E-01, 2.052251E-03 
5.153271E-01, 1.654940E-03 
-9.553599E-01, 1.191565E-03 
3.856912E+00, 5.880982E-04 
1.009339E+01, 8.565474E-06 
-1.389162E+01, 1.167036E-05 
5.022326E+00, 3.241994E-04 
-1.779741E+00, 1.078515E-03 
3.824350E+00, 8.411828E-04 
9.997823E+00, 8.632175E-06 
-7.827238E+00, 5.437242E-05 
3.776373E+00, 7.749959E-04 
4.884656E+00, 2.661497E-04 
9.312565E+00, 3.055674E-05 
1.526200E-01, 1.127891E-03 
4.631719E+00, 5.795544E-04 
1.011662E+01, 7.786916E-06 
-1.244619E+01, 6.358105E-06 
3.880762E+00, 5.692430E-04 
7.272919E+00, 8.590907E-05 
6.140090E-01, 1.775371E-03 
-2.889806E+00, 7.096526E-04 
-4.326331E+00, 4.903262E-04 
-1.010521E+01, 5.937774E-06 
8.690081E+00, 1.898123E-05 
7.503670E+00, 9.472738E-05 
5.892794E+00, 1.645634E-04 
7.817642E-02, 1.605867E-03 
1.527066E+00, 1.181074E-03 
-1.023765E+01, 6.741825E-06 
-3.658179E+00, 5.231988E-04 
-3.548249E+00, 8.495507E-04 
4.107184E+00, 5.940072E-04 
8.233372E+00, 3.249725E-05 
-6.101752E+00, 8.046713E-05 
6.720403E+00, 2.080314E-04 
-6.146215E+00, 1.209663E-04 
-9.586868E+00, 1.255692E-05 
7.576377E+00, 7.436922E-05 
1.550548E+00, 7.952192E-04 
1.543864E+00, 8.000528E-04 
8.595793E+00, 2.996582E-05 
8.734713E+00, 1.963761E-05 
-3.804421E+00, 5.370722E-04 
1.163769E+00, 7.398429E-04 
-1.002328E+01, 1.211874E-05 
-3.290921E-01, 1.349054E-03 
1.766737E+00, 1.412558E-03 
-7.660085E+00, 9.148957E-05 
1.459928E+00, 1.114236E-03 
-7.604072E+00, 5.125927E-05 
-1.538904E+00, 1.096222E-03 
4.374739E+00, 5.113490E-04 
8.263623E+00, 5.111219E-05 
1.063520E+01, 8.632175E-06 
1.769241E+00, 1.310471E-03 
2.351632E+00, 6.637751E-04 
6.291685E+00, 1.758957E-04 
-5.282277E+00, 2.665061E-04 
2.972032E+00, 5.965064E-04 
-1.725763E+00, 1.075595E-03 
2.433507E+00, 8.527232E-04 
6.301311E+00, 1.972229E-04 
5.941345E-01, 1.545601E-03 
-2.789096E-01, 8.744506E-04 
3.780874E+00, 8.713868E-04 
-1.074686E+00, 1.106597E-03 
7.291094E+00, 1.286749E-04 
1.951666E+00, 1.316145E-03 
9.544696E+00, 1.105470E-05 
1.019716E+00, 1.115325E-03 
7.002925E+00, 1.445435E-04 
4.676776E+00, 4.171577E-04 
-8.698508E+00, 2.803757E-05 
6.375982E+00, 1.790702E-04 
-1.211722E+01, 6.358105E-06 
4.235981E+00, 4.903875E-04 
2.149876E+00, 7.361049E-04 
-3.293908E+00, 7.609395E-04 
-2.154039E+00, 7.156937E-04 
8.262736E+00, 6.431643E-05 
2.174490E+00, 6.326239E-04 
-2.570036E+00, 1.240178E-03 
7.419117E+00, 8.251321E-05 
-5.066469E+00, 2.482493E-04 
1.059945E+00, 1.333988E-03 
6.771450E+00, 1.327681E-04 
-9.779789E+00, 9.322528E-06 
1.441229E-01, 1.633549E-03 
5.065858E-01, 1.144823E-03 
-9.195181E+00, 1.262946E-05 
5.987131E+00, 1.566866E-04 
-1.745015E+00, 1.132297E-03 
-1.288410E+01, 1.148077E-05 
1.151596E+01, 1.205533E-05 
-5.439772E+00, 2.261520E-04 
7.612184E+00, 8.718710E-05 
-3.169026E+00, 5.860427E-04 
1.081755E+00, 9.551395E-04 
8.147040E+00, 4.344393E-05 
-1.104495E+00, 1.184665E-03 
-2.624313E-01, 1.413103E-03 
2.084538E-01, 1.262012E-03 
-9.735962E+00, 1.319485E-05 
-2.518138E+00, 1.234144E-03 
-3.015660E+00, 5.920325E-04 
1.086729E+01, 8.539784E-06 
-7.538958E+00, 7.623627E-05 
-2.657943E+00, 1.162936E-03 
2.002950E+00, 6.597508E-04 
6.503396E+00, 1.205624E-04 
-7.125278E+00, 1.579547E-04 
-9.524098E+00, 1.198837E-05 
-3.751297E+00, 6.164172E-04 
-8.136697E+00, 3.125587E-05 
-9.182593E+00, 1.494994E-05 
5.686300E-01, 1.320994E-03 
-5.842477E-01, 1.173748E-03 
-9.878208E+00, 1.479566E-05 
-2.851769E+00, 5.584179E-04 
1.112817E+01, 9.141467E-06 
-7.405443E+00, 5.051785E-05 
5.134686E+00, 3.102184E-04 
5.886677E+00, 2.669675E-04 
-3.814561E+00, 4.328235E-04 
5.864297E+00, 3.997160E-04 
-9.998750E+00, 1.347761E-05 
5.023160E+00, 3.912128E-04 
5.505503E+00, 2.913540E-04 
-4.614719E+00, 4.532690E-04 
7.331743E+00, 7.665229E-05 
-1.072807E+01, 5.977581E-06 
-3.576527E-01, 1.241205E-03 
2.056011E+00, 7.557880E-04 
-4.906533E-01, 7.618521E-04 
4.690186E+00, 5.800916E-04 
5.845724E+00, 2.436285E-04 
-6.403937E+00, 1.672136E-04 
9.007743E+00, 1.347383E-05 
-2.143519E+00, 8.125683E-04 
4.545413E+00, 4.487708E-04 
1.183330E+00, 8.093443E-04 
-4.490295E+00, 4.504724E-04 
1.647956E+00, 1.058540E-03 
9.047115E-01, 8.622442E-04 
-1.261909E+01, 7.675054E-06 
-5.443375E+00, 3.979967E-04 
-7.980101E+00, 1.973536E-05 
-1.041572E+01, 1.017710E-05 
8.926015E+00, 1.980941E-05 
-6.370937E-01, 1.195585E-03 
-2.776468E+00, 6.573630E-04 
-9.088731E+00, 1.316377E-05 
5.632462E+00, 2.318758E-04 
-6.705596E+00, 2.106214E-04 
-2.110805E+00, 1.987479E-03 
1.638033E+00, 1.067764E-03 
7.181822E+00, 1.208663E-04 
-6.979286E+00, 1.014977E-04 
8.348369E+00, 2.480331E-05 
4.715306E+00, 4.606908E-04 
-6.312971E+00, 1.110462E-04 
1.103808E+01, 9.455757E-06 
3.271379E+00, 6.675627E-04 
-6.464001E+00, 1.133794E-04 
-7.388997E+00, 9.689499E-05 
-1.201381E+00, 1.469464E-03 
3.058678E+00, 5.437166E-04 
4.132872E+00, 4.557631E-04 
-2.899575E+00, 6.573630E-04 
4.025056E+00, 7.874566E-04 
-3.461690E+00, 5.916342E-04 
7.768377E+00, 7.474577E-05 
5.562412E+00, 3.176399E-04 
4.791652E+00, 4.528810E-04 
7.742876E+00, 1.194956E-04 
-7.394749E+00, 5.099584E-05 
1.016454E+00, 1.199738E-03 
-2.245376E+00, 8.544486E-04 
-4.539404E-01, 8.781427E-04 
-8.212220E-01, 8.831499E-04 
-3.209037E+00, 8.055923E-04 
-5.105874E+00, 3.978555E-04 
8.083241E+00, 6.491328E-05 
-6.071150E-02, 7.737127E-04 
9.351909E+00, 1.488806E-05 
6.988699E+00, 2.258447E-04 
-4.344984E+00, 5.168828E-04 
-2.272114E+00, 1.099913E-03 
2.366167E+00, 6.802833E-04 
9.970026E+00, 8.089651E-06 
1.163566E+01, 8.788859E-06 
-8.240199E+00, 4.081138E-05 
-8.846780E-01, 1.231029E-03 
-6.375672E+00, 1.304910E-04 
7.583341E+00, 9.323959E-05 
-4.935913E+00, 4.479116E-04 
1.381904E+00, 9.975132E-04 
-1.069344E+01, 1.052781E-05 
1.001846E+01, 7.232280E-06 
-3.798687E+00, 5.452406E-04 
6.914438E+00, 1.632655E-04 
4.564540E+00, 4.425621E-04 
4.554132E+00, 6.591872E-04 
-7.981420E-01, 1.175862E-03 
6.018551E-01, 1.691518E-03 
5.971307E+00, 1.643370E-04 
8.496770E+00, 7.378132E-05 
-6.772323E+00, 1.304910E-04 
6.731646E-01, 1.401200E-03 
5.716098E+00, 2.957195E-04 
-9.746371E-01, 1.312589E-03 
4.322863E+00, 4.010126E-04 
-8.506728E+00, 1.786682E-05 
-5.530074E+00, 3.728849E-04 
6.307426E+00, 1.220638E-04 
-4.158961E+00, 3.940446E-04 
-6.455044E+00, 1.280592E-04 
-1.153749E+01, 7.007733E-06 
1.013447E+00, 8.253462E-04 
1.000622E+01, 7.318052E-06 
8.138140E+00, 3.724297E-05 
-2.185740E+00, 8.536537E-04 
1.100646E+01, 6.521655E-06 
9.584006E+00, 1.083957E-05 
-8.844623E+00, 2.178087E-05 
4.168595E+00, 6.824485E-04 
-9.455585E+00, 1.196785E-05 
-1.480301E+00, 1.227125E-03 
-2.524974E+00, 7.087362E-04 
1.006351E+01, 9.426572E-06 
9.746991E+00, 1.464067E-05 
-7.520063E+00, 7.981701E-05 
6.306764E+00, 2.238793E-04 
4.091871E+00, 7.930254E-04 
8.434902E+00, 3.357213E-05 
5.266451E+00, 2.522465E-04 
7.082018E+00, 7.384727E-05 
7.709775E+00, 1.297538E-04 
-5.153615E+00, 2.189064E-04 
8.994885E+00, 2.491991E-05 
-2.700120E+00, 1.071399E-03 
-8.580032E+00, 2.226656E-05 
4.269015E+00, 4.171519E-04 
-2.833966E+00, 1.261347E-03 
-3.890620E+00, 8.194205E-04 
-3.048477E+00, 5.541832E-04 
1.406721E+00, 8.246518E-04 
5.607415E+00, 3.856107E-04 
5.096294E+00, 3.902295E-04 
-1.545031E+00, 1.205014E-03 
-3.361737E+00, 5.881378E-04 
3.300851E+00, 7.574591E-04 
2.359544E+00, 8.527232E-04 
6.539507E+00, 1.682931E-04 
9.378750E+00, 2.451259E-05 
-6.002154E+00, 1.422032E-04 
3.534577E+00, 8.564047E-04 
-6.172760E+00, 1.188084E-04 
-1.022039E+01, 6.714225E-06 
2.366132E+00, 7.411434E-04 
7.387399E+00, 9.189635E-05 
-9.712232E+00, 9.357492E-06 
2.733314E+00, 1.157706E-03 
1.050158E+01, 1.089239E-05 
1.094269E+01, 6.517434E-06 
-1.113764E+01, 7.502022E-06 
1.150227E+00, 7.528949E-04 
6.370896E+00, 1.475399E-04 
5.048665E+00, 3.206348E-04 
5.722939E+00, 2.075364E-04 
-9.751917E+00, 1.247348E-05 
-1.011902E+01, 9.045889E-06 
6.059269E+00, 1.460422E-04 
-8.552700E+00, 1.880636E-05 
-9.685058E+00, 1.319485E-05 
-9.451905E+00, 1.080844E-05 
-7.241771E+00, 7.991003E-05 
-7.163615E+00, 7.162710E-05 
5.946680E+00, 3.384799E-04 
9.873307E+00, 7.142012E-06 
-1.002665E+01, 7.252944E-06 
5.106814E-01, 1.845347E-03 
-1.023881E+01, 7.040390E-06 
-9.783436E+00, 6.046954E-06 
-1.053592E+01, 5.977581E-06 
-1.002756E+01, 5.965815E-06 
-9.974778E+00, 5.937774E-06 
-1.087369E+01, 5.908719E-06 
-7.798065E+00, 3.581355E-05 
-8.392975E+00, 3.090347E-05 
-8.529750E+00, 2.889803E-05 
-9.018775E+00, 9.100248E-06 
-9.012325E+00, 1.614797E-05 
-9.312102E+00, 1.297418E-05 
-8.976311E+00, 1.271393E-05 
-8.696358E+00, 1.232764E-05 
-9.157788E+00, 9.100248E-06 
-9.127917E+00, 9.100248E-06 
-8.931174E+00, 8.598887E-06 
-8.063164E+00, 3.425147E-05 
-5.868342E+00, 1.209951E-04 
-6.245017E+00, 1.110462E-04 
-3.290901E+00, 5.338540E-04 
-3.217925E+00, 4.456554E-04 
-3.184910E+00, 4.339401E-04 
-3.185486E+00, 4.307653E-04 
-3.164807E+00, 4.276934E-04 
-2.399914E+00, 7.578404E-04 
-1.955724E+00, 7.388801E-04 
-2.104962E+00, 7.177727E-04 
-2.374541E-02, 7.587857E-04 
-7.851411E-01, 7.531964E-04 
-3.095552E-01, 7.417845E-04 
1.021872E+00, 8.622442E-04 
1.702682E+00, 7.617459E-04 
1.222681E+00, 7.398429E-04 
2.083170E+00, 6.802833E-04 
2.227745E+00, 6.362657E-04 
5.129859E+00, 2.986592E-04 
5.252216E+00, 2.772387E-04 
5.418447E+00, 2.661497E-04 
5.677093E+00, 2.540979E-04 
5.816917E+00, 2.477413E-04 
6.950809E+00, 1.387030E-04 
7.024774E+00, 1.016396E-04 
7.015224E+00, 1.006412E-04 
7.364271E+00, 9.083894E-05 
9.132237E+00, 3.309575E-05 
9.372725E+00, 1.739456E-05 
1.051354E+01, 7.542476E-06 
1.038163E+01, 6.852761E-06 
