55 
14 
39 
36 
29 
31 
33 
34 
29 
37 
38 
37 
32 
25 
32 
33 
33 
33 
28 
27 
34 
31 
36 
33 
31 
37 
28 
36 
29 
24 
30 
34 
35 
32 
28 
35 
26 
35 
26 
42 
36 
24 
33 
32 
35 
26 
33 
32 
34 
29 
36 
35 
34 
35 
35 
29 
29 
29 
30 
39 
30 
29 
36 
41 
37 
33 
30 
27 
35 
32 
34 
29 
32 
22 
35 
42 
28 
34 
29 
37 
26 
32 
35 
37 
27 
34 
25 
28 
47 
39 
34 
29 
32 
24 
25 
42 
37 
29 
29 
32 
25 
40 
38 
30 
33 
29 
38 
26 
29 
33 
30 
32 
31 
33 
36 
40 
26 
30 
29 
38 
28 
37 
35 
38 
26 
30 
30 
32 
30 
32 
36 
28 
28 
38 
33 
33 
29 
31 
38 
35 
38 
28 
29 
28 
38 
27 
32 
34 
41 
32 
26 
29 
32 
27 
29 
37 
44 
29 
38 
24 
32 
34 
37 
28 
35 
25 
29 
32 
34 
29 
37 
36 
34 
28 
24 
31 
28 
38 
30 
36 
27 
36 
37 
25 
27 
30 
19 
44 
41 
30 
34 
25 
32 
34 
31 
32 
40 
29 
36 
34 
22 
31 
35 
37 
26 
27 
38 
40 
24 
27 
34 
24 
34 
33 
32 
31 
35 
27 
36 
34 
29 
27 
40 
33 
29 
31 
31 
38 
33 
27 
41 
34 
29 
22 
22 
27 
42 
27 
35 
31 
32 
27 
36 
33 
28 
29 
36 
35 
36 
37 
29 
32 
34 
32 
28 
27 
37 
33 
31 
34 
31 
35 
19 
42 
33 
21 
31 
33 
32 
41 
26 
27 
32 
26 
28 
36 
39 
33 
31 
36 
42 
29 
29 
33 
25 
31 
38 
33 
33 
30 
20 
27 
43 
24 
40 
21 
37 
26 
37 
28 
12 
0 
0 

 
 
46 
23 
33 
39 
23 
35 
34 
24 
35 
35 
31 
37 
28 
27 
34 
31 
39 
34 
32 
27 
29 
35 
44 
28 
37 
26 
29 
43 
31 
30 
32 
37 
37 
29 
30 
24 
35 
38 
30 
21 
38 
27 
43 
33 
29 
31 
32 
32 
31 
35 
34 
31 
27 
37 
27 
42 
29 
25 
40 
35 
32 
25 
30 
33 
45 
30 
29 
30 
34 
42 
26 
47 
23 
28 
25 
25 
33 
40 
29 
37 
31 
36 
29 
31 
31 
34 
36 
36 
27 
35 
30 
33 
29 
29 
31 
31 
30 
35 
34 
30 
36 
42 
26 
23 
35 
36 
40 
30 
36 
29 
30 
39 
16 
33 
40 
36 
31 
43 
33 
26 
34 
41 
31 
30 
30 
33 
32 
36 
30 
23 
33 
36 
23 
31 
34 
36 
32 
26 
39 
35 
34 
31 
32 
26 
36 
25 
36 
33 
35 
27 
36 
32 
32 
38 
27 
21 
24 
46 
34 
28 
26 
29 
36 
30 
44 
35 
34 
35 
31 
26 
34 
31 
29 
35 
29 
36 
28 
35 
27 
34 
32 
31 
31 
38 
33 
23 
33 
31 
37 
27 
35 
33 
32 
30 
40 
34 
22 
26 
36 
30 
41 
18 
30 
37 
36 
28 
42 
26 
29 
25 
30 
43 
21 
31 
32 
35 
35 
31 
36 
26 
26 
31 
30 
43 
32 
32 
26 
32 
39 
28 
28 
32 
29 
41 
23 
32 
34 
39 
26 
38 
27 
41 
30 
28 
25 
30 
27 
34 
37 
33 
34 
27 
31 
38 
38 
33 
31 
25 
28 
35 
30 
28 
39 
30 
33 
32 
36 
32 
32 
31 
30 
24 
32 
34 
39 
28 
36 
29 
29 
39 
28 
30 
35 
31 
29 
40 
22 
28 
36 
30 
34 
29 
31 
28 
36 
33 
25 
34 
26 
26 
18 
0 
0 

 
 
