9.197756E+00, 2.330093E-06 
6.205687E+00, 4.623037E-05 
6.118544E+00, 4.499140E-05 
1.377865E+00, 5.850624E-04 
6.343311E+00, 6.740269E-05 
9.956795E+00, 9.985200E-07 
3.020594E+00, 2.324485E-04 
2.082690E+00, 1.967281E-04 
7.997186E+00, 2.744673E-05 
9.184069E+00, 3.826051E-06 
3.293877E+00, 1.713031E-04 
9.782537E-01, 5.057814E-04 
7.829898E+00, 1.211216E-05 
3.251173E+00, 5.339001E-04 
2.460414E-01, 5.906246E-04 
1.906084E+00, 5.334353E-04 
6.543926E+00, 4.484351E-05 
2.671845E-01, 5.096120E-04 
4.346294E+00, 1.248802E-04 
2.616983E+00, 3.536294E-04 
3.932269E+00, 1.309797E-04 
5.658295E+00, 3.938849E-05 
9.783167E+00, 1.192737E-06 
2.021135E-01, 3.398362E-04 
9.840591E+00, 1.133859E-06 
9.161193E+00, 5.083002E-06 
3.723800E+00, 3.441204E-04 
2.028562E+00, 3.274470E-04 
6.537974E+00, 2.774280E-05 
8.362334E+00, 8.050400E-06 
8.633378E+00, 7.106701E-06 
4.986241E-01, 4.300284E-04 
3.913025E+00, 2.693785E-04 
8.149271E+00, 9.031360E-06 
3.895792E+00, 1.665194E-04 
9.269482E+00, 3.477224E-06 
8.628509E+00, 4.695369E-06 
2.282861E+00, 2.717050E-04 
1.248118E+00, 6.536914E-04 
5.768615E+00, 6.007271E-05 
6.141957E+00, 3.780905E-05 
3.889057E-01, 6.274488E-04 
8.372701E+00, 1.433304E-05 
1.809636E+00, 4.100590E-04 
2.380777E+00, 3.567749E-04 
8.493347E+00, 7.567833E-06 
9.029558E+00, 5.457078E-06 
4.204654E+00, 9.900649E-05 
1.089166E+01, 1.553663E-06 
2.050295E+00, 3.009483E-04 
3.314995E+00, 2.762567E-04 
1.538742E+00, 3.345971E-04 
5.868310E+00, 5.968810E-05 
3.765587E+00, 1.643078E-04 
5.191493E+00, 1.144289E-04 
6.013171E+00, 5.157803E-05 
9.202184E-01, 5.748396E-04 
6.867411E+00, 2.594513E-05 
7.751021E+00, 1.932670E-05 
4.878484E+00, 8.696311E-05 
1.135369E+01, 1.574916E-06 
2.917645E+00, 3.135455E-04 
1.047597E+01, 6.151554E-07 
6.194411E+00, 6.007271E-05 
9.860707E+00, 1.051534E-06 
1.023085E+01, 6.883013E-07 
2.833914E+00, 4.237824E-04 
3.724005E+00, 1.582820E-04 
1.215385E+00, 5.238241E-04 
1.215320E+00, 6.470389E-04 
4.039094E+00, 1.932289E-04 
8.957351E-01, 2.953123E-04 
2.150012E+00, 4.549994E-04 
7.069588E+00, 2.332433E-05 
1.540259E-01, 4.465380E-04 
2.015504E+00, 3.145756E-04 
5.224948E+00, 1.529735E-04 
4.417462E+00, 1.161608E-04 
1.032096E+01, 6.502380E-07 
2.367198E+00, 2.393552E-04 
4.567591E-01, 5.544826E-04 
1.833886E+00, 2.592141E-04 
8.358935E+00, 1.100111E-05 
6.804805E+00, 3.335986E-05 
1.049406E+01, 2.215700E-06 
1.745651E+00, 2.291180E-04 
5.816247E+00, 7.394118E-05 
8.193719E+00, 1.192949E-05 
7.895211E+00, 1.916192E-05 
9.340087E+00, 3.863449E-06 
2.237078E+00, 2.570519E-04 
8.117545E+00, 1.235182E-05 
1.042830E+00, 6.412741E-04 
2.672449E+00, 2.592478E-04 
6.609551E+00, 7.454316E-05 
4.925137E+00, 1.119442E-04 
6.154455E+00, 5.750020E-05 
4.730289E+00, 1.125373E-04 
7.946739E+00, 1.975310E-05 
5.127904E+00, 1.227293E-04 
2.789848E+00, 2.059062E-04 
8.124281E+00, 8.616854E-06 
2.339059E+00, 2.484116E-04 
-5.299173E-01, 1.569521E-02 
9.657034E-01, 4.561125E-04 
8.001407E+00, 1.022508E-05 
3.594072E+00, 2.678486E-04 
5.270565E+00, 1.160494E-04 
3.840263E+00, 2.122393E-04 
7.457737E+00, 2.916551E-05 
1.032388E+01, 4.117232E-07 
5.930099E-01, 4.372410E-04 
5.442233E+00, 7.284646E-05 
6.490998E+00, 5.033975E-05 
5.076243E+00, 7.534682E-05 
1.935935E+00, 2.561120E-04 
9.047590E+00, 4.822594E-06 
4.587121E+00, 8.182834E-05 
6.823817E+00, 3.464103E-05 
5.981623E+00, 3.959668E-05 
3.687747E+00, 2.478722E-04 
2.778989E+00, 5.111994E-04 
5.021803E-01, 4.723911E-04 
4.683626E+00, 1.639115E-04 
6.115272E+00, 6.689389E-05 
9.576377E+00, 8.355488E-07 
8.154791E-01, 6.860985E-04 
1.053778E+01, 9.266004E-07 
8.134604E+00, 9.120272E-06 
3.359721E+00, 1.893803E-04 
9.830760E+00, 6.526234E-07 
3.999005E+00, 1.630484E-04 
9.418095E+00, 2.013369E-06 
7.823246E+00, 1.569343E-05 
4.211196E-01, 7.600650E-04 
4.808293E+00, 1.164038E-04 
7.834690E+00, 2.472202E-05 
6.900322E+00, 3.824641E-05 
6.763943E+00, 4.556778E-05 
5.412923E+00, 8.325076E-05 
3.793582E+00, 2.323217E-04 
7.911874E+00, 1.055887E-05 
1.981014E+00, 3.172930E-04 
5.296451E+00, 1.051649E-04 
9.144176E+00, 3.667599E-06 
1.201771E+00, 4.203124E-04 
8.528138E+00, 1.050964E-05 
6.137674E+00, 5.589533E-05 
4.098925E+00, 2.498961E-04 
6.918422E+00, 5.118179E-05 
6.514687E+00, 6.333393E-05 
9.581540E-01, 2.962950E-04 
2.208782E+00, 2.751247E-04 
1.466456E+00, 3.894161E-04 
6.031120E+00, 3.121421E-05 
8.017276E+00, 9.646926E-06 
8.527357E+00, 6.419800E-06 
8.834583E+00, 6.457792E-06 
-4.778389E+00, 9.490213E-03 
4.641541E+00, 1.598304E-04 
7.151817E+00, 2.488826E-05 
3.939859E+00, 2.278620E-04 
5.757308E-01, 3.714938E-04 
1.061709E-01, 1.994501E-03 
9.234354E+00, 2.629043E-06 
5.180964E-01, 5.302827E-04 
9.115318E+00, 2.761575E-06 
7.766087E+00, 1.655984E-05 
6.204754E+00, 7.195569E-05 
5.043961E+00, 8.211398E-05 
1.041896E+01, 8.219280E-07 
7.685796E+00, 1.460201E-05 
4.923712E+00, 8.843747E-05 
8.547067E+00, 6.056731E-06 
9.817482E+00, 1.253807E-06 
2.829401E+00, 4.451811E-04 
3.163925E+00, 3.758202E-04 
3.233524E+00, 1.942136E-04 
7.922597E+00, 1.916713E-05 
3.807604E+00, 2.661142E-04 
9.916613E+00, 1.056456E-06 
8.607063E+00, 4.336588E-06 
6.593511E+00, 4.484351E-05 
3.568002E+00, 3.492063E-04 
2.025737E+00, 5.124128E-04 
3.196179E+00, 4.868710E-04 
1.815965E+00, 3.354045E-04 
4.412494E+00, 1.667741E-04 
4.585530E+00, 1.090469E-04 
1.657687E+00, 2.852098E-04 
9.641524E+00, 3.017117E-06 
7.201653E+00, 2.459055E-05 
3.855386E+00, 2.699132E-04 
4.315448E+00, 1.259013E-04 
8.060272E+00, 1.018190E-05 
3.080435E+00, 3.890265E-04 
1.027311E+01, 8.821787E-07 
8.621881E+00, 9.123775E-06 
3.936808E+00, 2.814102E-04 
4.332575E+00, 2.444768E-04 
4.644278E+00, 8.717127E-05 
2.105349E+00, 5.622281E-04 
1.039660E+00, 3.812569E-04 
4.912211E+00, 8.039008E-05 
9.300223E+00, 4.021577E-06 
7.979122E+00, 1.082547E-05 
2.232156E+00, 2.537388E-04 
2.580243E+00, 3.542535E-04 
8.112889E+00, 1.205767E-05 
2.898565E+00, 1.835430E-04 
5.545005E+00, 9.316531E-05 
2.844389E+00, 2.880777E-04 
2.343177E+00, 3.345222E-04 
7.769041E+00, 1.786477E-05 
5.135492E+00, 6.893600E-05 
9.964101E+00, 7.819185E-07 
1.256158E+00, 2.444247E-04 
1.156174E+01, 9.036924E-07 
6.085945E+00, 4.863175E-05 
8.479293E+00, 7.389946E-06 
4.796191E+00, 9.525280E-05 
3.062413E+00, 2.369354E-04 
7.934937E+00, 1.687197E-05 
3.749493E+00, 1.067414E-04 
2.912789E+00, 4.909522E-04 
5.748674E+00, 4.084735E-05 
6.400090E+00, 4.066125E-05 
1.988660E+00, 3.341902E-04 
5.191517E-01, 4.304287E-04 
4.477066E+00, 1.549400E-04 
1.093378E+01, 7.363689E-07 
6.333117E+00, 6.424469E-05 
3.714276E+00, 1.883474E-04 
9.365998E-01, 5.167145E-04 
2.796976E-01, 5.925899E-04 
7.279047E+00, 3.692437E-05 
9.204131E+00, 4.819045E-06 
4.971037E+00, 1.006379E-04 
2.224900E-01, 3.628109E-04 
2.506833E+00, 3.443226E-04 
8.511821E+00, 1.020156E-05 
-7.733909E+00, 1.778463E-02 
-2.244075E+00, 1.198579E-02 
2.147672E+00, 3.407636E-04 
7.672193E+00, 2.972276E-05 
7.497680E+00, 3.977569E-05 
5.736149E+00, 6.253503E-05 
1.531892E+00, 5.352058E-04 
1.360973E+00, 2.444247E-04 
9.970438E+00, 1.017955E-06 
3.197261E+00, 3.452376E-04 
5.802214E+00, 5.558396E-05 
9.421481E+00, 6.322077E-06 
1.018643E+01, 1.441898E-06 
3.907212E+00, 1.490029E-04 
2.063803E+00, 5.647635E-04 
3.753138E+00, 3.481991E-04 
6.631103E+00, 4.469495E-05 
5.094052E+00, 1.063045E-04 
7.035688E+00, 3.148805E-05 
7.251967E+00, 1.623565E-05 
9.598147E-01, 5.898596E-04 
1.503286E+00, 2.957213E-04 
8.127714E+00, 6.997075E-06 
5.355118E+00, 9.375821E-05 
2.304096E+00, 3.262858E-04 
4.604188E+00, 8.566090E-05 
6.563754E+00, 4.398930E-05 
2.063881E+00, 5.489749E-04 
5.803851E+00, 3.527510E-05 
5.440503E+00, 5.236161E-05 
8.203727E+00, 7.163595E-06 
4.985047E+00, 1.619866E-04 
7.400866E+00, 1.313233E-05 
9.514817E+00, 1.827604E-06 
1.877552E+00, 2.570138E-04 
6.096821E+00, 3.285983E-05 
2.266541E+00, 2.947709E-04 
5.075525E+00, 8.140666E-05 
8.951714E+00, 5.807789E-06 
7.641369E+00, 2.474002E-05 
4.548705E+00, 1.127069E-04 
7.685525E-01, 3.838867E-04 
7.899254E+00, 1.655984E-05 
2.648524E+00, 2.293168E-04 
6.170634E+00, 6.871149E-05 
7.654443E+00, 2.476739E-05 
6.545530E+00, 3.945330E-05 
7.762349E+00, 1.755692E-05 
9.993870E+00, 1.899917E-06 
2.960610E-01, 1.699181E-04 
1.802949E+00, 3.130203E-04 
4.609871E+00, 2.019930E-04 
2.389737E+00, 1.806498E-04 
7.442654E+00, 2.587071E-05 
9.177096E+00, 4.972300E-06 
1.023998E+01, 5.039447E-07 
4.720440E+00, 1.482250E-04 
1.772934E+00, 4.193201E-04 
1.043752E+01, 8.944693E-07 
9.044462E+00, 3.750820E-06 
5.515617E+00, 9.138720E-05 
1.172448E+01, 7.882638E-07 
4.647767E+00, 1.014494E-04 
1.718881E+00, 2.806615E-04 
3.643725E+00, 2.565431E-04 
9.921666E+00, 7.438480E-07 
2.649529E+00, 3.136150E-04 
5.117145E+00, 7.904296E-05 
9.129221E+00, 5.990962E-06 
8.977080E+00, 3.746139E-06 
8.036622E+00, 1.078093E-05 
3.077149E+00, 2.489262E-04 
1.012539E+01, 5.100302E-07 
1.055486E+01, 8.786604E-07 
9.214236E+00, 2.356366E-06 
5.646854E+00, 8.212224E-05 
2.645014E+00, 3.543784E-04 
5.894181E+00, 8.211398E-05 
9.839583E+00, 1.142009E-06 
7.665107E-01, 5.778145E-04 
4.332313E+00, 1.514185E-04 
1.066883E+00, 5.050065E-04 
8.832071E+00, 9.114014E-06 
2.313620E+00, 2.387987E-04 
5.459974E-01, 6.903790E-04 
6.988502E+00, 4.947202E-05 
7.273516E+00, 2.153852E-05 
2.245771E+00, 3.271270E-04 
6.659635E+00, 4.508822E-05 
4.021737E+00, 2.086039E-04 
9.337887E+00, 3.739199E-06 
4.063290E+00, 1.993188E-04 
7.997340E+00, 2.359669E-05 
1.018770E+01, 8.793696E-07 
1.278710E+00, 2.812154E-04 
7.167393E+00, 2.759962E-05 
7.311206E+00, 3.175826E-05 
7.261500E+00, 2.925245E-05 
1.002539E+01, 1.498283E-06 
2.477681E+00, 2.385066E-04 
3.689934E+00, 3.745267E-04 
2.979126E+00, 2.762567E-04 
1.004918E+01, 7.711267E-07 
5.314908E+00, 7.491758E-05 
7.836868E+00, 1.238694E-05 
1.159108E+00, 3.942804E-04 
2.046550E+00, 6.169953E-04 
2.135728E+00, 2.926023E-04 
9.550631E+00, 1.142417E-06 
3.970645E+00, 8.719579E-05 
1.063297E+00, 4.939451E-04 
4.837485E-01, 7.903998E-04 
5.674883E+00, 1.017969E-04 
1.665637E-01, 8.233575E-05 
5.202035E+00, 7.161995E-05 
1.251009E+00, 3.425802E-04 
7.066084E+00, 2.275601E-05 
3.487136E-01, 7.387429E-04 
2.691855E+00, 3.568179E-04 
4.861957E+00, 6.467791E-05 
1.593061E+00, 4.923237E-04 
1.064063E+01, 6.133781E-07 
3.214982E+00, 2.636768E-04 
9.639254E+00, 1.984488E-06 
5.207431E+00, 1.195091E-04 
1.100304E+01, 6.923870E-07 
5.377823E+00, 1.280414E-04 
5.816164E+00, 5.545445E-05 
6.014983E+00, 7.819363E-05 
1.025822E+00, 2.847647E-04 
9.786639E+00, 1.633823E-06 
9.265335E+00, 4.619151E-06 
7.219651E+00, 2.354718E-05 
2.300386E+00, 3.478420E-04 
1.657279E-01, 2.962950E-04 
4.293486E+00, 1.678642E-04 
1.718300E+00, 3.705975E-04 
7.268199E+00, 1.394652E-05 
5.312247E+00, 6.025023E-05 
1.060280E+01, 6.666138E-07 
6.580936E+00, 5.952722E-05 
7.522797E+00, 2.434778E-05 
4.695584E+00, 1.885589E-04 
1.036376E+00, 4.893648E-04 
4.617994E+00, 1.713384E-04 
3.277150E+00, 2.686937E-04 
3.750592E+00, 3.285681E-04 
1.811685E+00, 2.875805E-04 
2.370366E-01, 1.699181E-04 
6.986891E+00, 3.014963E-05 
4.942533E+00, 9.616640E-05 
1.436656E+00, 2.921900E-04 
4.590140E+00, 1.004860E-04 
7.976740E+00, 6.720378E-06 
7.379551E+00, 1.365608E-05 
3.553749E+00, 2.203514E-04 
7.184560E+00, 2.637983E-05 
2.888043E-01, 5.713603E-04 
7.638915E+00, 2.916551E-05 
2.211959E+00, 3.333728E-04 
4.136948E+00, 1.426228E-04 
1.455169E-01, 5.925899E-04 
1.010998E+01, 7.371298E-07 
6.962940E+00, 1.571932E-05 
4.258226E+00, 8.647646E-05 
5.538827E+00, 8.322083E-05 
1.761482E+00, 2.246443E-04 
3.097050E+00, 2.666809E-04 
7.478153E+00, 2.252672E-05 
9.777864E+00, 5.700584E-07 
9.172814E+00, 2.071089E-06 
2.348088E+00, 4.031807E-04 
2.424009E+00, 2.354554E-04 
6.730931E+00, 5.566797E-05 
5.477124E-01, 4.573770E-04 
7.406405E+00, 1.496626E-05 
8.803696E+00, 6.627082E-06 
2.475294E-01, 2.669952E-04 
9.819698E+00, 7.768317E-07 
4.717575E+00, 1.102126E-04 
9.508461E+00, 8.793696E-07 
2.881545E+00, 2.486784E-04 
3.756382E+00, 3.150435E-04 
7.257921E+00, 2.223385E-05 
9.821966E+00, 1.017294E-06 
4.264725E+00, 1.531109E-04 
9.266064E+00, 1.538730E-06 
8.086976E+00, 1.182935E-05 
8.949050E+00, 4.391801E-06 
2.316550E+00, 3.106829E-04 
7.866051E+00, 1.812289E-05 
3.347898E+00, 1.887980E-04 
5.551490E+00, 6.237290E-05 
5.939074E+00, 4.780315E-05 
3.889674E+00, 2.543641E-04 
2.402990E+00, 4.891106E-04 
6.303350E+00, 4.581102E-05 
6.172863E+00, 4.380989E-05 
3.689391E-01, 8.339585E-04 
5.772261E+00, 9.667519E-05 
3.955876E-01, 7.191518E-04 
5.849002E+00, 7.761574E-05 
4.307316E+00, 1.007766E-04 
4.898507E+00, 1.145457E-04 
6.752329E+00, 4.289679E-05 
5.199011E+00, 1.006379E-04 
2.196267E+00, 4.274274E-04 
7.719349E+00, 2.191229E-05 
1.033959E+01, 7.318757E-07 
6.017968E+00, 5.534325E-05 
3.152202E+00, 2.413959E-04 
8.640364E+00, 6.841051E-06 
9.855730E+00, 5.930471E-07 
4.482436E+00, 1.473465E-04 
3.918983E+00, 2.942421E-04 
1.752395E+00, 3.027485E-04 
3.198762E+00, 1.528345E-04 
6.521609E+00, 6.423379E-05 
8.594536E-01, 5.625202E-04 
4.571045E+00, 8.448164E-05 
6.672682E+00, 4.434928E-05 
2.910585E+00, 3.788267E-04 
5.369955E+00, 4.614524E-05 
6.067749E+00, 5.467874E-05 
4.201794E+00, 1.327477E-04 
8.845115E+00, 8.472072E-06 
5.364004E+00, 8.557536E-05 
4.177308E+00, 1.849106E-04 
1.773707E+00, 2.462364E-04 
6.169795E+00, 8.337474E-05 
9.043870E-01, 3.830500E-04 
8.921440E+00, 4.337583E-06 
8.762808E+00, 4.093034E-06 
1.019815E+01, 5.219560E-07 
6.784686E+00, 2.434778E-05 
3.188293E-01, 5.516736E-04 
3.939861E+00, 2.694510E-04 
6.335359E+00, 6.617027E-05 
1.403983E+00, 6.575703E-04 
6.804187E+00, 5.175492E-05 
5.467057E+00, 6.689506E-05 
5.002512E+00, 6.505294E-05 
4.168384E+00, 1.864458E-04 
8.257005E+00, 1.052731E-05 
2.155197E+00, 3.168441E-04 
1.647897E+00, 3.454502E-04 
7.945942E+00, 2.240345E-05 
5.774414E+00, 7.484342E-05 
8.611739E+00, 5.814745E-06 
1.565692E+00, 2.921900E-04 
3.976545E+00, 2.682385E-04 
6.866707E-02, 3.749634E-05 
4.493541E+00, 8.743585E-05 
3.085409E+00, 2.077546E-04 
4.613549E+00, 1.691256E-04 
1.994450E-01, 4.729770E-04 
3.516918E+00, 4.641836E-04 
1.675652E+00, 2.658445E-04 
5.890738E+00, 4.033800E-05 
4.163459E+00, 1.067414E-04 
1.790882E+00, 3.681674E-04 
3.493006E+00, 2.876984E-04 
4.161707E+00, 1.756863E-04 
9.412673E+00, 5.950784E-06 
5.431813E+00, 9.241443E-05 
5.101593E+00, 7.693769E-05 
2.000178E+00, 3.056765E-04 
7.810614E+00, 2.244876E-05 
7.967975E+00, 1.150136E-05 
9.954727E+00, 6.287381E-07 
1.919265E+00, 3.981727E-04 
2.536480E+00, 1.968596E-04 
1.486092E-01, 4.962855E-04 
5.042872E+00, 7.417088E-05 
7.947515E+00, 1.052764E-05 
3.232059E+00, 3.403836E-04 
2.287589E+00, 3.449619E-04 
9.331194E-01, 5.134041E-04 
9.770712E+00, 4.452690E-07 
2.338960E-01, 3.516063E-04 
7.268075E+00, 3.249157E-05 
5.241836E+00, 6.990575E-05 
5.185387E+00, 1.296805E-04 
2.351098E+00, 2.245404E-04 
7.474436E-02, 5.925899E-04 
5.154455E+00, 6.310360E-05 
9.168541E+00, 1.706689E-06 
2.393275E+00, 2.757226E-04 
3.869568E+00, 2.150023E-04 
9.492600E+00, 1.783730E-06 
8.167874E+00, 9.281119E-06 
1.130429E+00, 4.666772E-04 
-1.606857E-01, 1.103347E-03 
5.487221E+00, 1.080788E-04 
5.291358E+00, 1.026029E-04 
5.620611E+00, 7.678194E-05 
5.821255E+00, 4.959504E-05 
1.954295E+00, 2.658445E-04 
6.098492E+00, 8.863238E-05 
9.908035E+00, 1.734434E-06 
9.946512E-01, 6.252701E-04 
8.434203E+00, 5.460529E-06 
3.446935E+00, 3.916515E-04 
5.496385E+00, 7.595907E-05 
6.701765E+00, 6.221218E-05 
9.695057E+00, 1.024163E-06 
7.929490E-01, 6.668687E-04 
9.835305E+00, 1.472145E-06 
8.742624E+00, 5.362666E-06 
6.478093E+00, 4.378672E-05 
2.789698E+00, 1.835430E-04 
2.754848E+00, 4.077917E-04 
5.687438E+00, 7.046740E-05 
3.735904E+00, 3.457616E-04 
2.025503E+00, 4.427734E-04 
1.403643E+00, 6.589344E-04 
8.197771E-01, 3.811405E-04 
8.815141E+00, 4.860917E-06 
8.191265E+00, 7.844916E-06 
7.343704E+00, 4.251277E-05 
5.981449E+00, 3.218939E-05 
2.568997E+00, 3.920345E-04 
3.558243E+00, 2.539669E-04 
2.146401E+00, 2.306194E-04 
4.964150E-01, 5.925899E-04 
5.831290E+00, 9.033354E-05 
7.791531E+00, 2.600415E-05 
7.723139E+00, 2.698002E-05 
8.917461E-01, 6.366063E-04 
1.154302E+00, 3.202640E-04 
9.319569E+00, 1.396711E-06 
9.431404E+00, 4.851089E-06 
6.068706E+00, 3.801906E-05 
9.050661E+00, 5.070071E-06 
3.271622E+00, 1.633377E-04 
3.993999E+00, 3.597880E-04 
9.681794E+00, 1.381992E-06 
6.356235E-01, 3.405867E-04 
7.453521E+00, 4.219791E-05 
8.617723E+00, 1.113835E-05 
9.517812E+00, 1.289923E-06 
4.416986E-01, 6.915918E-04 
1.464548E+00, 2.254219E-04 
5.209509E-01, 6.811734E-04 
4.883020E+00, 1.247306E-04 
3.758087E+00, 2.062966E-04 
5.677677E+00, 5.123882E-05 
6.120942E+00, 8.122288E-05 
2.466346E-01, 4.157045E-04 
6.631727E+00, 3.764726E-05 
9.391905E+00, 1.697948E-06 
7.934534E+00, 2.365024E-05 
5.327887E+00, 7.476547E-05 
5.359071E+00, 1.209830E-04 
2.978476E+00, 3.458246E-04 
3.726484E+00, 1.991101E-04 
5.557226E+00, 1.023972E-04 
7.480744E+00, 2.912181E-05 
7.822692E+00, 1.701825E-05 
5.225539E+00, 1.001090E-04 
6.343042E+00, 6.417848E-05 
4.167760E+00, 1.432870E-04 
5.054296E+00, 1.152927E-04 
4.428013E+00, 1.028139E-04 
6.636763E+00, 2.920940E-05 
8.774456E+00, 1.310718E-05 
6.953734E+00, 2.285541E-05 
3.499497E+00, 3.933228E-04 
1.309134E+00, 5.684978E-04 
8.232685E+00, 1.258659E-05 
4.073147E+00, 3.034557E-04 
8.308032E+00, 8.620964E-06 
2.575084E+00, 2.829731E-04 
7.680523E+00, 1.613551E-05 
3.486577E+00, 1.862576E-04 
8.589173E+00, 7.386872E-06 
6.455737E+00, 4.967940E-05 
8.817885E+00, 9.824705E-06 
5.218327E+00, 8.080780E-05 
5.473308E+00, 1.311271E-04 
2.722111E+00, 3.875985E-04 
5.645069E-01, 7.569898E-04 
3.534669E+00, 2.647031E-04 
4.662705E-01, 3.220451E-04 
6.759321E-01, 3.777817E-04 
3.151767E-01, 1.585935E-03 
7.502591E+00, 3.142303E-05 
4.491587E+00, 1.698350E-04 
2.616705E+00, 2.706279E-04 
1.535252E+00, 3.821958E-04 
3.227533E+00, 3.060471E-04 
6.012751E+00, 4.777984E-05 
6.064657E+00, 6.771098E-05 
5.819708E+00, 7.440162E-05 
3.185203E+00, 2.590148E-04 
9.829636E+00, 1.050964E-06 
9.529133E+00, 2.219420E-06 
5.105805E+00, 4.775087E-05 
2.301113E+00, 3.756020E-04 
2.885340E-01, 1.657991E-03 
4.972728E+00, 1.240930E-04 
7.657157E+00, 2.441513E-05 
4.566519E+00, 2.472422E-04 
5.957500E+00, 3.691624E-05 
6.660716E+00, 4.234525E-05 
7.239759E+00, 1.957712E-05 
1.752486E+00, 3.648080E-04 
5.240385E+00, 5.640559E-05 
2.446137E+00, 1.808691E-04 
-2.655560E+00, 1.220542E-02 
1.050086E+00, 4.465759E-04 
1.870325E+00, 4.540107E-04 
2.840886E-01, 3.865779E-04 
2.226106E+00, 1.985916E-04 
3.492380E+00, 1.822145E-04 
7.619957E+00, 2.553291E-05 
3.983670E+00, 1.626225E-04 
6.147929E+00, 6.946566E-05 
9.211917E+00, 4.614736E-06 
8.913181E+00, 2.693112E-06 
8.497892E+00, 1.098182E-05 
1.059795E+01, 1.633823E-06 
5.077272E+00, 9.616640E-05 
7.572511E+00, 1.863991E-05 
4.311692E+00, 2.820825E-04 
7.465767E+00, 3.502977E-05 
9.154304E+00, 2.736208E-06 
4.918814E+00, 1.168820E-04 
2.462237E+00, 2.969534E-04 
8.819766E+00, 5.393630E-06 
8.968989E+00, 3.141967E-06 
6.727878E+00, 4.494728E-05 
8.087769E-01, 3.808681E-04 
8.535714E+00, 8.742424E-06 
7.557757E+00, 2.977415E-05 
1.624097E+00, 4.381805E-04 
3.526433E+00, 2.483206E-04 
7.152167E+00, 1.508557E-05 
5.263516E+00, 1.263996E-04 
9.080461E+00, 4.223453E-06 
-3.792201E+00, 1.496411E-02 
8.232542E+00, 9.137245E-06 
8.415852E+00, 8.031349E-06 
8.548677E+00, 7.803647E-06 
8.401934E+00, 7.567833E-06 
5.850528E+00, 6.759578E-05 
3.619323E+00, 2.051601E-04 
8.618847E+00, 1.223995E-05 
8.313844E+00, 6.684036E-06 
1.019500E+00, 5.133555E-04 
6.480532E+00, 5.067014E-05 
3.598829E+00, 2.978043E-04 
1.365078E+00, 4.573894E-04 
9.942292E-01, 5.261496E-04 
1.348616E+00, 4.324284E-04 
3.578988E+00, 3.005915E-04 
7.741536E+00, 1.951071E-05 
2.138336E+00, 4.366810E-04 
1.078648E+00, 4.441712E-04 
1.010556E+01, 6.140299E-07 
-5.871410E+00, 1.516563E-02 
8.602935E+00, 7.554715E-06 
5.954734E+00, 4.356625E-05 
3.927345E+00, 2.433155E-04 
1.074583E+01, 6.183627E-07 
5.644165E+00, 6.020549E-05 
1.027918E+00, 3.419681E-04 
4.851861E+00, 8.773061E-05 
4.303069E+00, 1.264253E-04 
4.460721E+00, 2.408695E-04 
6.076340E+00, 6.026536E-05 
7.931575E+00, 2.483186E-05 
1.167463E+00, 2.953123E-04 
5.314415E+00, 1.025167E-04 
6.639949E+00, 3.353126E-05 
6.141633E+00, 3.319775E-05 
1.802593E+00, 3.703257E-04 
2.604431E+00, 3.294849E-04 
6.339277E+00, 3.254161E-05 
3.347774E+00, 2.754143E-04 
4.604174E+00, 1.241072E-04 
1.583552E+00, 2.905172E-04 
1.351689E+00, 2.332391E-04 
3.977620E+00, 2.802481E-04 
1.591288E+00, 4.525107E-04 
4.975252E+00, 1.112466E-04 
2.971073E+00, 1.707393E-04 
9.937816E+00, 6.361007E-07 
3.328997E+00, 2.601901E-04 
1.997895E+00, 2.434314E-04 
-4.237721E-02, 3.879122E-04 
9.266348E-01, 2.755446E-04 
5.553976E+00, 6.992892E-05 
4.262865E+00, 1.723301E-04 
5.284184E+00, 1.130281E-04 
6.642608E+00, 3.970158E-05 
5.505050E+00, 7.433766E-05 
3.465192E+00, 2.640546E-04 
6.901105E+00, 4.040623E-05 
3.956051E+00, 1.671530E-04 
1.053800E+01, 7.020796E-07 
4.450681E+00, 1.813741E-04 
9.396346E+00, 9.508059E-07 
6.397632E+00, 8.288933E-05 
9.499911E-01, 5.639942E-04 
4.309611E+00, 1.574317E-04 
4.688072E+00, 1.028139E-04 
7.624089E+00, 4.447442E-05 
6.355670E+00, 5.734617E-05 
5.699516E-01, 3.865779E-04 
4.129063E+00, 1.361618E-04 
6.846692E+00, 2.381523E-05 
7.613210E+00, 1.647545E-05 
7.330976E+00, 2.553823E-05 
2.611268E+00, 2.632972E-04 
8.498002E+00, 6.682318E-06 
9.541868E+00, 1.439792E-06 
1.631366E+00, 3.939190E-04 
1.232472E+00, 3.578823E-04 
9.442760E+00, 1.498283E-06 
1.650998E+00, 5.444536E-04 
2.906579E+00, 2.370458E-04 
2.802812E+00, 5.366306E-04 
4.662430E+00, 2.225795E-04 
2.027196E+00, 3.233499E-04 
6.875849E+00, 4.775516E-05 
6.425548E-01, 7.674460E-04 
7.555486E+00, 1.880254E-05 
5.187815E-01, 4.373464E-04 
2.921384E+00, 3.228009E-04 
1.060680E+01, 6.193270E-07 
5.537437E+00, 8.252757E-05 
8.168499E+00, 6.553591E-06 
9.727428E+00, 1.674031E-06 
3.122899E+00, 2.220830E-04 
1.026781E+00, 6.902986E-04 
3.404944E+00, 2.625817E-04 
3.089418E+00, 1.765854E-04 
7.768060E+00, 1.789323E-05 
9.798664E+00, 1.385832E-06 
2.438492E+00, 2.275556E-04 
5.549996E+00, 4.980530E-05 
6.972721E+00, 3.448896E-05 
5.317855E+00, 9.294256E-05 
5.794301E+00, 3.488051E-05 
5.221529E+00, 8.864412E-05 
2.187221E+00, 3.681674E-04 
1.879746E-01, 3.861633E-04 
9.276869E+00, 3.781746E-06 
6.036005E-01, 6.176858E-04 
5.135861E+00, 1.285004E-04 
9.131661E+00, 3.955427E-06 
7.453120E+00, 1.823151E-05 
6.563460E+00, 6.930305E-05 
6.179891E+00, 3.560969E-05 
1.007320E+01, 6.151554E-07 
3.147426E+00, 1.862576E-04 
7.473734E+00, 3.086721E-05 
9.245593E+00, 2.724588E-06 
8.361184E+00, 8.004087E-06 
6.617454E+00, 3.972821E-05 
8.840066E+00, 4.157599E-06 
8.621293E+00, 9.630279E-06 
4.464089E+00, 9.773209E-05 
2.953074E+00, 1.528345E-04 
3.027392E+00, 1.935874E-04 
-4.125816E+00, 1.755697E-02 
4.154834E+00, 1.248802E-04 
3.248434E+00, 1.934475E-04 
1.240656E+00, 6.531687E-04 
2.464251E-01, 3.377140E-04 
9.501465E+00, 3.809101E-06 
4.449605E+00, 2.639875E-04 
5.155437E+00, 7.693769E-05 
7.452605E+00, 1.957795E-05 
2.464042E+00, 2.851314E-04 
1.058838E+01, 7.020796E-07 
7.323577E+00, 1.791451E-05 
6.669348E+00, 2.369352E-05 
4.592365E+00, 1.563557E-04 
6.286471E+00, 7.369686E-05 
8.647752E-01, 5.910356E-04 
3.050229E+00, 2.737739E-04 
2.036552E+00, 2.400681E-04 
4.187839E-01, 7.884802E-04 
6.895911E+00, 4.005814E-05 
4.869710E+00, 1.275314E-04 
3.675925E-01, 4.767177E-04 
8.340276E+00, 1.111289E-05 
3.609398E+00, 3.148939E-04 
5.894041E+00, 5.632684E-05 
4.560602E+00, 2.117580E-04 
7.824075E+00, 1.451672E-05 
-1.522431E-01, 1.185180E-03 
3.004074E+00, 2.868224E-04 
4.272919E+00, 1.687097E-04 
8.152212E+00, 6.970220E-06 
7.115133E-01, 2.831944E-04 
5.379443E+00, 6.566999E-05 
7.595361E+00, 1.706710E-05 
1.037845E+01, 9.232599E-07 
4.125965E+00, 1.916416E-04 
9.276892E+00, 3.919262E-06 
7.347237E+00, 3.451055E-05 
5.437198E+00, 9.517297E-05 
2.090224E+00, 3.848637E-04 
4.350891E-01, 4.217704E-04 
1.076656E+01, 5.307110E-07 
3.456539E+00, 3.008172E-04 
3.182014E+00, 3.046201E-04 
5.921344E+00, 5.535393E-05 
3.649565E+00, 1.595154E-04 
3.599231E+00, 1.367817E-04 
8.811283E+00, 4.404794E-06 
5.104506E+00, 1.102750E-04 
9.907983E+00, 1.725005E-06 
5.502343E+00, 4.974184E-05 
9.090508E+00, 2.162051E-06 
1.010471E+01, 1.211305E-06 
5.571147E+00, 8.657608E-05 
6.845110E+00, 3.084957E-05 
6.772789E-01, 4.007047E-04 
2.601798E+00, 3.592551E-04 
7.211770E+00, 2.121746E-05 
8.122599E+00, 8.620964E-06 
7.351636E+00, 3.183194E-05 
2.231948E+00, 2.627104E-04 
1.992087E+00, 2.051627E-04 
7.517397E+00, 1.665991E-05 
9.230835E+00, 3.724972E-06 
3.138716E+00, 1.629702E-04 
1.045794E+01, 6.150082E-07 
7.576515E+00, 2.713473E-05 
1.826352E+00, 2.939118E-04 
3.313995E+00, 2.170695E-04 
6.851792E+00, 2.621954E-05 
6.306960E-01, 3.512425E-04 
3.210658E+00, 1.575735E-04 
5.565697E+00, 1.194429E-04 
1.668634E+00, 3.271160E-04 
2.199363E+00, 4.079033E-04 
4.105036E+00, 3.181013E-04 
3.792193E+00, 2.079779E-04 
9.121204E+00, 5.121063E-06 
8.914180E+00, 1.907617E-06 
7.662455E-01, 3.022539E-04 
1.924622E+00, 3.245604E-04 
2.933974E+00, 3.772393E-04 
8.844266E+00, 5.733398E-06 
1.081883E+00, 4.802100E-04 
6.036460E+00, 5.529455E-05 
4.489709E-01, 3.405867E-04 
2.311776E-01, 4.203678E-04 
6.815081E+00, 4.702972E-05 
2.804619E+00, 3.309605E-04 
2.235477E+00, 4.271422E-04 
9.143217E-01, 5.554485E-04 
8.821771E+00, 4.010133E-06 
2.999537E+00, 8.391693E-05 
3.177172E+00, 1.406749E-04 
4.178548E+00, 2.702893E-04 
3.445297E+00, 2.998468E-04 
4.404107E+00, 1.536691E-04 
2.779067E+00, 2.232200E-04 
6.983952E+00, 2.259385E-05 
1.236068E+00, 3.950912E-04 
2.173428E+00, 3.900563E-04 
2.935855E+00, 3.195566E-04 
7.273561E+00, 2.946977E-05 
6.333124E+00, 4.619361E-05 
3.590879E+00, 3.305512E-04 
7.655729E+00, 2.397427E-05 
3.169782E+00, 2.629795E-04 
8.565122E-01, 3.836815E-04 
3.714302E+00, 1.976019E-04 
3.224324E-01, 7.454106E-04 
1.358852E+00, 4.533192E-05 
6.364986E+00, 5.811649E-05 
1.975967E+00, 2.136637E-04 
9.737433E+00, 5.290047E-07 
6.010940E+00, 5.018139E-05 
7.450704E+00, 2.366165E-05 
8.620932E+00, 7.923001E-06 
1.171476E+00, 5.720909E-04 
9.264746E+00, 2.066411E-06 
6.229254E+00, 5.533320E-05 
4.693363E+00, 3.080508E-04 
7.847666E-01, 3.127745E-04 
1.595917E+00, 6.159753E-04 
8.997935E+00, 3.196940E-06 
6.635344E+00, 3.503533E-05 
4.243235E+00, 9.580996E-05 
2.151364E+00, 4.617567E-04 
9.802078E+00, 6.416852E-07 
3.913702E+00, 1.728007E-04 
7.283641E+00, 2.111775E-05 
3.360479E+00, 2.492092E-04 
9.812627E+00, 1.685590E-06 
6.905605E+00, 3.464103E-05 
7.404899E+00, 1.520345E-05 
8.150916E+00, 1.042290E-05 
7.815847E+00, 6.063097E-06 
1.521648E+00, 3.511120E-04 
9.760220E+00, 1.230206E-06 
8.865763E+00, 5.801784E-06 
8.915953E+00, 4.610207E-06 
3.806862E+00, 2.051601E-04 
8.996795E+00, 3.165479E-06 
3.400628E+00, 3.172114E-04 
1.013556E+01, 4.061089E-07 
5.294941E+00, 8.624147E-05 
4.857646E+00, 1.643671E-04 
1.881098E+00, 4.407095E-04 
8.702675E+00, 6.877730E-06 
4.940803E+00, 1.514977E-04 
4.984529E+00, 1.574281E-04 
1.658239E+00, 3.624520E-04 
7.510709E+00, 2.477387E-05 
2.846119E-01, 3.477065E-04 
3.316720E+00, 3.107087E-04 
6.892563E+00, 1.981333E-05 
4.576776E+00, 1.627857E-04 
5.763522E+00, 7.910896E-05 
5.104814E+00, 1.455610E-04 
4.804149E+00, 1.150603E-04 
8.023997E+00, 1.157865E-05 
5.625005E+00, 6.419733E-05 
3.712992E+00, 1.820722E-04 
2.532629E+00, 3.426761E-04 
8.472718E-01, 3.674383E-04 
4.832167E+00, 1.499282E-04 
6.295806E+00, 4.863175E-05 
3.139302E+00, 2.327551E-04 
6.534912E+00, 4.708390E-05 
2.420810E+00, 2.651446E-04 
9.567906E+00, 6.651703E-07 
5.995422E+00, 7.370670E-05 
2.657727E+00, 3.939986E-04 
6.512757E+00, 4.374692E-05 
3.607139E+00, 1.853308E-04 
2.182258E+00, 2.508255E-04 
-2.455711E-01, 4.482176E-04 
4.574179E+00, 1.342680E-04 
9.764948E+00, 1.133852E-06 
1.021100E+01, 3.187582E-06 
8.951504E+00, 2.771663E-06 
2.028061E+00, 2.049704E-04 
8.812002E+00, 7.123548E-06 
8.525502E+00, 9.137245E-06 
7.128878E+00, 4.611300E-05 
4.079593E+00, 3.330208E-04 
8.959217E+00, 4.087746E-06 
2.927410E+00, 4.968839E-04 
5.181181E+00, 7.493144E-05 
9.790109E+00, 1.482437E-06 
6.898743E+00, 4.014437E-05 
9.052293E+00, 5.157944E-06 
3.395231E+00, 2.824647E-04 
9.254380E+00, 3.196170E-06 
1.744891E-01, 3.070870E-04 
8.781313E+00, 1.132327E-05 
6.977595E+00, 3.266218E-05 
8.359226E+00, 5.880955E-06 
6.370928E+00, 5.279098E-05 
6.279832E+00, 3.653860E-05 
2.176159E+00, 2.988296E-04 
1.773769E+00, 3.492254E-04 
6.608632E+00, 4.000840E-05 
1.142978E+00, 6.053754E-04 
1.001740E+00, 4.263193E-04 
8.015204E+00, 8.264092E-06 
3.783041E-01, 2.999708E-04 
-1.801242E+00, 1.997902E-02 
3.666273E+00, 3.945877E-04 
5.577541E+00, 6.689506E-05 
1.141466E+00, 3.728380E-04 
1.035580E+01, 6.157031E-07 
2.731402E+00, 2.147647E-04 
8.438324E+00, 5.556444E-06 
7.557027E+00, 4.052306E-05 
4.244795E+00, 2.275023E-04 
2.270836E+00, 3.049966E-04 
5.089013E+00, 1.003331E-04 
6.913803E+00, 2.904391E-05 
5.788948E+00, 6.824436E-05 
4.119921E-01, 7.277326E-04 
5.081235E+00, 1.044316E-04 
1.326236E+00, 4.691895E-04 
1.342284E+00, 4.330232E-04 
1.704808E+00, 2.447948E-04 
6.621623E+00, 3.624829E-05 
2.968742E+00, 2.421116E-04 
4.844298E+00, 1.238708E-04 
5.553407E+00, 5.943463E-05 
7.479380E+00, 2.899637E-05 
1.407839E+00, 3.453867E-04 
5.583968E+00, 4.963262E-05 
6.846433E+00, 5.257054E-05 
1.121969E+00, 3.593868E-04 
8.258572E+00, 8.426873E-06 
8.204046E+00, 1.121493E-05 
8.101884E+00, 1.361076E-05 
6.822670E-01, 4.285592E-04 
7.816038E+00, 1.300957E-05 
5.003488E+00, 9.020261E-05 
8.483586E+00, 7.557519E-06 
1.037804E+01, 1.110816E-06 
6.784443E+00, 3.215717E-05 
3.127977E-01, 5.497202E-04 
3.778032E+00, 1.230399E-04 
4.940774E+00, 1.617021E-04 
2.275372E+00, 3.438172E-04 
6.445834E+00, 3.909979E-05 
6.061713E-01, 3.540988E-04 
6.441289E+00, 5.632684E-05 
7.372465E+00, 2.711243E-05 
8.876934E+00, 4.421655E-06 
6.175448E+00, 3.732560E-05 
9.462723E+00, 1.147631E-06 
9.388577E+00, 3.552977E-06 
7.096021E+00, 2.387295E-05 
6.821492E+00, 2.600587E-05 
2.241544E+00, 5.395105E-04 
7.089194E+00, 2.149404E-05 
6.918539E+00, 2.425082E-05 
7.982307E+00, 1.078093E-05 
7.896078E+00, 1.065532E-05 
7.002011E+00, 2.432946E-05 
9.230960E+00, 2.965440E-06 
5.980690E+00, 6.772211E-05 
1.571987E+00, 3.933886E-04 
4.333877E+00, 1.781303E-04 
8.951748E+00, 2.998198E-06 
9.891314E+00, 1.017955E-06 
7.083012E+00, 1.562996E-05 
8.812595E+00, 6.199649E-06 
3.605819E+00, 3.573364E-04 
4.513256E+00, 1.514185E-04 
5.897741E+00, 5.248800E-05 
7.613912E+00, 2.343305E-05 
2.135694E+00, 3.009483E-04 
4.576911E+00, 1.001440E-04 
4.584277E+00, 9.361206E-05 
1.724966E+00, 2.993351E-04 
2.951910E-01, 2.962950E-04 
9.746280E-01, 3.927743E-04 
2.456807E+00, 3.422627E-04 
9.395897E+00, 5.148884E-06 
5.444350E+00, 8.778224E-05 
8.062463E+00, 1.182935E-05 
4.735825E+00, 1.075624E-04 
8.297188E+00, 9.058088E-06 
1.331896E+00, 4.423306E-04 
4.424683E+00, 1.269378E-04 
9.009685E+00, 3.182183E-06 
4.411462E+00, 2.574648E-04 
4.980076E+00, 2.044642E-04 
5.838197E+00, 4.072527E-05 
8.787015E+00, 4.056148E-06 
9.550347E+00, 6.682318E-06 
5.540341E+00, 6.806359E-05 
8.493999E+00, 9.591885E-06 
9.020958E+00, 3.554682E-06 
3.228610E+00, 2.077546E-04 
9.020184E+00, 2.366475E-06 
2.682893E+00, 2.914621E-04 
3.400449E+00, 3.598156E-04 
1.870831E+00, 3.329621E-04 
5.954644E+00, 4.514165E-05 
3.746186E+00, 3.126704E-04 
9.593571E-01, 4.606886E-04 
9.328510E+00, 2.093959E-06 
3.239137E+00, 2.910251E-04 
6.488807E+00, 4.302488E-05 
1.067564E+01, 7.586353E-07 
6.766746E+00, 3.975881E-05 
3.294265E+00, 2.819883E-04 
7.439213E+00, 1.415272E-05 
7.252169E+00, 3.332837E-05 
7.911378E+00, 3.443086E-05 
1.942662E+00, 3.798119E-04 
3.902497E+00, 2.733010E-04 
9.596408E+00, 1.886513E-06 
4.099389E+00, 1.948456E-04 
4.866899E-01, 4.478295E-05 
8.506129E+00, 1.518046E-05 
2.436226E+00, 2.639187E-04 
3.965155E+00, 1.881670E-04 
3.563694E+00, 1.893803E-04 
3.303219E+00, 2.472668E-04 
1.124878E+00, 3.015625E-04 
2.422141E+00, 4.539697E-04 
-3.472396E+00, 1.519407E-02 
-6.165863E+00, 1.738149E-02 
5.682200E+00, 3.938849E-05 
8.469305E+00, 1.199710E-05 
5.622971E+00, 6.709165E-05 
8.523416E+00, 9.591885E-06 
2.580173E+00, 1.678425E-04 
2.660661E+00, 2.066971E-04 
3.437095E+00, 2.988447E-04 
2.627494E+00, 4.862128E-04 
5.448503E+00, 1.441896E-04 
1.039200E+01, 1.173574E-06 
3.700518E+00, 3.757308E-04 
6.952186E+00, 3.337197E-05 
3.611567E+00, 3.261093E-04 
7.689557E+00, 2.735623E-05 
1.257684E+00, 5.428608E-04 
2.600640E+00, 3.511120E-04 
2.740492E+00, 3.103303E-04 
7.918852E+00, 1.460201E-05 
8.502466E-01, 4.218599E-04 
7.697848E+00, 1.647163E-05 
7.017343E+00, 2.819465E-05 
3.909951E+00, 2.703673E-04 
8.717715E+00, 1.288940E-05 
-3.970166E-01, 1.064615E-02 
3.361419E-01, 6.929206E-04 
8.074159E+00, 2.144382E-05 
4.998127E+00, 1.215182E-04 
8.406502E-01, 3.523113E-04 
4.331097E+00, 2.149987E-04 
2.881189E-01, 5.795670E-04 
6.160347E+00, 4.708390E-05 
7.074281E+00, 1.584537E-05 
1.171286E+01, 2.167356E-06 
5.733122E+00, 9.313954E-05 
2.902645E+00, 2.159144E-04 
4.332102E+00, 9.226686E-05 
3.343323E+00, 2.639433E-04 
2.704511E+00, 4.788132E-04 
2.792798E+00, 4.016728E-04 
7.750694E+00, 2.513647E-05 
6.914310E+00, 3.250094E-05 
7.725829E+00, 1.613551E-05 
9.361005E+00, 5.422731E-06 
8.118722E+00, 1.383348E-05 
1.416243E+00, 3.263366E-04 
2.769902E+00, 2.825589E-04 
4.045235E+00, 3.121870E-04 
7.036284E+00, 2.673109E-05 
9.090795E-01, 4.113000E-04 
8.156523E-01, 3.754141E-04 
5.055560E-01, 4.607959E-04 
2.982701E+00, 2.096388E-04 
6.781119E-01, 5.928780E-04 
2.806692E+00, 2.765433E-04 
7.081625E+00, 1.365608E-05 
2.144472E+00, 3.078009E-04 
3.625276E+00, 3.668453E-04 
1.349724E+00, 4.998796E-04 
9.099019E+00, 3.919262E-06 
7.313960E+00, 2.897802E-05 
9.780525E+00, 8.355488E-07 
6.270822E+00, 4.798564E-05 
5.400448E+00, 1.097977E-04 
1.012840E+01, 7.506920E-07 
4.013424E+00, 1.887980E-04 
2.363479E+00, 2.074943E-04 
5.036770E+00, 1.608487E-04 
7.942505E+00, 1.789323E-05 
5.730557E+00, 1.031186E-04 
1.683274E+00, 2.733334E-04 
9.683920E+00, 9.138018E-07 
4.278276E+00, 2.108735E-04 
2.701003E+00, 2.123825E-04 
1.801367E+00, 3.023196E-04 
1.002264E+01, 1.588477E-06 
4.883579E+00, 9.689808E-05 
6.432600E+00, 4.238565E-05 
5.380538E+00, 7.508669E-05 
4.985023E+00, 1.145394E-04 
8.118653E+00, 1.092672E-05 
3.071483E+00, 1.916932E-04 
3.462723E+00, 3.069946E-04 
3.509189E-01, 6.097671E-04 
8.438229E+00, 1.785997E-05 
7.674457E-01, 5.219304E-04 
1.048774E+00, 4.693749E-04 
8.145512E+00, 1.266254E-05 
1.000431E+00, 2.806615E-04 
6.056372E+00, 6.142069E-05 
9.316797E+00, 3.015472E-06 
7.995044E+00, 2.044536E-05 
9.161131E+00, 3.458766E-06 
5.273966E+00, 9.928899E-05 
3.114922E+00, 2.991756E-04 
4.827817E+00, 1.059330E-04 
6.602845E+00, 4.035073E-05 
3.352880E+00, 2.625072E-04 
5.443922E+00, 1.157782E-04 
1.243407E+00, 6.632097E-04 
3.441143E+00, 3.345096E-04 
5.254244E+00, 1.025361E-04 
3.780494E+00, 1.827804E-04 
3.587781E+00, 2.115438E-04 
6.914294E+00, 3.485497E-05 
8.665546E+00, 8.786911E-06 
8.590036E+00, 1.350201E-05 
6.695094E+00, 4.660554E-05 
5.960657E+00, 5.512487E-05 
6.172500E+00, 5.853069E-05 
8.105872E+00, 9.931346E-06 
3.812573E+00, 1.517765E-04 
9.033203E+00, 4.941157E-06 
5.164502E+00, 1.209774E-04 
1.480592E-01, 2.758368E-04 
6.254482E+00, 4.238676E-05 
4.681247E+00, 1.001440E-04 
3.709052E+00, 2.141898E-04 
3.588727E-01, 2.962950E-04 
9.806212E+00, 1.163176E-06 
6.313988E+00, 1.059952E-04 
8.814167E+00, 5.446346E-06 
2.997066E-01, 3.510051E-04 
7.067603E-01, 3.184061E-04 
2.548448E+00, 3.939756E-04 
7.105026E+00, 2.633243E-05 
6.387023E+00, 5.272780E-05 
2.037209E+00, 3.533002E-04 
3.246818E-01, 1.874817E-05 
1.016080E+00, 5.677274E-04 
1.516932E+00, 4.004302E-04 
5.571436E+00, 7.475915E-05 
9.787204E+00, 1.260456E-06 
7.325324E+00, 2.884244E-05 
1.942725E+00, 2.627104E-04 
9.725704E+00, 1.215685E-06 
5.565371E+00, 7.678194E-05 
8.323545E+00, 1.470210E-05 
5.535568E+00, 8.468606E-05 
5.540907E+00, 8.553153E-05 
7.075371E+00, 2.768501E-05 
8.057831E+00, 1.175423E-05 
7.513705E+00, 1.471485E-05 
1.003527E+01, 4.452690E-07 
9.505848E+00, 2.715162E-06 
3.311301E+00, 1.707393E-04 
1.102879E+00, 5.310080E-04 
1.311857E-01, 6.338998E-04 
9.150204E+00, 4.439801E-06 
9.384836E+00, 7.383802E-06 
8.922082E+00, 4.017779E-06 
8.920483E+00, 5.749558E-06 
6.240213E+00, 6.281874E-05 
3.997310E+00, 2.768135E-04 
6.273072E+00, 6.616846E-05 
6.283451E+00, 3.806828E-05 
7.992960E+00, 1.457035E-05 
2.936108E+00, 3.637248E-04 
4.091908E+00, 3.128477E-04 
2.098332E+00, 2.895375E-04 
2.657735E+00, 3.769394E-04 
3.473071E-01, 4.723911E-04 
2.062916E+00, 2.539321E-04 
8.692106E+00, 6.720378E-06 
2.720219E+00, 4.963132E-04 
6.400089E+00, 5.401773E-05 
7.839417E+00, 1.467485E-05 
2.985942E+00, 3.043973E-04 
9.795889E+00, 1.079918E-06 
3.818331E+00, 2.375525E-04 
6.547505E+00, 3.802915E-05 
6.359241E+00, 8.402742E-05 
1.478175E+00, 4.229731E-04 
2.281080E+00, 2.005786E-04 
4.343259E+00, 1.309797E-04 
5.472384E-01, 6.522857E-04 
5.450852E+00, 9.525280E-05 
4.688819E+00, 1.889878E-04 
5.487995E+00, 8.353934E-05 
2.241003E+00, 5.047754E-04 
1.383821E+00, 5.071743E-04 
5.828391E+00, 4.230824E-05 
8.867654E-01, 2.346874E-04 
6.031116E+00, 5.717866E-05 
6.260091E+00, 6.561978E-05 
3.489135E+00, 1.822145E-04 
9.129108E+00, 2.828644E-06 
8.344270E+00, 1.198148E-05 
9.849433E+00, 7.291807E-07 
9.710360E+00, 1.142417E-06 
1.002380E+01, 6.151554E-07 
1.688704E+00, 3.789436E-04 
3.926268E+00, 1.612950E-04 
6.104962E+00, 3.248584E-05 
2.655667E+00, 3.490108E-04 
1.918609E+00, 2.620395E-04 
9.882139E+00, 7.324488E-07 
6.326787E+00, 8.559026E-05 
7.619051E+00, 1.803839E-05 
3.172287E+00, 2.539799E-04 
5.458335E+00, 7.334002E-05 
4.279416E+00, 8.346693E-05 
8.797136E+00, 4.172181E-06 
9.836388E+00, 1.339191E-06 
7.550278E+00, 3.449065E-05 
7.071703E+00, 3.205708E-05 
7.049079E+00, 2.503375E-05 
9.085062E+00, 1.984488E-06 
4.673435E+00, 1.424405E-04 
-1.654196E-01, 5.457413E-03 
7.115563E+00, 4.990310E-05 
4.251159E+00, 1.612030E-04 
1.443382E+00, 3.754141E-04 
8.529040E+00, 8.968086E-06 
2.438083E+00, 2.136487E-04 
3.893915E+00, 2.555939E-04 
1.594877E+00, 5.354866E-04 
6.146458E+00, 4.855979E-05 
7.772848E+00, 1.932670E-05 
3.528990E+00, 2.870588E-04 
8.442428E+00, 7.369725E-06 
5.826833E+00, 3.871126E-05 
5.549126E+00, 6.971046E-05 
1.845005E+00, 2.357050E-04 
5.783229E+00, 3.130826E-05 
8.806101E+00, 2.938650E-06 
3.929655E-01, 3.504039E-04 
2.233647E+00, 2.717050E-04 
5.789809E-01, 5.097235E-04 
6.278123E+00, 7.252555E-05 
1.530128E+00, 2.551103E-04 
4.916321E+00, 8.848836E-05 
1.202141E+00, 3.495213E-04 
6.471048E+00, 6.506282E-05 
1.817029E+00, 3.935238E-04 
7.520406E-01, 4.405251E-04 
2.130737E+00, 4.279796E-04 
5.261277E+00, 5.962352E-05 
1.109155E+01, 1.178712E-06 
-6.208909E-02, 3.802637E-04 
3.756138E+00, 1.344305E-04 
9.475756E+00, 3.226760E-06 
9.771509E+00, 1.435816E-06 
7.495196E+00, 1.400859E-05 
8.677401E+00, 7.790100E-06 
8.222766E+00, 1.009489E-05 
1.346377E+00, 4.288589E-04 
9.114416E+00, 4.756091E-06 
4.267571E+00, 1.223768E-04 
4.544362E+00, 3.013376E-04 
8.278513E+00, 1.145479E-05 
4.898282E+00, 9.144138E-05 
3.124358E+00, 1.680968E-04 
8.376546E+00, 8.521723E-06 
8.187543E+00, 1.349751E-05 
2.233704E+00, 4.272005E-04 
3.095651E+00, 2.846197E-04 
2.351185E+00, 3.479795E-04 
9.360229E+00, 3.955427E-06 
8.639677E+00, 7.697835E-06 
8.045366E+00, 8.908735E-06 
6.727642E+00, 2.410922E-05 
7.341529E+00, 1.723279E-05 
3.495802E+00, 2.984554E-04 
3.583797E+00, 1.894673E-04 
7.036897E+00, 2.146662E-05 
4.570387E+00, 1.228617E-04 
8.141441E+00, 9.090864E-06 
6.771697E+00, 3.799684E-05 
2.884336E+00, 2.665587E-04 
2.110794E+00, 1.987834E-04 
2.667727E+00, 3.196836E-04 
6.535260E+00, 8.876380E-05 
3.318792E+00, 1.488555E-04 
8.501639E+00, 9.123775E-06 
8.452659E+00, 8.932534E-06 
6.864895E-01, 4.439386E-04 
6.925061E+00, 2.114497E-05 
6.229543E+00, 4.750591E-05 
5.088998E+00, 1.177951E-04 
4.759335E+00, 1.635673E-04 
8.454362E+00, 9.220419E-06 
6.373431E-01, 7.750085E-04 
8.758439E+00, 4.298303E-06 
5.481716E+00, 6.199062E-05 
3.744932E+00, 1.409314E-04 
5.281567E+00, 1.150603E-04 
9.680348E+00, 1.583592E-06 
2.539934E+00, 4.706390E-04 
1.423663E+00, 4.212700E-04 
7.614135E+00, 2.953439E-05 
7.804845E+00, 1.851619E-05 
3.719685E+00, 2.204490E-04 
7.054423E+00, 2.729366E-05 
5.647651E+00, 8.931000E-05 
3.877392E+00, 1.871316E-04 
2.125346E+00, 5.518940E-04 
1.858321E+00, 4.082506E-04 
2.493598E+00, 3.490480E-04 
9.195951E+00, 4.250052E-06 
5.779560E+00, 5.212222E-05 
5.570551E+00, 4.614524E-05 
8.558841E+00, 8.562131E-06 
5.862518E+00, 5.326143E-05 
2.852639E+00, 3.571179E-04 
7.891889E+00, 1.463156E-05 
5.961271E+00, 7.899819E-05 
4.168553E+00, 1.729529E-04 
2.671972E+00, 2.593234E-04 
1.661546E+00, 3.472892E-04 
3.344695E+00, 1.989746E-04 
8.257748E+00, 4.819401E-06 
4.853659E+00, 1.452550E-04 
6.568675E-01, 6.782646E-04 
9.598891E+00, 1.101198E-06 
8.114073E+00, 1.242294E-05 
8.553808E+00, 8.035557E-06 
1.028976E+01, 4.472358E-07 
8.496131E-01, 4.027040E-04 
3.059068E+00, 2.343314E-04 
9.930017E+00, 7.433740E-07 
3.950552E+00, 1.262721E-04 
1.489362E+00, 4.505616E-04 
1.695707E+00, 2.939118E-04 
1.628318E+00, 4.691413E-04 
7.400041E+00, 3.599835E-05 
-3.927822E+00, 1.885696E-02 
9.013561E-01, 2.388442E-04 
7.275711E+00, 2.884244E-05 
6.364542E+00, 3.995217E-05 
3.599617E+00, 4.084238E-04 
1.170765E+00, 3.665421E-04 
5.499004E+00, 4.179618E-05 
3.665934E+00, 2.962870E-04 
9.424639E+00, 2.241748E-06 
1.713974E+00, 4.035760E-04 
7.596479E+00, 2.472089E-05 
4.914216E+00, 6.282905E-05 
8.932666E+00, 3.275817E-06 
3.038609E+00, 2.815101E-04 
6.565853E+00, 5.918224E-05 
6.685460E+00, 3.627428E-05 
4.526055E+00, 1.176823E-04 
1.478308E+00, 5.255024E-04 
9.393887E+00, 3.366181E-06 
1.763298E+00, 2.909603E-04 
8.818099E+00, 7.303128E-06 
1.074168E+00, 4.031400E-04 
7.696952E+00, 1.414678E-05 
5.820683E+00, 6.497167E-05 
1.049791E+01, 6.193270E-07 
6.825498E+00, 3.008197E-05 
2.876780E+00, 3.290195E-04 
8.139712E+00, 1.179075E-05 
6.053660E+00, 4.930939E-05 
4.954739E+00, 1.116262E-04 
8.333492E+00, 1.110273E-05 
7.547940E+00, 1.569343E-05 
5.099945E-01, 4.217704E-04 
2.524562E+00, 2.665587E-04 
3.956778E+00, 8.554289E-05 
1.590534E+00, 3.134092E-04 
3.573470E+00, 2.278620E-04 
7.932395E+00, 2.213942E-05 
1.465200E+00, 5.171743E-04 
6.580659E+00, 7.201948E-05 
3.227223E+00, 2.062064E-04 
5.653663E+00, 1.211549E-04 
2.858656E+00, 4.588389E-04 
3.090932E+00, 4.148185E-04 
1.205856E+00, 6.513292E-04 
1.122694E+00, 3.589614E-04 
2.880466E+00, 2.045261E-04 
4.517638E+00, 1.423142E-04 
6.775260E+00, 3.533559E-05 
6.738847E+00, 3.800888E-05 
5.244796E+00, 1.215894E-04 
-1.219075E+00, 1.274920E-02 
8.668540E+00, 4.247725E-06 
3.572487E+00, 2.336660E-04 
2.163962E+00, 3.947777E-04 
2.814787E+00, 2.034216E-04 
3.569378E+00, 2.198444E-04 
8.120468E+00, 1.021320E-05 
5.040302E+00, 8.894972E-05 
6.587856E-01, 5.243593E-04 
5.734812E+00, 3.335760E-05 
4.418206E+00, 1.050846E-04 
9.601262E+00, 1.697944E-06 
8.207114E+00, 1.277582E-05 
5.653968E+00, 4.231606E-05 
2.425114E+00, 2.602816E-04 
2.390432E+00, 3.490164E-04 
4.708905E+00, 1.624531E-04 
4.199087E-01, 4.447939E-04 
8.664764E+00, 4.068261E-06 
9.878351E+00, 6.533914E-07 
4.422851E+00, 1.378124E-04 
3.138739E+00, 1.501125E-04 
3.794259E+00, 2.451654E-04 
4.977002E+00, 7.180405E-05 
4.990247E+00, 7.532035E-05 
6.331075E+00, 4.011499E-05 
4.256663E+00, 1.239665E-04 
7.574757E+00, 3.174865E-05 
3.852495E+00, 2.598862E-04 
6.083462E+00, 8.924654E-05 
2.985071E+00, 3.527262E-04 
1.066304E+01, 8.944716E-07 
8.609386E+00, 4.425425E-06 
7.192009E+00, 2.503375E-05 
5.607070E+00, 8.466880E-05 
4.504709E+00, 1.605947E-04 
7.742593E-01, 3.916297E-04 
1.009351E+01, 1.020065E-06 
9.733502E+00, 1.074803E-06 
6.564495E+00, 3.498963E-05 
8.639335E+00, 6.841051E-06 
8.362724E+00, 9.313050E-06 
8.333639E+00, 6.623390E-06 
5.701551E+00, 9.790754E-05 
5.216830E+00, 6.566999E-05 
4.631502E+00, 1.449384E-04 
3.138130E+00, 2.243522E-04 
8.361217E+00, 5.910851E-06 
7.961593E+00, 1.236876E-05 
6.002279E+00, 5.514383E-05 
9.630503E+00, 1.431433E-06 
2.168029E+00, 1.887038E-04 
8.201104E+00, 8.031349E-06 
5.640450E+00, 5.698373E-05 
6.618473E+00, 4.114100E-05 
6.021138E+00, 8.008387E-05 
7.234822E+00, 2.220439E-05 
4.122360E-01, 6.811734E-04 
8.501947E+00, 3.983924E-06 
4.799030E+00, 1.239604E-04 
8.504396E+00, 8.512503E-06 
7.984310E+00, 8.600375E-06 
8.530150E+00, 9.931346E-06 
2.149635E+00, 3.567749E-04 
5.467656E+00, 6.474237E-05 
-4.819020E+00, 1.730156E-02 
3.948829E+00, 3.469951E-04 
9.329118E+00, 1.498283E-06 
5.960529E+00, 4.987907E-05 
8.203021E-01, 4.729170E-04 
8.645128E+00, 6.796957E-06 
6.181730E+00, 3.938537E-05 
5.813542E+00, 3.971853E-05 
1.408281E+00, 4.119155E-04 
6.390078E+00, 3.503530E-05 
6.210666E-01, 2.936154E-04 
7.455663E+00, 3.648717E-05 
6.617988E+00, 3.890392E-05 
7.045057E+00, 2.149404E-05 
1.051422E+01, 5.638846E-07 
1.012175E+01, 9.817476E-07 
8.943074E+00, 6.710749E-06 
6.873464E+00, 2.425082E-05 
9.132985E+00, 4.085155E-06 
5.867061E+00, 8.219744E-05 
5.828306E+00, 4.494728E-05 
8.850983E+00, 4.637727E-06 
7.075225E+00, 4.212003E-05 
5.390336E+00, 8.569689E-05 
2.831145E+00, 1.743432E-04 
1.304613E+00, 4.218581E-04 
2.200312E+00, 2.838324E-04 
6.605818E+00, 3.758298E-05 
4.278857E+00, 1.186596E-04 
1.509056E+00, 5.255024E-04 
5.762403E+00, 4.231606E-05 
1.418490E+00, 2.689687E-04 
4.145615E+00, 1.646173E-04 
9.449321E+00, 1.276042E-06 
6.319308E+00, 5.157257E-05 
3.285434E+00, 2.135190E-04 
7.018556E+00, 2.332186E-05 
2.941713E+00, 2.241678E-04 
7.798438E+00, 1.617462E-05 
8.859839E+00, 9.472800E-06 
6.616298E+00, 5.105445E-05 
6.774222E+00, 6.515462E-05 
9.140312E+00, 2.998198E-06 
2.906951E+00, 3.006496E-04 
2.901726E+00, 2.502366E-04 
1.878114E+00, 3.170016E-04 
5.292171E+00, 8.554638E-05 
1.611057E+00, 6.433366E-04 
8.335925E+00, 1.113653E-05 
6.703050E+00, 2.330277E-05 
3.668746E+00, 2.975350E-04 
4.378933E+00, 2.422211E-04 
4.861645E+00, 1.146532E-04 
1.896772E+00, 2.501454E-04 
5.689126E+00, 6.582712E-05 
9.178388E+00, 3.865332E-06 
4.970466E+00, 1.399443E-04 
7.494262E+00, 1.768369E-05 
1.295189E+00, 5.463402E-04 
2.504850E-01, 4.133477E-04 
2.135147E+00, 2.625817E-04 
1.095738E+00, 3.384290E-04 
6.679125E+00, 2.805584E-05 
9.417392E+00, 2.947749E-06 
5.606365E+00, 6.462628E-05 
1.862864E+00, 4.167033E-04 
8.467074E+00, 8.971035E-06 
4.305269E+00, 1.834738E-04 
-3.061098E+00, 1.559619E-02 
6.397597E+00, 3.407945E-05 
4.038272E+00, 1.423553E-04 
9.329830E+00, 2.307702E-06 
3.857080E+00, 9.616879E-05 
4.475173E+00, 1.521816E-04 
1.169504E+00, 3.433483E-04 
9.500070E+00, 2.071089E-06 
5.192601E+00, 6.893600E-05 
1.028288E+00, 5.537266E-04 
8.951160E-02, 4.188342E-04 
9.074140E+00, 3.206647E-06 
5.462731E+00, 1.084336E-04 
1.221064E+00, 5.776552E-04 
9.351924E+00, 3.105025E-06 
3.632057E+00, 1.866047E-04 
1.656184E+00, 2.521222E-04 
5.948437E+00, 7.050300E-05 
6.642832E+00, 3.410557E-05 
7.157365E+00, 3.039925E-05 
9.429726E+00, 1.385832E-06 
4.863817E+00, 1.047311E-04 
8.299989E-01, 4.365130E-04 
1.005081E+01, 6.118431E-07 
4.343404E+00, 1.806624E-04 
1.761013E-01, 3.263716E-04 
4.547066E+00, 1.577782E-04 
4.212387E-01, 6.484549E-04 
5.323372E+00, 1.070062E-04 
4.332905E+00, 9.552811E-05 
1.890905E+00, 2.592141E-04 
4.187088E+00, 1.173633E-04 
8.441253E+00, 8.541151E-06 
7.765452E+00, 1.838393E-05 
2.321498E+00, 4.013239E-04 
2.609142E+00, 2.103846E-04 
3.139111E+00, 2.608768E-04 
3.054058E+00, 1.677919E-04 
9.299107E-01, 3.865779E-04 
1.180066E+00, 3.384142E-04 
5.747284E+00, 5.503719E-05 
6.379239E+00, 5.570870E-05 
4.922637E+00, 1.702309E-04 
8.432089E+00, 5.814745E-06 
8.060880E+00, 7.979695E-06 
4.511302E+00, 1.700951E-04 
4.252808E+00, 1.312326E-04 
7.438946E+00, 3.142635E-05 
7.245149E+00, 2.384896E-05 
2.176321E+00, 2.792289E-04 
2.067507E+00, 3.968135E-04 
9.482788E-01, 3.662767E-04 
9.484068E+00, 1.771462E-06 
6.217026E-02, 3.816676E-04 
4.485616E+00, 1.490255E-04 
1.681898E+00, 2.970058E-04 
5.471457E+00, 1.076947E-04 
1.296268E+00, 3.832931E-04 
4.422241E+00, 2.044262E-04 
5.982033E+00, 5.157803E-05 
7.312499E+00, 2.730440E-05 
6.813325E+00, 5.929907E-05 
7.846696E+00, 1.812289E-05 
3.109774E+00, 3.852114E-04 
3.989547E-01, 5.219304E-04 
2.533073E+00, 2.221150E-04 
8.426398E-01, 7.542851E-04 
8.372640E-01, 4.820117E-04 
6.905204E+00, 1.879091E-05 
9.570387E+00, 1.238654E-06 
4.255368E+00, 1.681159E-04 
6.440982E+00, 5.802531E-05 
5.382762E+00, 1.250197E-04 
2.700249E+00, 2.412334E-04 
6.690163E+00, 3.135006E-05 
3.459362E+00, 1.948262E-04 
6.678451E+00, 2.807082E-05 
8.059413E+00, 7.697835E-06 
1.886480E-01, 3.554921E-04 
5.872851E+00, 8.727229E-05 
2.224269E+00, 4.203883E-04 
6.654442E+00, 4.236682E-05 
7.027260E+00, 2.999775E-05 
9.623082E+00, 7.995469E-07 
7.178333E+00, 3.919698E-05 
5.381793E+00, 9.968076E-05 
6.276650E+00, 6.690844E-05 
-5.094922E+00, 1.941994E-02 
1.853453E+00, 3.860851E-04 
6.043589E+00, 7.647084E-05 
6.338153E+00, 7.252680E-05 
9.075298E+00, 5.877299E-06 
3.316502E+00, 2.262481E-04 
6.242036E+00, 5.390844E-05 
1.280053E+00, 7.097370E-04 
5.504711E+00, 8.877569E-05 
6.447497E+00, 4.219032E-05 
5.071526E+00, 1.254437E-04 
2.712353E+00, 4.070109E-04 
3.199136E+00, 1.678567E-04 
7.174985E+00, 1.879725E-05 
8.271874E+00, 1.555943E-05 
1.567164E+00, 4.823997E-04 
3.744541E+00, 4.379382E-04 
2.205811E+00, 2.743266E-04 
1.412179E+00, 2.644219E-04 
2.105118E+00, 2.805061E-04 
7.482348E+00, 3.343221E-05 
9.426899E+00, 3.746139E-06 
1.662708E+00, 2.521222E-04 
7.339540E+00, 3.769286E-05 
8.784998E+00, 7.790100E-06 
9.466961E+00, 2.162051E-06 
1.040817E+01, 9.454365E-07 
2.135451E+00, 2.232200E-04 
6.218158E+00, 3.909163E-05 
7.402336E+00, 2.812144E-05 
3.250039E+00, 2.441647E-04 
9.025202E+00, 4.952330E-06 
3.173412E+00, 3.439577E-04 
4.495773E+00, 1.056827E-04 
8.539078E-01, 4.311812E-04 
1.868732E+00, 6.139176E-04 
5.422977E+00, 7.095337E-05 
5.148508E+00, 1.540484E-04 
7.253363E-01, 4.328863E-04 
6.882513E+00, 3.591628E-05 
-2.901093E+00, 1.357612E-02 
3.538478E+00, 1.989746E-04 
2.658183E+00, 3.565161E-04 
6.154608E+00, 7.669899E-05 
8.364535E-01, 3.405867E-04 
1.709237E+00, 3.899038E-04 
4.167550E+00, 2.268466E-04 
6.593689E+00, 5.311626E-05 
3.361703E+00, 2.715368E-04 
3.249638E-01, 6.342021E-04 
4.959997E+00, 1.129734E-04 
9.745171E+00, 6.552625E-07 
9.791468E+00, 1.143035E-06 
6.541710E+00, 3.680313E-05 
6.436266E+00, 4.310044E-05 
9.004181E+00, 4.485517E-06 
5.672660E+00, 8.751244E-05 
2.569238E-01, 5.660072E-04 
3.602431E+00, 2.115438E-04 
2.488667E+00, 2.963514E-04 
5.477808E+00, 9.100097E-05 
5.622915E+00, 6.320317E-05 
7.758802E+00, 1.963412E-05 
9.436857E+00, 2.837475E-06 
2.052764E+00, 4.680347E-04 
8.998589E-01, 5.821803E-04 
4.533280E+00, 1.482250E-04 
1.259503E+00, 2.330639E-04 
3.324919E+00, 1.943954E-04 
8.725084E+00, 6.663710E-06 
3.102186E+00, 2.159144E-04 
2.586787E+00, 3.184895E-04 
5.929143E+00, 5.127061E-05 
4.680678E+00, 1.773047E-04 
6.534620E+00, 2.280542E-05 
6.351290E-03, 4.077605E-04 
2.535657E+00, 2.854304E-04 
1.907581E+00, 2.899257E-04 
7.677832E+00, 3.031307E-05 
3.393458E+00, 1.943954E-04 
4.659207E-01, 4.752367E-04 
1.796046E+00, 2.421849E-04 
1.319510E+00, 2.332391E-04 
1.867249E-01, 5.516736E-04 
2.475032E+00, 2.368618E-04 
2.035560E+00, 3.929544E-04 
2.679675E+00, 3.584308E-04 
5.576498E+00, 1.125373E-04 
5.742707E+00, 4.607618E-05 
1.895260E+00, 3.972802E-04 
8.622145E+00, 8.699215E-06 
8.405501E+00, 4.819401E-06 
7.538854E+00, 2.085599E-05 
5.452617E+00, 1.015817E-04 
8.626005E+00, 8.168931E-06 
4.827389E+00, 1.926248E-04 
9.807226E+00, 4.472358E-07 
8.795692E-01, 5.560537E-04 
6.500996E+00, 4.796565E-05 
3.414535E+00, 2.711156E-04 
2.062922E+00, 2.852981E-04 
1.880157E+00, 2.868393E-04 
3.045330E+00, 2.059062E-04 
5.000344E+00, 1.129734E-04 
3.662317E+00, 2.465751E-04 
6.352089E+00, 3.636271E-05 
7.866437E+00, 1.520688E-05 
3.215994E+00, 2.974072E-04 
4.592633E+00, 1.294839E-04 
8.294575E+00, 7.915066E-06 
7.198177E+00, 1.540601E-05 
1.292587E+00, 3.248637E-04 
4.620976E+00, 1.377374E-04 
5.185326E-01, 4.441712E-04 
9.473937E+00, 3.399201E-06 
6.589582E-01, 2.398543E-04 
7.512395E+00, 1.849865E-05 
4.075186E+00, 1.452113E-04 
4.593196E+00, 2.521365E-04 
4.328780E+00, 1.721515E-04 
1.041105E+00, 3.609961E-04 
3.196811E+00, 3.688534E-04 
3.803573E+00, 1.892237E-04 
8.704823E+00, 8.549282E-06 
2.671073E+00, 2.646268E-04 
6.004642E+00, 5.782549E-05 
1.972503E+00, 5.159716E-04 
8.961850E+00, 3.957209E-06 
1.001290E+01, 1.093228E-06 
5.842351E+00, 7.795679E-05 
8.760435E+00, 6.457792E-06 
6.698187E-01, 7.660189E-04 
8.022099E+00, 1.097651E-05 
7.827950E+00, 1.674818E-05 
3.601479E+00, 3.380957E-04 
6.036918E+00, 7.400367E-05 
2.836487E+00, 1.969801E-04 
4.351630E+00, 1.630967E-04 
8.578016E+00, 6.822327E-06 
6.898640E+00, 4.345589E-05 
1.445053E+00, 4.926976E-04 
9.403725E+00, 3.736196E-06 
4.269787E+00, 1.167402E-04 
8.953103E+00, 5.538155E-06 
4.070224E+00, 1.268046E-04 
3.858301E+00, 2.634704E-04 
1.661192E+00, 4.465333E-04 
5.841326E+00, 3.353126E-05 
3.776398E+00, 1.364996E-04 
1.023081E+00, 5.223851E-04 
5.413450E+00, 1.097713E-04 
7.664547E-01, 3.060147E-04 
9.658592E+00, 7.324488E-07 
7.933965E+00, 1.803839E-05 
4.908959E+00, 1.058790E-04 
5.264027E+00, 1.137190E-04 
5.971121E+00, 6.055810E-05 
5.865242E+00, 4.088037E-05 
2.313896E+00, 4.566766E-04 
4.166191E+00, 1.815257E-04 
6.377419E+00, 5.127213E-05 
1.242097E+00, 5.764371E-04 
3.715112E+00, 1.354258E-04 
5.676626E+00, 1.006625E-04 
9.037677E-01, 5.509811E-04 
9.640950E+00, 1.093055E-06 
3.759468E+00, 1.853308E-04 
2.204231E+00, 2.881849E-04 
8.386638E-01, 3.931735E-04 
8.176060E+00, 1.420360E-05 
7.843873E+00, 2.092484E-05 
3.049523E+00, 2.412334E-04 
5.337339E+00, 1.140965E-04 
4.140583E+00, 1.698503E-04 
1.354117E+00, 4.803439E-04 
1.160617E-01, 3.516063E-04 
5.315466E+00, 9.495079E-05 
6.532032E+00, 5.435015E-05 
5.229419E+00, 8.949996E-05 
6.304067E+00, 5.936633E-05 
6.070418E+00, 3.872929E-05 
5.184173E+00, 1.145457E-04 
9.077942E+00, 5.135625E-06 
4.363450E+00, 9.815356E-05 
3.994812E+00, 2.554507E-04 
2.747061E-01, 8.796796E-04 
9.283007E+00, 1.921677E-06 
2.275173E+00, 2.444938E-04 
9.488356E+00, 1.901573E-06 
3.095571E+00, 5.058867E-04 
3.864921E-01, 7.258041E-04 
6.680295E+00, 5.529455E-05 
3.467971E+00, 3.023097E-04 
1.175143E+00, 6.390005E-04 
8.540185E+00, 5.446346E-06 
9.855599E+00, 1.107850E-06 
6.950006E+00, 3.628408E-05 
4.538259E+00, 1.646218E-04 
8.637505E+00, 6.874249E-06 
3.396500E+00, 2.593234E-04 
7.207489E+00, 1.394652E-05 
5.800699E-01, 4.188342E-04 
2.799965E-01, 5.258320E-04 
5.151327E+00, 1.370816E-04 
3.116378E+00, 3.532978E-04 
8.694702E+00, 6.623390E-06 
3.210948E+00, 1.574176E-04 
6.271709E+00, 4.648855E-05 
7.395022E+00, 1.272105E-05 
2.306936E+00, 3.864536E-04 
1.262574E+00, 2.915607E-04 
4.036990E+00, 1.815932E-04 
3.790096E+00, 1.487223E-04 
7.315326E+00, 2.252672E-05 
3.166044E+00, 3.149923E-04 
7.830720E+00, 1.415272E-05 
5.559364E+00, 6.366229E-05 
7.583945E+00, 1.920453E-05 
5.974387E+00, 4.918127E-05 
2.547077E+00, 3.161250E-04 
3.939594E+00, 1.664305E-04 
4.523852E+00, 1.796857E-04 
2.359764E+00, 2.400411E-04 
5.027290E+00, 1.066398E-04 
9.289788E+00, 4.912239E-06 
8.697507E+00, 7.708719E-06 
1.033183E+00, 4.740744E-04 
9.160627E+00, 4.941157E-06 
4.003803E+00, 1.349657E-04 
2.843357E+00, 4.172605E-04 
2.616926E+00, 3.542535E-04 
3.061417E+00, 2.430014E-04 
8.748810E+00, 6.123416E-06 
3.308700E-01, 3.516063E-04 
2.991935E+00, 2.791781E-04 
7.338749E+00, 4.567654E-05 
9.666718E+00, 1.012114E-06 
9.456554E+00, 1.761139E-06 
4.161070E+00, 1.459919E-04 
1.630974E+00, 3.996167E-04 
7.658573E-01, 5.103134E-04 
7.684247E+00, 2.772375E-05 
6.259722E+00, 6.503826E-05 
9.582295E+00, 7.766556E-07 
2.735873E+00, 3.332299E-04 
7.704225E+00, 1.687197E-05 
5.345353E+00, 7.546249E-05 
6.781924E+00, 6.189118E-05 
9.186601E+00, 5.764778E-06 
2.704344E+00, 2.729223E-04 
7.995217E+00, 1.238694E-05 
4.225696E+00, 1.313068E-04 
9.704923E+00, 1.553311E-06 
3.074142E+00, 2.004924E-04 
3.896995E+00, 1.338818E-04 
1.823256E+00, 3.612762E-04 
-1.302593E+00, 1.220339E-02 
8.208174E+00, 1.457035E-05 
2.884305E+00, 5.051876E-04 
1.794600E+00, 3.134092E-04 
1.118143E+00, 5.131729E-04 
8.831730E+00, 5.412737E-06 
5.039943E+00, 1.126830E-04 
3.124180E+00, 2.414224E-04 
2.424335E+00, 3.722091E-04 
1.011380E+01, 1.108047E-06 
8.204743E+00, 2.146763E-05 
2.687416E+00, 2.280254E-04 
2.857533E+00, 2.502366E-04 
2.110585E+00, 4.346988E-04 
7.746436E+00, 2.646469E-05 
5.130767E+00, 5.943463E-05 
9.851961E+00, 5.027240E-07 
5.766857E+00, 5.962352E-05 
9.777030E+00, 1.314368E-06 
7.708561E+00, 2.167574E-05 
1.423180E+00, 2.055978E-04 
4.406751E+00, 9.580996E-05 
8.089573E+00, 2.118691E-05 
3.926166E-01, 9.623838E-04 
3.666944E+00, 2.711704E-04 
6.379840E+00, 6.522815E-05 
4.894172E-01, 3.461162E-04 
2.430060E+00, 4.445784E-04 
1.009435E+01, 8.821787E-07 
5.383783E+00, 9.377600E-05 
9.454935E+00, 2.715162E-06 
2.472468E-01, 1.185180E-03 
4.417035E+00, 1.094270E-04 
4.481538E+00, 1.262352E-04 
1.957984E+00, 2.881147E-04 
3.266542E+00, 2.819093E-04 
2.730648E+00, 3.137854E-04 
7.430939E+00, 4.039466E-05 
1.436635E+00, 4.941234E-04 
4.976396E+00, 1.436081E-04 
6.288057E+00, 5.215002E-05 
3.435609E+00, 1.683547E-04 
4.645636E+00, 1.079285E-04 
4.061616E+00, 1.756863E-04 
8.727093E+00, 6.601784E-06 
4.606408E+00, 1.574977E-04 
6.180480E-01, 5.748924E-04 
7.917827E+00, 1.837029E-05 
8.468512E+00, 6.491030E-06 
4.589374E+00, 3.009184E-04 
8.716831E+00, 6.877730E-06 
-4.251452E+00, 1.573532E-02 
6.752219E+00, 6.067822E-05 
9.811264E+00, 1.111895E-06 
9.469565E+00, 1.522980E-06 
4.216078E+00, 1.629470E-04 
1.550563E+00, 3.935473E-04 
6.397000E+00, 5.858187E-05 
8.064522E+00, 1.203102E-05 
4.515301E+00, 1.925466E-04 
4.279166E+00, 1.574252E-04 
1.298405E+00, 3.593868E-04 
7.871921E+00, 8.699215E-06 
5.220799E+00, 8.178258E-05 
3.601794E+00, 2.370959E-04 
2.928540E+00, 2.790247E-04 
9.045340E+00, 2.988213E-06 
7.187125E+00, 2.752372E-05 
2.943836E+00, 2.045261E-04 
3.748374E+00, 3.803227E-04 
8.181569E-01, 4.607959E-04 
9.076520E+00, 3.267296E-06 
5.713747E-01, 4.618190E-04 
4.908043E+00, 1.437040E-04 
9.832089E+00, 1.261752E-06 
2.519356E+00, 2.807871E-04 
4.482458E+00, 1.197951E-04 
3.204160E+00, 1.555055E-04 
2.851494E+00, 5.235756E-04 
2.388510E+00, 3.818186E-04 
-4.497868E-02, 5.516736E-04 
7.954028E+00, 1.806504E-05 
9.749761E+00, 1.392390E-06 
2.035107E+00, 3.108617E-04 
4.779260E+00, 9.152142E-05 
6.363670E+00, 4.738704E-05 
1.324643E-01, 3.821958E-04 
9.874261E+00, 2.010896E-06 
2.047979E+00, 4.940323E-04 
3.325866E+00, 1.386206E-04 
6.114774E+00, 5.422009E-05 
9.637177E-01, 3.405867E-04 
4.448704E+00, 1.313068E-04 
4.013005E+00, 2.739216E-04 
1.346080E+00, 3.577135E-04 
1.291197E+00, 6.782864E-04 
4.734932E+00, 1.347179E-04 
4.114916E+00, 1.231312E-04 
7.049450E+00, 4.842179E-05 
2.248807E+00, 2.539799E-04 
7.583466E+00, 3.274464E-05 
3.018896E+00, 2.593230E-04 
1.399636E+00, 4.017979E-04 
8.398479E+00, 7.583911E-06 
1.073951E+00, 7.564301E-04 
3.810384E+00, 1.976019E-04 
5.532490E+00, 5.992678E-05 
2.405785E+00, 2.387987E-04 
6.312611E+00, 4.366714E-05 
9.806275E+00, 2.155432E-06 
4.845329E+00, 9.710968E-05 
8.658214E+00, 6.044506E-06 
3.736019E+00, 1.521816E-04 
5.771495E+00, 4.741812E-05 
9.995860E+00, 5.027240E-07 
2.472115E+00, 3.566002E-04 
4.327401E+00, 1.219024E-04 
6.492335E+00, 3.995217E-05 
7.439900E+00, 1.611140E-05 
-3.694507E-01, 1.387361E-02 
8.197957E+00, 1.098995E-05 
5.279888E+00, 1.253443E-04 
9.391488E-01, 3.382534E-04 
1.248142E+00, 3.196032E-04 
4.293105E+00, 1.074982E-04 
4.237205E+00, 1.958072E-04 
8.869670E+00, 4.485517E-06 
2.132321E+00, 3.624466E-04 
1.004375E+00, 5.741826E-04 
6.478474E+00, 3.542489E-05 
7.349292E+00, 1.562996E-05 
5.112819E+00, 1.014494E-04 
7.818984E+00, 1.165255E-05 
1.443677E+00, 2.917172E-04 
3.801893E+00, 2.384113E-04 
9.695029E+00, 1.849176E-06 
3.231352E+00, 2.679530E-04 
7.074261E+00, 1.488467E-05 
9.939587E+00, 1.650531E-06 
2.713932E+00, 3.292153E-04 
8.305140E+00, 1.394044E-05 
2.572301E+00, 4.949981E-04 
4.780235E+00, 1.036801E-04 
2.527552E+00, 1.828648E-04 
1.786090E+00, 3.862062E-04 
7.407072E+00, 1.641159E-05 
2.761920E-01, 5.272267E-04 
9.427168E+00, 1.396711E-06 
9.540704E+00, 1.310525E-06 
3.377169E-01, 3.624560E-04 
7.147545E-02, 2.962950E-04 
6.355827E+00, 3.946059E-05 
1.306198E+00, 4.664132E-04 
7.571655E+00, 1.928269E-05 
8.405289E+00, 4.056148E-06 
5.869544E+00, 6.659230E-05 
7.075544E-01, 6.569219E-04 
8.903090E+00, 2.305104E-06 
4.600887E+00, 9.893132E-05 
8.508585E+00, 6.387908E-06 
2.994410E+00, 2.198097E-04 
8.566087E+00, 1.072191E-05 
1.483210E+00, 2.440110E-04 
6.172135E+00, 5.130375E-05 
4.776346E+00, 8.773061E-05 
7.011789E+00, 4.861971E-05 
9.698252E-01, 6.118758E-04 
1.866975E+00, 4.486034E-04 
1.052332E+00, 3.461099E-04 
2.354620E-01, 4.740336E-04 
4.184404E+00, 1.219277E-04 
7.304639E+00, 2.690712E-05 
1.909145E+00, 2.612187E-04 
6.177425E+00, 6.897122E-05 
3.111659E+00, 1.949554E-04 
3.062154E+00, 2.133681E-04 
5.826532E+00, 6.550159E-05 
7.271857E+00, 2.642029E-05 
1.191810E+00, 4.236416E-04 
4.052215E+00, 1.499498E-04 
4.499256E+00, 1.913526E-04 
3.616734E+00, 2.838768E-04 
9.346630E+00, 4.484575E-06 
4.146060E+00, 1.197951E-04 
8.130703E-01, 3.516063E-04 
2.142597E+00, 5.512884E-04 
4.623257E+00, 1.201681E-04 
1.021528E+01, 1.514405E-06 
6.657033E+00, 3.635821E-05 
3.607962E+00, 3.245264E-04 
7.396081E+00, 1.571932E-05 
4.149837E+00, 2.315912E-04 
8.543810E+00, 4.919306E-06 
9.345519E+00, 2.751487E-06 
-4.446758E-01, 4.014702E-03 
2.607242E+00, 2.288576E-04 
5.015585E+00, 7.251860E-05 
1.228398E+00, 5.753808E-04 
9.220724E+00, 2.275071E-06 
1.953349E+00, 2.093734E-04 
4.563732E+00, 1.867129E-04 
9.540535E-01, 5.531588E-04 
6.548600E+00, 4.454062E-05 
8.925392E+00, 3.045959E-06 
4.033976E+00, 1.272105E-04 
5.611633E+00, 3.971853E-05 
3.479741E+00, 2.247547E-04 
6.448584E+00, 6.182558E-05 
4.747843E+00, 1.750578E-04 
1.060867E+00, 4.764194E-04 
2.603862E+00, 3.038746E-04 
5.929036E+00, 3.470884E-05 
6.837831E+00, 3.448896E-05 
1.780596E+00, 3.410394E-04 
9.660568E-01, 3.523113E-04 
1.168093E+00, 2.467788E-04 
9.748000E+00, 1.445013E-06 
3.963553E+00, 2.186881E-04 
1.342999E-01, 5.925899E-04 
8.441752E+00, 1.072786E-05 
8.608575E+00, 5.366908E-06 
5.658784E+00, 8.322083E-05 
8.505532E+00, 8.753125E-06 
9.593195E+00, 1.097888E-06 
3.423125E+00, 2.247547E-04 
3.447114E+00, 2.785946E-04 
1.078370E+00, 6.114194E-04 
5.336955E-02, 3.749634E-05 
5.263906E+00, 1.145761E-04 
1.936778E+00, 5.881814E-04 
3.345999E+00, 2.897464E-04 
6.864643E+00, 6.205091E-05 
7.415627E+00, 1.891992E-05 
4.463039E+00, 2.365750E-04 
6.298403E+00, 6.462628E-05 
2.687397E+00, 4.633912E-04 
3.168180E+00, 2.981525E-04 
8.645491E+00, 5.765454E-06 
8.390967E+00, 8.008437E-06 
4.283670E-01, 3.847346E-04 
8.838332E+00, 9.386413E-06 
4.893558E+00, 8.747066E-05 
9.392323E+00, 2.406040E-06 
4.624597E+00, 1.823143E-04 
4.321056E+00, 2.525445E-04 
6.083951E+00, 4.726425E-05 
7.310364E+00, 3.781221E-05 
3.756970E+00, 3.416862E-04 
8.080579E+00, 1.053884E-05 
9.388475E+00, 3.411761E-06 
9.052534E+00, 3.182183E-06 
7.776409E-01, 4.752367E-04 
3.852038E+00, 3.443224E-04 
8.255210E+00, 6.488204E-06 
8.439399E+00, 6.161620E-06 
5.912971E-01, 3.873763E-04 
2.516232E+00, 3.072313E-04 
7.572544E+00, 1.774453E-05 
3.918883E+00, 9.773209E-05 
7.072255E+00, 4.227542E-05 
7.538035E+00, 2.045524E-05 
5.057645E+00, 1.469159E-04 
3.242381E+00, 2.012977E-04 
3.579369E+00, 2.260602E-04 
4.684772E+00, 1.442992E-04 
5.534836E+00, 6.237290E-05 
5.670326E+00, 3.938537E-05 
5.236595E+00, 9.616640E-05 
3.385710E+00, 1.846746E-04 
4.056294E+00, 9.690749E-05 
4.816518E+00, 1.378124E-04 
2.794857E+00, 1.766731E-04 
7.350729E+00, 2.038189E-05 
5.237449E+00, 5.168969E-05 
3.301111E-01, 3.865779E-04 
2.219524E+00, 3.964614E-04 
7.410887E-02, 2.099481E-04 
7.007455E+00, 1.607731E-05 
8.729664E+00, 6.028835E-06 
6.746900E+00, 2.844076E-05 
3.580013E+00, 2.064756E-04 
6.560814E+00, 4.603220E-05 
3.624874E+00, 3.651391E-04 
1.725256E+00, 3.539460E-04 
1.470540E+00, 5.037798E-04 
5.794316E+00, 4.232779E-05 
1.836982E+00, 2.743767E-04 
4.196738E+00, 8.466880E-05 
1.309592E+00, 6.820171E-04 
1.791019E+00, 3.271160E-04 
9.668318E+00, 1.173574E-06 
2.303588E+00, 3.635959E-04 
5.479772E+00, 6.310360E-05 
9.946336E-02, 3.960712E-04 
9.436866E+00, 4.982599E-06 
7.169781E+00, 2.698206E-05 
9.538306E+00, 4.535435E-06 
2.219341E+00, 2.716434E-04 
6.890642E+00, 2.804080E-05 
8.041157E+00, 2.110863E-05 
9.702227E+00, 6.361007E-07 
6.839003E+00, 3.435225E-05 
4.262288E+00, 1.090224E-04 
5.834829E-01, 4.208593E-04 
7.885946E+00, 2.601711E-05 
5.397109E+00, 6.710005E-05 
8.183086E+00, 2.312208E-05 
8.021270E+00, 1.829135E-05 
8.368860E+00, 7.239509E-06 
6.839773E+00, 6.239579E-05 
1.302992E+00, 3.589614E-04 
3.101972E+00, 5.009336E-04 
8.758457E+00, 4.392545E-06 
4.235515E+00, 2.207933E-04 
7.798309E+00, 2.308846E-05 
4.053289E+00, 3.086208E-04 
1.067676E+00, 7.102085E-04 
3.369280E+00, 1.501125E-04 
9.360658E+00, 1.953791E-06 
4.757230E+00, 9.635081E-05 
1.415918E+00, 4.832116E-04 
6.621843E+00, 5.155190E-05 
7.368893E+00, 2.285541E-05 
6.477531E+00, 6.395891E-05 
2.657473E+00, 2.240710E-04 
1.735461E+00, 3.708682E-04 
6.764724E+00, 4.561084E-05 
3.741107E+00, 2.149987E-04 
9.214085E+00, 1.547749E-06 
9.371256E+00, 4.521499E-06 
1.231896E+00, 6.372359E-04 
3.694719E-01, 3.119859E-04 
2.287224E+00, 3.245604E-04 
3.516823E+00, 2.621734E-04 
4.679280E+00, 1.144890E-04 
2.058026E+00, 2.650721E-04 
6.584942E+00, 4.771030E-05 
2.630143E+00, 1.800091E-04 
2.553679E-01, 4.527246E-04 
3.824304E+00, 2.860900E-04 
7.259281E+00, 2.482287E-05 
1.034932E+01, 1.039214E-06 
8.567566E+00, 7.006476E-06 
7.969836E-01, 4.674895E-04 
9.632263E+00, 7.614898E-07 
6.163739E+00, 3.503530E-05 
6.915278E+00, 2.188840E-05 
9.839181E-01, 4.405251E-04 
2.861069E-01, 3.582636E-04 
7.466135E+00, 1.787556E-05 
2.293023E+00, 2.829731E-04 
7.675229E+00, 2.078962E-05 
6.474185E+00, 4.345589E-05 
6.261535E+00, 4.345847E-05 
5.611598E+00, 3.037166E-05 
4.474759E+00, 1.071778E-04 
3.828026E+00, 2.042008E-04 
6.018275E+00, 3.220730E-05 
5.481198E+00, 1.018459E-04 
3.081548E+00, 2.454198E-04 
2.932694E+00, 3.547058E-04 
7.917949E+00, 1.067819E-05 
4.360554E+00, 2.284851E-04 
2.959786E+00, 2.293168E-04 
9.405724E+00, 2.093959E-06 
3.121467E+00, 1.960321E-04 
2.030486E+00, 2.330639E-04 
4.023026E+00, 3.018572E-04 
9.127028E+00, 4.852833E-06 
6.387202E+00, 6.969138E-05 
8.823515E+00, 8.747909E-06 
1.063732E+00, 5.869572E-04 
2.987678E+00, 2.478722E-04 
2.363080E+00, 3.195762E-04 
8.153048E+00, 8.616854E-06 
7.111396E-01, 3.281295E-04 
1.647416E+00, 4.846681E-04 
4.844983E+00, 9.895567E-05 
7.009786E+00, 2.427425E-05 
3.283079E-01, 3.802324E-04 
7.139790E+00, 2.332433E-05 
7.611394E+00, 1.687690E-05 
4.884051E+00, 1.044316E-04 
6.334697E-01, 4.656056E-04 
7.753647E+00, 1.343206E-05 
8.972628E+00, 3.275817E-06 
2.765881E+00, 3.464541E-04 
9.784675E+00, 1.487696E-06 
3.110994E+00, 2.147647E-04 
-1.159213E+00, 1.055965E-02 
5.636238E+00, 3.335760E-05 
4.782766E+00, 1.032844E-04 
7.789628E+00, 2.624913E-05 
-5.202723E+00, 1.260315E-02 
1.796852E+00, 2.806157E-04 
7.491098E+00, 2.308135E-05 
2.676541E+00, 2.224251E-04 
6.446836E-01, 9.539980E-04 
1.151429E+00, 7.756040E-04 
7.254689E+00, 2.188840E-05 
1.329190E+00, 2.847647E-04 
7.970383E+00, 2.024296E-05 
5.110845E+00, 1.086392E-04 
2.139276E+00, 2.280254E-04 
1.681980E+00, 2.747394E-04 
1.625333E+00, 2.126277E-04 
4.785811E+00, 1.784109E-04 
1.000744E+01, 1.185358E-06 
1.736908E+00, 2.749321E-04 
8.377120E+00, 1.366925E-05 
5.967970E+00, 6.877007E-05 
7.650796E+00, 2.063971E-05 
7.516539E+00, 4.110577E-05 
5.358984E+00, 9.085040E-05 
5.083966E+00, 7.437287E-05 
9.140069E+00, 2.013369E-06 
6.781022E+00, 4.266623E-05 
9.143682E+00, 2.154444E-06 
1.613436E+00, 2.805304E-04 
8.277997E+00, 8.616854E-06 
1.008891E+01, 8.598038E-07 
4.880121E+00, 1.271524E-04 
1.203165E+00, 3.668283E-04 
8.340980E+00, 9.011043E-06 
9.767428E-01, 5.900268E-04 
5.062807E+00, 1.032844E-04 
9.503158E+00, 4.802562E-06 
4.693115E+00, 1.650594E-04 
7.841427E+00, 2.259912E-05 
2.999142E+00, 3.228668E-04 
9.273404E+00, 4.729720E-06 
8.252666E+00, 6.863663E-06 
7.040926E+00, 5.715350E-05 
8.105884E+00, 8.426873E-06 
1.769993E+00, 4.252765E-04 
5.544501E-01, 5.387143E-04 
6.789930E-01, 4.802100E-04 
1.666481E+00, 2.812154E-04 
4.474384E-01, 3.907362E-04 
9.133092E+00, 6.656614E-06 
8.530462E-01, 5.688967E-04 
6.810471E+00, 4.770210E-05 
6.903953E+00, 1.879091E-05 
8.878731E+00, 6.684036E-06 
6.951978E+00, 3.177862E-05 
2.965309E+00, 3.194461E-04 
7.957810E+00, 1.512967E-05 
6.674940E+00, 3.846569E-05 
1.298744E+00, 3.473578E-04 
9.529508E+00, 2.650073E-06 
9.153644E+00, 2.698143E-06 
1.012864E+00, 4.494707E-04 
2.713647E+00, 2.322239E-04 
5.979644E-01, 5.714440E-04 
4.135462E+00, 1.750514E-04 
5.467778E+00, 6.282905E-05 
9.607342E+00, 3.806019E-06 
1.340850E-01, 2.962950E-04 
1.102115E+00, 4.300284E-04 
4.581153E-01, 4.807408E-04 
3.885662E+00, 1.021004E-04 
2.093081E+00, 3.274564E-04 
6.752827E+00, 3.557735E-05 
6.699655E+00, 4.391812E-05 
8.327498E+00, 2.416983E-05 
6.889507E+00, 3.374752E-05 
2.441978E+00, 3.204199E-04 
6.453711E+00, 3.784478E-05 
9.774446E+00, 5.039447E-07 
4.747174E+00, 1.504277E-04 
1.423889E+00, 4.631495E-04 
6.286158E+00, 4.371662E-05 
8.153920E+00, 2.953538E-05 
4.819664E+00, 9.420860E-05 
8.746408E+00, 4.093034E-06 
3.987204E+00, 1.815932E-04 
3.735795E+00, 1.909674E-04 
2.823403E+00, 2.413959E-04 
4.137506E+00, 1.762880E-04 
7.539391E+00, 2.730360E-05 
7.504713E+00, 2.011753E-05 
8.283023E+00, 6.877730E-06 
1.964605E+00, 3.955373E-04 
4.475906E+00, 1.960525E-04 
9.152539E-01, 4.935221E-04 
1.368238E+00, 4.971651E-04 
8.585106E+00, 6.220381E-06 
1.015846E+01, 7.993528E-07 
2.862504E-01, 8.611620E-04 
-1.253805E+00, 1.920676E-02 
8.189610E+00, 1.608700E-05 
3.858927E+00, 1.686588E-04 
5.332154E+00, 8.465884E-05 
6.604695E+00, 4.248110E-05 
8.256517E+00, 5.733630E-06 
5.661249E+00, 4.084735E-05 
3.222734E+00, 1.873495E-04 
9.044971E-01, 4.580243E-04 
9.580360E+00, 1.498283E-06 
8.580463E+00, 7.195590E-06 
1.301299E+00, 5.565058E-04 
2.371115E+00, 3.716807E-04 
2.086928E+00, 4.062810E-04 
1.051539E+01, 9.850519E-07 
3.870132E+00, 2.626135E-04 
7.143084E+00, 2.438050E-05 
-2.747409E+00, 1.221749E-02 
5.268674E-01, 5.925899E-04 
1.461958E-01, 5.925899E-04 
4.090816E+00, 1.948630E-04 
8.411523E+00, 6.857184E-06 
8.253504E+00, 1.198192E-05 
8.551547E+00, 1.152003E-05 
2.707945E+00, 3.881063E-04 
4.127727E+00, 1.426228E-04 
1.148030E+00, 5.709322E-04 
1.517175E+00, 3.056765E-04 
5.419253E+00, 6.648871E-05 
3.720927E-01, 7.047031E-04 
5.945164E+00, 3.328985E-05 
5.078671E+00, 7.884951E-05 
7.818978E+00, 1.233936E-05 
8.773520E+00, 4.570167E-06 
4.005707E+00, 2.848504E-04 
3.111383E+00, 1.934475E-04 
5.485247E-01, 5.796186E-04 
5.392331E-01, 6.026199E-04 
1.362291E+00, 4.504944E-04 
6.525066E-01, 7.063002E-05 
1.065650E+01, 5.449647E-07 
1.011388E+01, 1.119267E-06 
8.473372E+00, 7.136008E-06 
4.694978E-01, 3.505979E-04 
8.656214E+00, 4.981917E-06 
9.099147E+00, 2.063739E-06 
6.191671E+00, 5.364492E-05 
5.606720E+00, 3.130826E-05 
3.180971E+00, 1.604102E-04 
3.433572E+00, 2.787060E-04 
7.173651E+00, 3.008197E-05 
1.061726E+01, 9.254581E-07 
7.939192E+00, 1.308710E-05 
6.953291E+00, 4.258279E-05 
2.664959E+00, 3.405884E-04 
7.161923E+00, 2.783224E-05 
5.353766E+00, 6.043135E-05 
2.378790E+00, 2.279179E-04 
1.810714E-01, 3.591676E-04 
5.192806E+00, 7.124976E-05 
3.826497E+00, 2.782758E-04 
2.530717E+00, 3.096231E-04 
4.397016E-01, 5.402895E-04 
3.478348E+00, 2.350218E-04 
3.486221E+00, 3.035869E-04 
7.283297E+00, 2.399421E-05 
1.001431E+01, 9.129526E-07 
1.118229E+01, 2.146333E-06 
6.243613E+00, 4.356625E-05 
7.357728E+00, 2.902139E-05 
5.951130E+00, 7.398637E-05 
6.831101E+00, 2.450892E-05 
1.885230E+00, 3.642041E-04 
5.064703E+00, 9.194594E-05 
8.255674E-01, 3.754506E-04 
4.554267E+00, 1.167492E-04 
7.597342E-01, 3.097020E-04 
3.493878E+00, 4.548381E-04 
7.116366E+00, 2.220439E-05 
6.920450E+00, 3.332837E-05 
7.617339E+00, 1.055887E-05 
9.739120E+00, 9.138018E-07 
8.517224E+00, 6.914244E-06 
9.206824E+00, 2.996567E-06 
1.488898E+00, 3.811405E-04 
1.377916E+00, 5.238874E-04 
8.938118E+00, 3.318694E-06 
6.639653E+00, 2.947637E-05 
1.021012E+01, 7.561104E-07 
1.552365E+00, 4.082477E-04 
5.238010E+00, 3.943168E-05 
1.517434E+00, 3.017938E-04 
8.153392E+00, 8.699215E-06 
4.762557E+00, 1.298312E-04 
2.157114E+00, 4.050719E-04 
4.220352E+00, 1.108812E-04 
3.050862E+00, 4.217733E-04 
7.221914E+00, 2.158762E-05 
8.952659E+00, 6.056731E-06 
9.199716E+00, 2.810457E-06 
3.788949E+00, 2.663185E-04 
1.264803E+00, 3.455676E-04 
8.057634E+00, 2.064811E-05 
1.773475E+00, 2.875805E-04 
1.229491E-01, 3.865779E-04 
6.788377E+00, 4.212821E-05 
3.551129E+00, 3.088296E-04 
2.496818E+00, 2.706279E-04 
1.460869E+00, 2.993351E-04 
1.465051E+00, 3.742755E-04 
4.032792E+00, 1.517765E-04 
7.882972E+00, 1.022508E-05 
9.824624E+00, 2.039757E-06 
3.675399E+00, 2.451654E-04 
8.183985E+00, 6.442877E-06 
1.182990E+00, 5.250831E-04 
7.606862E+00, 3.950647E-05 
2.659084E+00, 9.470168E-05 
9.737117E+00, 8.122177E-07 
8.722371E+00, 6.711339E-06 
2.224162E+00, 3.333728E-04 
7.475747E+00, 1.750230E-05 
7.911593E+00, 1.429820E-05 
7.044335E-01, 5.973350E-04 
9.664883E+00, 1.070906E-06 
6.435022E+00, 5.165901E-05 
6.102617E+00, 6.952137E-05 
4.413415E+00, 9.552811E-05 
7.040190E+00, 2.798590E-05 
3.533701E+00, 3.056690E-04 
3.347480E+00, 2.543030E-04 
2.801752E+00, 3.025183E-04 
8.194932E+00, 2.477029E-05 
3.465176E+00, 1.488555E-04 
2.264667E+00, 3.764899E-04 
2.505049E+00, 4.229082E-04 
1.849277E+00, 3.474591E-04 
1.028235E+00, 5.343038E-04 
3.408986E+00, 2.732792E-04 
6.210258E+00, 4.702340E-05 
1.040121E+01, 1.056456E-06 
7.677643E+00, 1.782096E-05 
9.118618E+00, 5.715154E-06 
9.617228E+00, 2.839883E-06 
7.614561E+00, 1.755692E-05 
1.394753E+00, 1.036734E-04 
5.143209E+00, 9.767016E-05 
4.622490E+00, 1.391248E-04 
-3.005977E+00, 1.752227E-02 
6.747636E+00, 3.001230E-05 
8.056089E+00, 2.248977E-05 
2.707085E+00, 4.497443E-04 
5.153621E+00, 1.157854E-04 
7.600218E+00, 1.507481E-05 
6.190182E+00, 5.604009E-05 
5.405127E+00, 1.019637E-04 
8.907482E+00, 6.196434E-06 
2.083297E+00, 4.168286E-04 
7.091787E+00, 2.539029E-05 
2.299241E+00, 2.729223E-04 
1.337763E+00, 3.728380E-04 
9.271182E+00, 3.106622E-06 
1.783580E+00, 3.354045E-04 
9.316097E+00, 3.101036E-06 
5.021015E+00, 5.503719E-05 
4.728381E+00, 1.193076E-04 
9.305272E+00, 3.235770E-06 
8.054704E+00, 1.378765E-05 
4.396235E+00, 2.108095E-04 
6.011180E+00, 4.750591E-05 
1.119841E+00, 5.273446E-04 
2.207220E-01, 3.879788E-04 
1.000937E+01, 2.042968E-06 
4.356222E+00, 1.299524E-04 
9.749857E+00, 1.101198E-06 
1.623140E+00, 6.696272E-04 
4.403987E+00, 1.173633E-04 
3.488717E+00, 3.882786E-04 
6.203305E+00, 8.507401E-05 
2.543100E+00, 3.017938E-04 
2.722388E+00, 3.730237E-04 
7.923142E+00, 2.059727E-05 
2.810556E+00, 2.914621E-04 
5.979008E+00, 9.197200E-05 
1.821280E+00, 3.312845E-04 
5.904323E+00, 6.045860E-05 
8.278349E+00, 7.006476E-06 
6.932384E+00, 3.017114E-05 
4.897237E+00, 1.119442E-04 
9.285554E+00, 5.092877E-06 
7.930167E+00, 1.258004E-05 
3.273537E+00, 2.369354E-04 
5.350623E+00, 7.178573E-05 
7.519639E+00, 3.018221E-05 
6.498009E+00, 7.022678E-05 
4.882650E+00, 9.668721E-05 
3.334277E+00, 2.981585E-04 
6.617755E+00, 3.309754E-05 
3.253652E+00, 2.594815E-04 
1.552569E+00, 3.077021E-04 
3.082897E+00, 1.588236E-04 
3.555293E+00, 2.215779E-04 
5.266228E+00, 8.960084E-05 
5.661282E+00, 3.130826E-05 
7.979707E+00, 1.975310E-05 
4.358221E+00, 9.029146E-05 
5.038337E+00, 1.048810E-04 
2.355752E+00, 3.422453E-04 
6.787706E+00, 3.930743E-05 
2.319123E+00, 3.096231E-04 
8.761171E+00, 9.565167E-06 
5.728589E+00, 3.488051E-05 
6.392571E+00, 4.726425E-05 
5.331565E+00, 9.218640E-05 
4.702948E+00, 1.338290E-04 
6.854875E+00, 2.671413E-05 
1.174705E+00, 3.158374E-04 
1.086201E+00, 4.683486E-04 
3.306332E+00, 3.290993E-04 
1.164383E+00, 4.898912E-04 
9.380247E+00, 2.389537E-06 
8.710057E+00, 3.437020E-06 
7.263045E+00, 1.928269E-05 
8.907594E+00, 6.697307E-06 
9.381703E+00, 1.901582E-06 
1.376992E+00, 4.104514E-04 
2.415701E+00, 3.592551E-04 
5.221787E+00, 8.177224E-05 
2.829619E+00, 1.544857E-04 
4.219082E+00, 1.997962E-04 
2.602703E+00, 2.741787E-04 
9.098002E+00, 2.066411E-06 
9.307131E+00, 3.781151E-06 
1.132453E+00, 3.624466E-04 
8.271416E+00, 6.095124E-06 
1.760896E+00, 2.830873E-04 
7.940324E+00, 1.053193E-05 
3.758238E+00, 1.235490E-04 
1.914341E+00, 4.739966E-04 
7.521908E+00, 1.808384E-05 
5.283662E+00, 8.574473E-05 
9.335183E+00, 1.921677E-06 
5.669050E+00, 7.491758E-05 
4.377583E+00, 1.306663E-04 
4.022470E-01, 7.479770E-04 
7.306094E+00, 3.358042E-05 
7.869806E+00, 2.779080E-05 
8.729146E+00, 4.348071E-06 
6.561732E+00, 6.719522E-05 
5.870941E-01, 3.880727E-04 
6.907137E+00, 3.978107E-05 
9.017952E+00, 8.490669E-06 
4.194189E+00, 1.146532E-04 
4.441261E+00, 1.618085E-04 
1.128501E+00, 4.031400E-04 
7.393316E+00, 2.616969E-05 
8.472391E+00, 5.174597E-06 
2.477644E+00, 3.885033E-04 
1.854222E+00, 3.947071E-04 
1.013115E+00, 4.415164E-04 
2.705593E+00, 2.275556E-04 
4.832026E+00, 1.397823E-04 
2.092609E+00, 1.745034E-04 
6.492595E+00, 4.850390E-05 
8.170602E+00, 1.118397E-05 
3.013697E+00, 3.350215E-04 
7.816286E+00, 1.383847E-05 
4.505993E+00, 1.163828E-04 
4.964337E-01, 3.582636E-04 
8.716606E+00, 8.541151E-06 
4.115819E+00, 1.272105E-04 
4.793256E+00, 1.157635E-04 
5.814126E+00, 5.782549E-05 
3.589666E+00, 3.487404E-04 
8.916190E+00, 5.175620E-06 
3.268672E+00, 2.198925E-04 
2.432128E-01, 9.459540E-04 
5.713877E+00, 4.921776E-05 
1.188496E+00, 5.044559E-04 
6.507507E+00, 2.920940E-05 
1.707544E+00, 4.677819E-04 
7.493348E+00, 1.687020E-05 
7.247641E+00, 4.374102E-05 
2.011758E-01, 7.032126E-04 
9.154264E+00, 4.021577E-06 
9.769652E+00, 6.502380E-07 
2.286043E+00, 4.258370E-04 
8.990827E+00, 7.558290E-06 
6.627397E+00, 2.671413E-05 
6.047137E+00, 4.179618E-05 
1.741868E+00, 4.355849E-04 
6.588559E+00, 4.638457E-05 
5.285089E+00, 7.508669E-05 
2.630337E+00, 3.051667E-04 
8.778685E-01, 4.459611E-04 
3.612309E+00, 3.253430E-04 
1.025043E+01, 7.561104E-07 
8.219761E+00, 7.200672E-06 
4.431346E+00, 1.237957E-04 
9.042970E-01, 3.421033E-04 
6.736257E+00, 3.177862E-05 
1.005360E+01, 4.472358E-07 
8.547723E+00, 4.919306E-06 
5.393188E+00, 1.854361E-04 
9.260906E+00, 2.839883E-06 
6.724004E+00, 3.758298E-05 
3.371204E+00, 2.670319E-04 
1.038980E+00, 3.540988E-04 
2.919083E+00, 1.798616E-04 
1.964004E+00, 2.927634E-04 
1.733534E+00, 4.218581E-04 
3.898841E+00, 2.062064E-04 
3.793425E+00, 1.690120E-04 
8.222017E+00, 1.664463E-05 
8.745391E-01, 3.111031E-04 
5.837071E-01, 5.167447E-04 
2.008114E+00, 2.876148E-04 
2.120912E+00, 3.154142E-04 
1.012771E+01, 1.445013E-06 
6.124045E+00, 5.512487E-05 
3.769483E+00, 1.472585E-04 
5.316715E+00, 1.109708E-04 
6.218232E+00, 5.387986E-05 
5.530389E+00, 7.040472E-05 
6.365947E+00, 4.258187E-05 
3.232863E+00, 1.704052E-04 
5.790095E+00, 8.897472E-05 
1.025929E+01, 9.850519E-07 
5.299797E+00, 9.635081E-05 
6.522193E+00, 5.349380E-05 
1.645266E+00, 6.406642E-04 
7.768873E+00, 1.021320E-05 
8.038619E+00, 1.378412E-05 
7.244113E+00, 4.453422E-05 
8.464925E+00, 1.052764E-05 
2.354811E+00, 3.520741E-04 
3.965396E+00, 1.596465E-04 
6.240748E+00, 5.819390E-05 
9.533482E+00, 4.906898E-06 
6.194357E+00, 5.144474E-05 
1.691184E-02, 4.988627E-04 
4.022107E+00, 2.660511E-04 
4.357573E+00, 1.685497E-04 
3.333851E+00, 1.903205E-04 
1.132890E+00, 3.668052E-04 
4.110349E+00, 8.346693E-05 
7.120252E+00, 4.141300E-05 
6.090380E-01, 4.365130E-04 
9.541081E+00, 1.139038E-06 
1.613585E+00, 3.410394E-04 
5.405846E+00, 1.527737E-04 
6.882503E-01, 7.656043E-04 
6.884986E+00, 2.272943E-05 
1.750541E+00, 3.195762E-04 
7.697280E+00, 1.701105E-05 
9.424141E+00, 3.724972E-06 
7.552513E+00, 1.655822E-05 
3.082430E+00, 5.027825E-04 
1.622047E+00, 4.697089E-04 
7.026195E+00, 4.017739E-05 
-8.430980E-02, 1.874817E-05 
3.494961E+00, 2.897572E-04 
3.469752E+00, 2.636630E-04 
5.763498E+00, 7.546249E-05 
5.117339E+00, 1.346206E-04 
3.144691E+00, 1.821732E-04 
1.502056E+00, 2.805304E-04 
1.605434E+00, 2.278557E-04 
3.862948E+00, 1.192868E-04 
5.297836E-01, 3.587764E-04 
2.273854E+00, 3.389686E-04 
-1.869476E+00, 1.475213E-02 
1.798028E+00, 2.537340E-04 
4.153402E+00, 1.108812E-04 
4.983210E+00, 1.115114E-04 
2.680300E+00, 3.228668E-04 
7.255425E+00, 2.511639E-05 
3.971320E+00, 1.995759E-04 
8.814873E+00, 2.238535E-06 
1.471025E+00, 4.567453E-04 
2.806140E+00, 4.476209E-04 
7.812072E+00, 1.430152E-05 
2.626606E+00, 3.084137E-04 
1.596881E+00, 2.209436E-04 
1.213038E+00, 3.393985E-04 
8.370173E+00, 9.715964E-06 
5.931096E+00, 8.908510E-05 
7.098347E+00, 1.584537E-05 
6.921116E+00, 1.523711E-05 
9.062960E+00, 4.129486E-06 
5.728390E+00, 4.298741E-05 
3.549921E+00, 2.567290E-04 
4.869938E+00, 1.355752E-04 
8.234093E+00, 1.420360E-05 
7.126604E+00, 2.193969E-05 
2.543385E+00, 2.405801E-04 
2.534334E+00, 1.723588E-04 
9.138049E+00, 5.154707E-06 
9.312340E+00, 3.477224E-06 
4.226868E+00, 1.264253E-04 
8.021229E+00, 1.520688E-05 
2.638810E+00, 2.486504E-04 
1.510272E+00, 2.315747E-04 
5.948992E+00, 5.276813E-05 
4.886348E+00, 1.195091E-04 
8.076734E+00, 2.022634E-05 
3.910612E-01, 5.147210E-04 
3.315888E+00, 1.650212E-04 
2.874193E+00, 4.059085E-04 
6.670152E+00, 5.127061E-05 
5.071627E+00, 1.006417E-04 
6.760599E+00, 3.607747E-05 
5.321374E+00, 9.282118E-05 
3.836174E+00, 2.698795E-04 
9.555324E+00, 8.200638E-07 
4.051334E+00, 2.714024E-04 
5.575332E+00, 7.733779E-05 
1.501168E+00, 3.583384E-04 
2.364539E+00, 2.926023E-04 
8.771003E+00, 4.436568E-06 
7.739603E+00, 2.445795E-05 
4.371491E+00, 1.320084E-04 
5.184632E+00, 1.291256E-04 
1.426332E+00, 3.811489E-04 
6.606638E+00, 6.350602E-05 
2.898432E+00, 3.334585E-04 
8.574567E+00, 7.620001E-06 
7.814005E+00, 1.171652E-05 
9.771707E-01, 5.597675E-04 
9.095504E+00, 4.014530E-06 
1.433684E+00, 3.344586E-04 
2.916375E+00, 3.298135E-04 
5.852681E+00, 1.061596E-04 
1.465121E+00, 4.966258E-04 
4.262226E+00, 1.449902E-04 
5.227437E+00, 1.355251E-04 
7.298012E+00, 2.160586E-05 
4.867022E+00, 1.313778E-04 
9.848909E+00, 1.771462E-06 
6.617711E+00, 3.972821E-05 
1.587630E-01, 4.093499E-04 
7.221857E+00, 1.681984E-05 
9.962714E-01, 5.232580E-04 
5.461531E+00, 1.395725E-04 
8.801953E+00, 4.056148E-06 
7.910746E+00, 1.097651E-05 
6.739227E+00, 4.356522E-05 
5.114197E+00, 8.088399E-05 
6.988805E+00, 2.683510E-05 
3.492040E+00, 1.798616E-04 
7.172326E+00, 3.278948E-05 
2.365267E+00, 3.393827E-04 
4.579832E-01, 4.071329E-04 
9.975881E+00, 8.036339E-07 
8.511685E+00, 7.460247E-06 
6.297693E+00, 5.797541E-05 
4.400665E+00, 1.235490E-04 
2.071344E+00, 3.208205E-04 
4.135464E+00, 1.541365E-04 
2.535565E+00, 3.328622E-04 
5.982917E+00, 4.963262E-05 
6.011869E+00, 6.518797E-05 
2.923150E+00, 2.725319E-04 
3.138392E+00, 3.212382E-04 
4.416609E+00, 1.668752E-04 
7.729615E+00, 1.468953E-05 
9.478946E+00, 2.827331E-06 
7.711609E+00, 1.665991E-05 
8.511098E+00, 9.719703E-06 
8.768236E+00, 6.631329E-06 
9.322466E-01, 3.830500E-04 
3.383941E+00, 1.106436E-04 
8.101448E+00, 1.052731E-05 
1.019169E+00, 2.348822E-04 
6.537615E-01, 6.811734E-04 
3.771998E+00, 2.375525E-04 
7.688801E+00, 2.512887E-05 
7.778178E+00, 2.124558E-05 
1.249069E+00, 3.931735E-04 
1.863171E+00, 3.479795E-04 
8.737731E+00, 4.530057E-06 
3.777114E+00, 1.892237E-04 
3.236733E+00, 2.331740E-04 
3.026870E+00, 2.030751E-04 
6.847323E+00, 3.665113E-05 
4.069963E+00, 1.698503E-04 
8.344775E+00, 1.391589E-05 
6.484865E+00, 4.798156E-05 
7.859563E+00, 1.166720E-05 
8.368243E+00, 8.600375E-06 
6.758905E+00, 6.147178E-05 
2.421157E+00, 2.766751E-04 
4.840069E+00, 1.675224E-04 
9.352769E+00, 2.042968E-06 
6.241128E+00, 4.901062E-05 
3.374998E+00, 2.688609E-04 
9.370649E-01, 5.650586E-04 
3.362791E+00, 3.073064E-04 
8.616612E+00, 8.169158E-06 
7.806571E+00, 1.999124E-05 
5.288031E+00, 9.009707E-05 
1.010000E+01, 7.561104E-07 
2.590778E+00, 2.322239E-04 
4.994777E+00, 7.534682E-05 
8.249691E+00, 8.616854E-06 
1.252159E+00, 6.346888E-04 
8.053047E+00, 1.408996E-05 
6.723251E+00, 4.601564E-05 
5.711542E+00, 5.130375E-05 
8.518648E+00, 7.889493E-06 
3.451001E-01, 6.107041E-04 
4.306009E+00, 1.312895E-04 
5.167636E+00, 9.770617E-05 
3.054800E+00, 1.926067E-04 
1.005725E+01, 1.867558E-06 
6.394967E+00, 6.518797E-05 
9.199571E+00, 2.220466E-06 
2.656726E+00, 4.079948E-04 
9.726539E+00, 1.304686E-06 
3.783205E-01, 6.456250E-04 
6.620259E+00, 5.519082E-05 
9.269000E+00, 3.459011E-06 
6.242203E+00, 6.055810E-05 
2.082951E+00, 4.160492E-04 
1.484381E+00, 5.335917E-04 
9.848074E-01, 1.716742E-04 
5.102176E+00, 8.730544E-05 
8.458132E+00, 4.553349E-06 
6.855192E+00, 3.602866E-05 
6.015867E+00, 5.435015E-05 
5.969982E+00, 1.041281E-04 
5.050208E+00, 1.573975E-04 
3.076997E+00, 2.343314E-04 
8.968939E+00, 4.466267E-06 
3.966095E+00, 1.452113E-04 
-2.889453E-02, 7.224194E-03 
2.286569E+00, 2.757226E-04 
6.035430E+00, 8.058195E-05 
4.441064E+00, 1.215619E-04 
6.812068E+00, 6.872119E-05 
5.397511E+00, 9.580417E-05 
9.410187E+00, 1.543929E-06 
6.865743E+00, 3.787837E-05 
5.706803E+00, 6.020549E-05 
9.738156E+00, 1.314836E-06 
9.729448E+00, 1.122049E-06 
5.172001E-01, 4.324284E-04 
9.399896E+00, 4.497767E-06 
8.893103E+00, 4.665907E-06 
8.757080E+00, 5.412737E-06 
8.736092E+00, 7.057152E-06 
3.618692E+00, 1.949554E-04 
9.463474E+00, 3.881315E-06 
1.077122E+01, 8.944716E-07 
9.998519E+00, 6.774662E-07 
2.083365E+00, 5.209138E-04 
8.977219E+00, 4.466267E-06 
5.985384E-01, 8.482756E-04 
1.505430E+00, 3.909400E-04 
9.385806E+00, 5.464014E-06 
1.110067E-01, 5.925899E-04 
2.411767E+00, 3.371126E-04 
9.640352E+00, 4.025829E-06 
9.035824E+00, 2.988213E-06 
2.295372E+00, 2.367542E-05 
1.005902E+01, 5.949383E-06 
9.435447E+00, 4.431466E-06 
7.706192E+00, 2.484423E-05 
9.454464E+00, 3.366181E-06 
9.479443E+00, 2.906845E-06 
9.433739E+00, 1.289923E-06 
9.993847E+00, 1.196155E-06 
5.888853E-01, 6.643808E-04 
9.739541E+00, 5.232294E-07 
6.278397E-01, 6.277349E-04 
9.392184E+00, 2.263334E-06 
8.635572E+00, 5.592121E-06 
8.216152E+00, 1.460201E-05 
8.794131E+00, 1.022466E-05 
1.452071E+00, 2.915607E-04 
6.380077E+00, 4.845435E-05 
5.888460E+00, 4.722317E-05 
2.046162E+00, 4.044671E-04 
1.056600E+01, 8.786604E-07 
9.841384E+00, 1.106678E-06 
9.721129E+00, 9.495257E-07 
9.059246E+00, 3.188337E-06 
1.017893E+01, 4.246391E-07 
1.002083E+01, 5.973622E-07 
9.848204E+00, 1.145249E-06 
3.102660E-01, 5.987891E-04 
9.454399E-02, 9.028533E-04 
9.564405E+00, 2.428173E-06 
-1.156347E-01, 1.758837E-03 
-1.476904E-02, 1.667917E-03 
2.402433E-01, 1.667917E-03 
9.492983E+00, 1.304686E-06 
-2.034545E-01, 2.063416E-03 
3.017451E-01, 5.925899E-04 
2.993769E-01, 2.135165E-04 
5.517182E-02, 5.925899E-04 
-5.015998E-02, 5.925899E-04 
8.708386E-02, 3.582636E-04 
9.012377E+00, 7.874279E-06 
3.541184E-01, 3.186115E-04 
1.055197E-01, 2.999708E-04 
9.816107E+00, 1.350812E-06 
7.847411E-01, 4.563611E-04 
2.260062E-01, 3.582636E-04 
8.622995E+00, 8.008437E-06 
3.640245E-02, 1.994501E-03 
1.281629E-01, 1.994501E-03 
1.433164E-01, 1.994501E-03 
-2.971243E-01, 1.585935E-03 
1.538839E-01, 1.994501E-03 
-9.048527E-02, 1.994501E-03 
-9.126092E-03, 1.994501E-03 
-5.107406E-02, 1.994501E-03 
-4.802451E-03, 1.758837E-03 
-7.371750E-02, 1.585935E-03 
3.825228E-03, 7.929674E-04 
1.120186E-01, 1.103347E-03 
-2.187335E-01, 2.063416E-03 
1.827563E-01, 4.729770E-04 
3.668919E-01, 3.802637E-04 
-8.606044E-02, 3.591676E-04 
1.502345E-01, 2.962950E-04 
1.043224E-01, 2.962950E-04 
1.314386E-01, 2.962950E-04 
6.175265E-02, 2.758368E-04 
6.611629E-02, 2.669952E-04 
6.490117E-01, 5.516736E-04 
5.367808E-01, 5.516736E-04 
4.909906E-01, 2.758368E-04 
4.143578E-01, 2.548618E-04 
4.986898E-01, 4.133477E-04 
7.181958E-01, 3.512425E-04 
5.823864E-01, 3.880727E-04 
2.081893E-01, 3.964837E-04 
7.316450E-01, 3.927743E-04 
8.502551E-01, 3.495213E-04 
8.639419E-01, 3.382534E-04 
8.442704E-01, 3.184061E-04 
7.723620E-01, 3.022539E-04 
7.106499E-01, 2.962950E-04 
8.778772E-01, 2.953123E-04 
1.022797E+00, 2.831944E-04 
9.268774E-01, 2.755446E-04 
4.921522E-01, 3.097020E-04 
9.180896E-01, 2.398543E-04 
8.093626E-01, 2.348822E-04 
1.397677E+00, 3.425802E-04 
1.579405E+00, 3.344586E-04 
1.516436E+00, 3.027485E-04 
1.613274E+00, 3.472892E-04 
5.234938E-01, 2.758368E-04 
3.244908E-01, 2.548618E-04 
1.913104E+00, 2.447948E-04 
2.009441E+00, 2.421849E-04 
1.712904E+00, 2.246443E-04 
1.763050E-01, 3.964837E-04 
1.746714E+00, 2.537388E-04 
1.955007E+00, 2.895375E-04 
1.910236E+00, 2.612187E-04 
1.817889E+00, 2.434314E-04 
1.856191E+00, 2.093734E-04 
2.243575E+00, 2.766751E-04 
2.206560E+00, 2.400411E-04 
2.421541E+00, 2.051627E-04 
2.699324E+00, 2.030751E-04 
2.643456E+00, 1.968596E-04 
2.577628E+00, 1.828648E-04 
2.524770E+00, 1.808691E-04 
2.548906E+00, 1.766731E-04 
2.778190E+00, 1.743432E-04 
2.487333E+00, 1.678425E-04 
3.001475E+00, 2.791781E-04 
2.906521E+00, 2.593230E-04 
2.889120E+00, 2.486784E-04 
2.930302E+00, 1.821732E-04 
3.278748E+00, 1.765854E-04 
3.252010E+00, 1.604102E-04 
3.279183E+00, 1.588236E-04 
3.335191E+00, 2.639433E-04 
3.723643E+00, 2.555939E-04 
3.926922E+00, 1.871316E-04 
3.882781E+00, 1.820722E-04 
3.736675E+00, 1.595154E-04 
4.205576E+00, 1.487223E-04 
3.696373E+00, 1.459919E-04 
3.855922E+00, 1.490029E-04 
3.922468E+00, 1.432870E-04 
3.966997E+00, 1.079285E-04 
4.542596E+00, 1.074982E-04 
4.338690E+00, 1.094270E-04 
4.489495E+00, 1.050846E-04 
4.173338E+00, 9.226686E-05 
4.488204E+00, 9.029146E-05 
4.501470E+00, 8.647646E-05 
4.247695E+00, 8.566090E-05 
4.385731E+00, 1.228617E-04 
4.403098E+00, 1.223768E-04 
4.203010E+00, 1.186596E-04 
4.623556E+00, 1.176823E-04 
5.126382E+00, 1.338290E-04 
4.511754E+00, 9.815356E-05 
4.910592E+00, 1.102126E-04 
4.582190E+00, 1.090224E-04 
4.453934E+00, 1.028139E-04 
4.919558E+00, 1.157635E-04 
4.592276E+00, 9.361206E-05 
4.640679E+00, 1.058790E-04 
4.719628E+00, 9.420860E-05 
5.073110E+00, 9.194594E-05 
4.778651E+00, 9.152142E-05 
4.759181E+00, 8.717127E-05 
5.065566E+00, 9.144138E-05 
5.214083E+00, 9.616640E-05 
5.016612E+00, 8.039008E-05 
4.892848E+00, 7.532035E-05 
4.992732E+00, 7.180405E-05 
5.180392E+00, 6.467791E-05 
5.354322E+00, 6.320317E-05 
5.207578E+00, 6.025023E-05 
5.573520E+00, 7.595907E-05 
5.126993E+00, 7.284646E-05 
5.513965E+00, 6.199062E-05 
5.549087E+00, 5.248800E-05 
5.939327E+00, 5.018139E-05 
5.865951E+00, 4.514165E-05 
5.929850E+00, 3.691624E-05 
6.015772E+00, 3.328985E-05 
5.863201E+00, 3.319775E-05 
5.889204E+00, 3.285983E-05 
6.274114E+00, 3.220730E-05 
5.835391E+00, 3.248584E-05 
5.791367E+00, 4.298741E-05 
5.763896E+00, 3.218939E-05 
5.961850E+00, 3.121421E-05 
6.001358E+00, 4.648855E-05 
6.347314E+00, 4.623037E-05 
6.238453E+00, 4.072527E-05 
6.055852E+00, 4.033800E-05 
6.072138E+00, 4.371662E-05 
6.211343E+00, 3.946059E-05 
6.189975E+00, 3.909163E-05 
6.097227E+00, 3.560969E-05 
6.633898E+00, 3.636271E-05 
6.426187E+00, 2.947637E-05 
6.866807E+00, 2.805584E-05 
6.993340E+00, 2.369352E-05 
7.279373E+00, 2.690712E-05 
6.946945E+00, 2.673109E-05 
4.056623E+00, 2.552510E-05 
3.863652E+00, 2.552510E-05 
4.209316E+00, 2.552510E-05 
3.764964E+00, 2.552510E-05 
6.923230E+00, 2.459055E-05 
7.121843E+00, 2.153852E-05 
7.056587E+00, 2.759962E-05 
7.308098E+00, 2.397427E-05 
7.275062E+00, 2.308135E-05 
7.388230E+00, 1.849865E-05 
7.465830E+00, 1.823151E-05 
7.412248E+00, 1.768369E-05 
7.303401E+00, 1.723279E-05 
7.521717E+00, 1.774453E-05 
7.465270E+00, 1.687020E-05 
7.458401E+00, 1.641159E-05 
7.185474E+00, 1.520345E-05 
7.377108E+00, 2.038189E-05 
7.353406E+00, 1.706710E-05 
7.526588E+00, 1.507481E-05 
7.310255E+00, 1.540601E-05 
7.796628E+00, 1.920453E-05 
7.863838E+00, 1.611140E-05 
7.738238E+00, 1.471485E-05 
7.414824E+00, 1.400859E-05 
7.618814E+00, 1.272105E-05 
7.335861E+00, 1.787556E-05 
7.810161E+00, 2.124558E-05 
7.933032E+00, 1.343206E-05 
8.211305E+00, 1.420360E-05 
8.169099E+00, 7.389946E-06 
8.402843E+00, 6.970220E-06 
8.406051E+00, 6.553591E-06 
8.618126E+00, 5.910851E-06 
8.380492E+00, 5.880955E-06 
8.404909E+00, 6.220381E-06 
8.324304E+00, 5.733630E-06 
8.418623E+00, 7.006476E-06 
8.068640E+00, 6.095124E-06 
8.514806E+00, 8.850850E-06 
8.531415E+00, 7.915066E-06 
8.577806E+00, 7.386872E-06 
8.617436E+00, 6.161620E-06 
8.729796E+00, 5.765454E-06 
8.513344E+00, 5.556444E-06 
8.688853E+00, 4.425425E-06 
8.712330E+00, 3.739199E-06 
8.951118E+00, 3.458766E-06 
8.983793E+00, 3.437020E-06 
8.953989E+00, 3.141967E-06 
8.906735E+00, 3.318694E-06 
8.879968E+00, 3.196940E-06 
9.135757E+00, 3.196170E-06 
9.140774E+00, 2.996567E-06 
9.293724E+00, 2.828644E-06 
9.212407E+00, 2.810457E-06 
9.025995E+00, 2.771663E-06 
9.058528E+00, 2.698143E-06 
9.242213E+00, 5.457078E-06 
9.591243E+00, 2.219420E-06 
8.881224E-01, 3.084735E-05 
8.048890E-01, 3.084735E-05 
9.822949E-01, 6.169471E-05 
9.021893E-01, 6.169471E-05 
9.953216E-01, 3.084735E-05 
9.480656E-01, 3.084735E-05 
9.839282E+00, 1.238654E-06 
9.544546E+00, 1.101198E-06 
9.816728E+00, 1.079918E-06 
9.564057E+00, 1.070906E-06 
9.397682E+00, 7.766556E-07 
9.685439E+00, 9.985200E-07 
9.794322E+00, 8.355488E-07 
9.790336E+00, 7.614898E-07 
9.928863E+00, 7.438480E-07 
9.846859E+00, 8.036339E-07 
1.019243E+00, 4.291854E-05 
1.336192E+00, 8.583708E-05 
1.259804E+00, 4.291854E-05 
4.200211E-01, 2.078522E-04 
4.546901E-01, 2.078522E-04 
9.879610E+00, 1.734434E-06 
9.923393E+00, 1.185358E-06 
