5.313747E+00, 4.842871E-05 
1.116831E+01, 1.288490E-06 
-8.105721E-01, 1.720090E-02 
5.232545E+00, 7.017943E-05 
6.298160E-01, 2.157185E-04 
3.111777E+00, 1.924363E-04 
2.127510E+00, 5.644165E-04 
2.402884E-01, 3.250323E-04 
4.169988E+00, 1.564245E-04 
8.536369E+00, 5.534728E-06 
8.660295E+00, 9.946501E-06 
6.462082E+00, 5.086405E-05 
3.204143E+00, 2.367411E-04 
1.434638E+00, 3.375379E-04 
2.509746E+00, 3.099599E-04 
6.350852E+00, 1.799787E-05 
6.144329E+00, 5.689785E-05 
2.323646E+00, 2.035539E-04 
7.873453E+00, 1.533921E-05 
1.764026E+00, 3.637575E-04 
1.122415E+00, 3.535504E-04 
9.228047E-01, 3.389291E-04 
3.382516E+00, 1.560615E-04 
5.525960E+00, 4.810208E-05 
1.977692E+00, 4.438907E-04 
8.433008E+00, 1.134537E-05 
2.580301E-02, 4.589849E-04 
5.788929E+00, 9.115126E-05 
9.318257E+00, 3.249598E-06 
8.687348E+00, 4.835902E-06 
3.771141E+00, 1.560706E-04 
4.836540E+00, 1.105154E-04 
8.777557E+00, 7.372323E-06 
7.566686E+00, 1.822972E-05 
1.527275E+00, 2.468639E-04 
1.434352E+00, 4.934455E-04 
5.143797E+00, 7.490916E-05 
4.645159E+00, 1.486070E-04 
9.345659E-01, 2.822113E-04 
9.597310E+00, 3.485031E-06 
8.250578E+00, 1.121642E-05 
5.422021E+00, 9.547973E-05 
2.083639E+00, 4.358415E-04 
6.493076E-01, 2.668339E-04 
3.539121E+00, 2.115410E-04 
1.001429E+01, 6.627607E-07 
6.377054E+00, 5.378761E-05 
7.757110E+00, 2.243877E-05 
7.578139E+00, 6.923137E-06 
5.073712E+00, 7.804088E-05 
2.863268E+00, 1.447757E-04 
4.056307E+00, 2.578961E-04 
9.218935E+00, 2.701487E-06 
9.046765E+00, 2.244657E-06 
9.533429E+00, 2.632346E-06 
3.141491E+00, 2.037605E-04 
4.691583E+00, 2.103163E-04 
1.937076E+00, 5.486631E-04 
2.457565E+00, 3.207355E-04 
3.768384E+00, 2.471982E-04 
2.589764E+00, 2.321610E-04 
9.895305E-02, 2.830777E-04 
7.786821E+00, 1.536074E-05 
5.333187E+00, 7.588929E-05 
8.030379E+00, 1.341933E-05 
4.602815E+00, 9.076242E-05 
5.444438E+00, 9.611381E-05 
5.900691E+00, 6.005273E-05 
8.686164E+00, 6.387841E-06 
5.899079E-01, 2.915154E-05 
6.770719E+00, 2.640042E-05 
7.664665E+00, 1.396092E-05 
6.458586E+00, 5.799202E-05 
7.053896E+00, 3.717596E-05 
5.823465E+00, 4.928478E-05 
3.206826E+00, 2.172008E-04 
6.036712E+00, 5.797628E-05 
1.103288E+00, 4.653602E-04 
3.703008E+00, 2.736555E-04 
1.914860E+00, 5.132616E-04 
9.819790E+00, 9.536889E-07 
-4.726389E-01, 1.145054E-02 
1.298468E+00, 2.357782E-04 
7.726950E-01, 4.051940E-04 
4.965019E+00, 1.300626E-04 
7.176007E+00, 2.644170E-05 
3.855408E+00, 1.238465E-04 
6.949645E+00, 5.111360E-05 
9.894189E+00, 9.285554E-07 
6.225346E+00, 4.728405E-05 
3.530190E+00, 2.576003E-04 
2.990172E+00, 1.653031E-04 
3.965186E+00, 2.355152E-04 
2.899653E+00, 3.488125E-04 
9.392848E+00, 2.418017E-06 
7.537264E+00, 1.425298E-05 
9.926465E+00, 6.618555E-07 
6.111234E+00, 4.191396E-05 
1.566488E+00, 3.350921E-04 
4.625068E+00, 1.362646E-04 
7.585908E+00, 1.874510E-05 
7.651502E+00, 1.886263E-05 
8.703571E+00, 4.305965E-06 
4.250156E+00, 1.692908E-04 
5.950177E+00, 6.936940E-05 
3.078185E+00, 2.758572E-04 
7.798167E+00, 1.065648E-05 
5.982946E+00, 5.758161E-05 
1.726099E+00, 3.615401E-04 
1.755777E+00, 2.187864E-04 
5.696414E-01, 1.817423E-05 
2.234681E+00, 2.660916E-04 
1.872600E+00, 4.459623E-04 
5.652293E-01, 4.675635E-04 
1.523788E+00, 2.814173E-04 
3.538529E+00, 1.327900E-04 
2.798709E+00, 2.789209E-04 
3.357179E+00, 1.996858E-04 
7.699612E+00, 2.267495E-05 
5.171954E+00, 8.869984E-05 
2.791113E-01, 2.322557E-04 
7.559974E+00, 1.733189E-05 
3.761220E+00, 1.836399E-04 
9.842780E+00, 1.585701E-06 
7.131881E+00, 3.910742E-05 
3.344319E+00, 3.736200E-04 
3.803610E+00, 1.151873E-04 
5.548586E+00, 1.211284E-04 
8.896525E+00, 4.623768E-06 
8.004926E+00, 9.561408E-06 
4.459247E+00, 1.050626E-04 
2.157890E+00, 3.500899E-04 
8.888156E+00, 4.305965E-06 
5.463732E+00, 6.835136E-05 
4.160963E+00, 2.366324E-04 
8.907940E+00, 8.468261E-06 
5.722481E+00, 5.193405E-05 
2.608024E+00, 2.032239E-04 
6.077603E+00, 5.056040E-05 
9.768572E+00, 1.241854E-06 
3.249361E+00, 1.330922E-04 
2.854607E+00, 2.551024E-04 
6.148524E+00, 2.494442E-05 
7.306294E+00, 2.474242E-05 
3.311965E-01, 5.815755E-04 
6.324229E+00, 6.330023E-05 
8.259959E+00, 1.491817E-05 
8.461094E+00, 8.617626E-06 
8.525669E+00, 4.995679E-06 
1.376566E+00, 2.447162E-04 
1.927500E+00, 4.196424E-04 
9.617109E+00, 2.231466E-06 
4.559228E+00, 1.265058E-04 
3.465294E+00, 2.512520E-04 
7.510821E+00, 1.642327E-05 
8.681959E+00, 6.334663E-06 
6.609867E+00, 2.650972E-05 
2.628517E+00, 2.880357E-04 
2.947583E+00, 3.857709E-04 
7.452881E+00, 2.247194E-05 
9.108171E+00, 3.190431E-06 
7.444280E+00, 3.918810E-05 
2.571481E+00, 1.620203E-04 
1.313194E-01, 2.732180E-04 
3.406718E+00, 1.890010E-04 
3.598035E+00, 1.681147E-04 
8.763357E+00, 8.070476E-06 
8.050923E+00, 1.622116E-05 
9.369902E+00, 2.165986E-06 
2.807071E+00, 3.031538E-04 
8.786141E+00, 5.625861E-06 
1.120284E+00, 3.661220E-04 
7.547070E+00, 1.826374E-05 
4.559445E+00, 1.000933E-04 
9.160674E+00, 3.844819E-06 
5.715942E+00, 8.499721E-05 
1.002457E+01, 8.703918E-07 
3.071483E+00, 1.659917E-04 
4.507421E+00, 1.153474E-04 
4.877105E+00, 8.932568E-05 
7.860834E+00, 1.027350E-05 
6.023445E+00, 4.910535E-05 
1.929153E+00, 5.117756E-04 
7.589147E+00, 1.685190E-05 
6.329830E+00, 5.979187E-05 
9.018077E+00, 2.686322E-06 
7.154268E+00, 3.350548E-05 
4.646298E+00, 1.000719E-04 
5.780052E+00, 6.510577E-05 
2.455044E+00, 2.994304E-04 
5.055103E+00, 7.515323E-05 
8.765558E+00, 2.192372E-06 
4.520634E+00, 1.789143E-04 
6.508482E+00, 3.011043E-05 
1.022905E+01, 1.229602E-06 
1.883967E+00, 3.139633E-04 
5.891130E+00, 5.546158E-05 
6.605925E+00, 3.330376E-05 
7.736234E+00, 1.822972E-05 
6.784245E+00, 4.720383E-05 
7.818012E+00, 1.432645E-05 
3.130375E-01, 1.650971E-04 
7.418240E+00, 1.635909E-05 
1.751459E+00, 3.596584E-04 
1.172945E+00, 5.473787E-04 
2.050479E+00, 2.697097E-04 
6.034337E+00, 9.899664E-05 
1.275737E+00, 2.585278E-04 
1.254866E+00, 3.046053E-04 
8.088936E+00, 1.199601E-05 
4.786414E+00, 1.570747E-04 
5.751433E+00, 4.553007E-05 
6.037614E+00, 5.779141E-05 
7.537842E-01, 5.139645E-04 
9.628202E+00, 1.585122E-06 
7.023801E+00, 2.556066E-05 
9.942536E+00, 6.332627E-07 
5.206880E-01, 6.979504E-04 
6.968204E+00, 3.047253E-05 
1.751432E+00, 3.771250E-04 
9.670891E+00, 3.847524E-06 
7.496223E+00, 1.693093E-05 
2.624520E+00, 2.895824E-04 
5.990638E+00, 5.887507E-05 
6.585133E+00, 3.351544E-05 
8.788714E+00, 3.490643E-06 
2.662573E+00, 2.132047E-04 
9.578619E+00, 2.727611E-06 
1.934090E+00, 3.515290E-04 
1.232188E+00, 5.356587E-04 
5.824621E+00, 6.804067E-05 
7.262957E+00, 1.522599E-05 
8.631625E+00, 9.247537E-06 
9.200136E+00, 3.856772E-06 
7.852350E+00, 1.894968E-05 
4.492874E+00, 1.433031E-04 
1.852903E+00, 3.465011E-04 
3.804897E+00, 1.378007E-04 
7.405293E+00, 2.024026E-05 
2.285671E+00, 1.751772E-04 
5.239977E+00, 8.596344E-05 
2.078804E-01, 1.430912E-04 
3.804262E+00, 3.270172E-04 
1.663179E+00, 3.705658E-04 
8.583394E+00, 5.419028E-06 
8.019342E+00, 6.236556E-06 
9.220596E+00, 5.438855E-06 
2.914616E+00, 3.082189E-04 
9.547256E+00, 2.118219E-06 
8.682587E+00, 6.115709E-06 
4.194919E-02, 2.433806E-04 
2.666403E+00, 2.886486E-04 
9.581308E-01, 3.024960E-04 
8.641436E+00, 8.632617E-06 
5.470543E-01, 3.466537E-04 
1.081230E+01, 7.472068E-07 
4.100799E+00, 1.206260E-04 
9.186041E+00, 2.824984E-06 
2.023746E+00, 2.787184E-04 
1.015931E+01, 9.361754E-07 
6.385210E+00, 3.464483E-05 
1.880986E+00, 2.930880E-04 
9.836340E+00, 8.700911E-07 
7.066031E+00, 4.351498E-05 
4.235120E+00, 9.634586E-05 
6.252982E+00, 7.080984E-05 
1.028451E+00, 4.529060E-04 
7.478991E+00, 9.487885E-06 
9.254365E+00, 4.040332E-06 
1.039511E+00, 2.671613E-04 
7.408864E+00, 2.381320E-05 
-2.272610E-02, 4.725604E-04 
5.703210E+00, 6.168972E-05 
7.237978E+00, 4.522755E-05 
3.640414E+00, 2.287258E-04 
7.118019E+00, 3.237501E-05 
3.616405E+00, 2.062854E-04 
4.008627E+00, 1.264504E-04 
1.460693E+00, 2.640286E-04 
6.797529E+00, 3.449235E-05 
8.803122E+00, 5.625861E-06 
4.337060E+00, 1.075270E-04 
7.311133E+00, 2.482151E-05 
6.854188E+00, 3.456313E-05 
5.677007E+00, 4.692640E-05 
7.568006E+00, 2.550608E-05 
6.728806E+00, 3.563129E-05 
3.129948E+00, 4.188813E-04 
1.721323E+00, 2.640964E-04 
4.713441E+00, 7.345948E-05 
3.411740E+00, 2.509720E-04 
2.903272E+00, 2.237418E-04 
6.852502E+00, 2.601992E-05 
3.989160E+00, 1.398814E-04 
5.274534E+00, 5.715940E-05 
1.052848E+01, 1.512405E-06 
9.172636E+00, 4.772408E-06 
1.425141E+00, 2.624279E-04 
5.139651E+00, 1.130632E-04 
1.071256E+00, 5.146399E-04 
4.796891E+00, 1.671071E-04 
4.568158E+00, 1.537962E-04 
6.975684E+00, 2.596366E-05 
1.002606E+01, 1.024996E-06 
5.876177E-01, 2.463752E-04 
2.221765E+00, 4.687938E-04 
7.554233E+00, 2.065115E-05 
7.306924E+00, 3.172927E-05 
6.518349E+00, 4.299295E-05 
1.079688E+00, 2.323017E-04 
8.773517E+00, 5.729005E-06 
5.916527E+00, 8.006176E-05 
4.617487E+00, 1.281344E-04 
5.134583E+00, 9.977971E-05 
7.808930E+00, 2.968974E-05 
6.739062E+00, 3.498464E-05 
8.370915E+00, 9.889159E-06 
5.656181E+00, 5.403196E-05 
4.944452E-01, 2.019649E-04 
9.387883E-01, 2.981587E-04 
1.091192E+00, 3.350921E-04 
8.233531E+00, 1.320343E-05 
1.582659E+00, 1.463806E-04 
1.198908E+00, 4.013645E-04 
4.310736E+00, 8.968900E-05 
8.716181E+00, 6.011798E-06 
5.585481E+00, 4.932213E-05 
8.716965E+00, 5.457628E-06 
4.983846E+00, 1.026548E-04 
7.756120E+00, 1.652836E-05 
6.225545E+00, 4.948527E-05 
9.644395E+00, 6.627607E-07 
1.006899E+01, 6.384243E-07 
9.155021E+00, 1.791967E-06 
6.693218E+00, 5.929861E-05 
1.037630E+01, 7.270848E-07 
3.418721E+00, 2.912994E-04 
2.871805E+00, 2.045931E-04 
1.352583E+00, 4.032857E-04 
7.503834E+00, 2.778175E-05 
4.193548E+00, 1.786622E-04 
1.014994E+01, 8.314837E-07 
9.755271E+00, 1.123240E-06 
3.200908E+00, 1.673286E-04 
6.404094E+00, 4.052364E-05 
8.909212E+00, 4.083070E-06 
6.105395E+00, 1.940532E-05 
8.969296E+00, 3.425095E-06 
1.744655E+00, 4.495662E-04 
3.934435E+00, 1.676957E-04 
5.544536E+00, 9.999851E-05 
4.764450E-01, 2.861824E-04 
5.023886E+00, 8.111508E-05 
1.064330E+00, 4.529114E-04 
9.082398E+00, 6.344716E-06 
5.205994E-01, 2.482800E-04 
7.478302E+00, 2.682902E-05 
9.672490E+00, 3.312489E-06 
4.574521E+00, 1.293198E-04 
3.062526E+00, 2.123883E-04 
2.558015E+00, 9.396370E-06 
9.455043E+00, 3.314433E-06 
8.054625E+00, 1.366413E-05 
3.535744E+00, 2.287545E-04 
9.413803E+00, 2.457960E-06 
6.244376E+00, 4.322990E-05 
5.672885E+00, 4.958935E-05 
2.012426E+00, 4.487063E-04 
8.383935E+00, 9.671803E-06 
1.336816E+00, 3.853973E-04 
6.557465E+00, 2.686231E-05 
5.968558E+00, 8.392401E-05 
7.983734E+00, 1.135492E-05 
1.907536E+00, 3.954254E-04 
2.961826E+00, 2.649486E-04 
7.182095E-01, 2.407817E-04 
4.538574E+00, 1.148028E-04 
1.371898E+00, 3.564478E-04 
3.548890E+00, 2.343755E-04 
6.475717E+00, 5.641082E-05 
6.036825E+00, 5.114019E-05 
9.557633E+00, 1.854868E-06 
4.549710E+00, 1.189138E-04 
1.789512E+00, 3.120802E-04 
9.686609E+00, 2.761123E-06 
6.615121E+00, 4.405831E-05 
1.079174E+00, 1.974059E-04 
6.622416E+00, 3.182714E-05 
2.075411E+00, 3.527374E-04 
8.197997E+00, 1.333408E-05 
1.132445E+01, 7.268856E-07 
4.416579E+00, 1.043646E-04 
3.173251E+00, 3.455430E-04 
2.052531E+00, 6.108892E-04 
8.302501E+00, 9.424180E-06 
3.076203E+00, 3.553164E-04 
1.597653E+00, 3.332029E-04 
9.036676E+00, 3.188047E-06 
7.174053E+00, 2.332447E-05 
4.256969E-01, 2.987206E-04 
6.966257E+00, 2.080589E-05 
4.643645E+00, 7.749112E-05 
4.246082E+00, 1.846746E-04 
9.680231E+00, 1.325521E-06 
6.931898E-01, 4.428529E-04 
7.765960E+00, 1.710018E-05 
3.013937E+00, 2.522162E-04 
3.277061E+00, 2.689115E-04 
4.701505E+00, 1.634862E-04 
8.042934E+00, 8.500844E-06 
8.451116E+00, 1.072544E-05 
6.966833E+00, 3.201112E-05 
7.474811E+00, 1.378498E-05 
3.948339E+00, 1.125490E-04 
4.012295E+00, 1.048702E-04 
8.323817E+00, 1.313168E-05 
1.519355E+00, 3.389291E-04 
1.047496E+01, 1.001903E-06 
-2.187022E-01, 2.323962E-04 
9.088153E-01, 4.763383E-04 
4.078522E+00, 1.642995E-04 
8.536985E+00, 1.213505E-05 
6.696520E+00, 5.238302E-05 
3.163043E+00, 2.490642E-04 
4.950299E+00, 1.537303E-04 
2.011336E+00, 4.051862E-04 
6.340707E+00, 3.662346E-05 
9.451971E+00, 2.077536E-06 
9.978915E+00, 1.390584E-06 
9.245732E+00, 2.471317E-06 
8.286757E+00, 1.047694E-05 
3.001459E+00, 1.608360E-04 
7.975395E+00, 8.347529E-06 
2.926206E+00, 1.783954E-04 
7.045769E+00, 4.542978E-05 
8.068294E+00, 5.707181E-06 
1.899535E+00, 3.482115E-04 
1.072324E+00, 4.447916E-04 
4.943904E-01, 1.805022E-04 
4.887319E+00, 9.711796E-05 
7.208739E+00, 2.949852E-05 
1.009900E+01, 5.028844E-07 
8.633815E+00, 9.441826E-06 
4.535378E+00, 1.348357E-04 
9.078762E+00, 4.202744E-06 
6.717513E+00, 5.877268E-05 
5.455041E+00, 7.264232E-05 
4.773095E+00, 1.753841E-04 
6.362413E+00, 6.119887E-05 
2.830566E+00, 3.758548E-05 
3.939363E+00, 1.215272E-04 
7.143173E+00, 2.232074E-05 
2.111784E+00, 2.973904E-04 
7.610422E+00, 1.015752E-05 
3.075360E+00, 3.305514E-04 
1.926833E+00, 4.692008E-04 
8.958811E+00, 4.072204E-06 
2.493231E+00, 5.926308E-04 
5.810763E+00, 6.648276E-05 
1.050198E+01, 1.500541E-06 
1.034799E+01, 1.029823E-06 
7.817165E+00, 1.838298E-05 
3.029769E+00, 2.458904E-04 
1.253177E+00, 3.853973E-04 
2.388594E-01, 2.215685E-04 
2.562920E+00, 2.794843E-04 
2.612838E+00, 2.315579E-04 
4.805707E+00, 1.129571E-04 
9.737857E+00, 9.540392E-07 
8.119082E-01, 2.913689E-04 
3.952554E+00, 9.375003E-05 
3.844558E+00, 1.869466E-04 
3.348980E+00, 1.594760E-04 
5.877074E+00, 7.382097E-05 
2.265611E+00, 2.102884E-04 
6.368263E+00, 5.540645E-05 
7.742830E+00, 1.602768E-05 
5.064688E+00, 6.519301E-05 
2.739480E+00, 2.004791E-04 
-6.131692E-02, 6.227845E-03 
7.090859E+00, 2.225073E-05 
4.085191E+00, 1.601435E-04 
3.475545E+00, 4.198924E-04 
8.005776E+00, 1.156958E-05 
6.041532E+00, 6.666498E-05 
1.046455E+01, 1.419779E-06 
5.924065E+00, 5.610127E-05 
8.749278E+00, 4.942633E-06 
2.174747E+00, 3.829855E-04 
7.689977E-01, 2.647811E-04 
9.078975E-01, 2.532723E-04 
5.992527E+00, 4.766410E-05 
1.308969E+00, 3.426826E-04 
6.506819E+00, 4.766891E-05 
2.747461E+00, 3.278993E-04 
4.531184E+00, 8.610758E-05 
6.119989E+00, 6.103045E-05 
8.665547E+00, 9.413235E-06 
6.899311E-01, 3.220795E-04 
1.406158E+00, 3.028626E-04 
4.247348E+00, 1.331492E-04 
1.237596E+00, 3.525735E-04 
6.724437E+00, 3.886613E-05 
4.184784E-01, 2.861824E-04 
-1.672983E-02, 1.568812E-02 
6.897067E+00, 4.847777E-05 
3.694409E+00, 2.505915E-04 
6.524132E+00, 4.200731E-05 
2.266537E+00, 2.723504E-04 
1.345918E+00, 3.261984E-04 
3.041450E+00, 2.499563E-04 
3.898218E+00, 1.455143E-04 
5.300335E+00, 7.741686E-05 
1.666473E+00, 3.213316E-04 
4.093678E+00, 1.528104E-04 
9.669872E-01, 2.859900E-04 
2.499111E+00, 1.891752E-04 
6.490971E+00, 1.591357E-05 
7.435531E+00, 1.993663E-05 
7.126914E+00, 4.053453E-05 
6.365092E+00, 3.070960E-05 
4.413781E+00, 1.645179E-04 
1.108584E+01, 1.134294E-06 
4.247093E+00, 8.886700E-05 
5.278972E+00, 1.076154E-04 
5.899648E+00, 1.072667E-04 
6.252260E+00, 4.264961E-05 
2.992610E+00, 2.917548E-04 
7.816823E+00, 1.557214E-05 
2.744795E+00, 1.785581E-04 
5.313537E+00, 5.332421E-05 
4.009268E-01, 1.453939E-04 
7.047956E+00, 3.887283E-05 
4.926340E+00, 8.389056E-05 
7.810302E+00, 2.115767E-05 
9.774804E+00, 1.082993E-06 
5.075647E+00, 6.449817E-05 
8.358664E+00, 8.070096E-06 
9.296782E+00, 5.332641E-06 
5.334343E+00, 9.524911E-05 
1.140268E+00, 3.432668E-04 
2.141048E+00, 6.528930E-04 
5.737129E+00, 4.352320E-05 
3.315810E+00, 3.141816E-04 
6.945301E+00, 2.918740E-05 
5.695682E+00, 7.118416E-05 
9.319695E+00, 2.766869E-06 
2.546215E+00, 3.213296E-04 
1.247062E+00, 2.686621E-04 
7.719371E+00, 1.640576E-05 
4.507806E+00, 1.218236E-04 
3.186442E+00, 2.062223E-04 
2.475982E+00, 4.102886E-04 
5.714609E+00, 1.424393E-04 
9.791660E+00, 2.118219E-06 
2.834619E+00, 2.362281E-04 
2.827770E+00, 2.301436E-04 
6.503337E+00, 4.122354E-05 
5.413901E+00, 7.341448E-05 
9.781367E+00, 1.318215E-06 
7.277268E+00, 2.085268E-05 
6.888461E+00, 2.780372E-05 
6.334171E+00, 3.418353E-05 
9.015430E+00, 3.641757E-06 
7.840228E-01, 1.919419E-04 
3.953691E+00, 1.466123E-04 
2.582457E+00, 3.026164E-04 
6.291430E+00, 4.521792E-05 
5.688047E+00, 4.754921E-05 
6.244439E+00, 6.183138E-05 
2.616097E+00, 5.501040E-04 
5.866066E+00, 4.186286E-05 
3.108413E+00, 2.796709E-04 
9.082243E-01, 4.656395E-04 
5.359417E-01, 4.733513E-04 
9.888536E+00, 7.317860E-07 
7.515294E+00, 1.972275E-05 
1.022102E+00, 3.635778E-04 
9.321147E+00, 1.745321E-06 
6.746969E-01, 6.750147E-04 
8.230019E+00, 7.807421E-06 
1.056629E+01, 2.448694E-06 
8.032716E+00, 1.429433E-05 
3.892544E+00, 1.692207E-04 
8.125694E+00, 7.167082E-06 
7.050185E-01, 2.802249E-04 
9.528051E+00, 1.786099E-06 
3.334548E+00, 2.115173E-04 
7.366396E+00, 3.438388E-05 
2.732960E+00, 2.280865E-04 
1.586070E+00, 3.991759E-04 
8.863658E+00, 1.139285E-05 
1.343030E+00, 2.590217E-04 
7.038448E+00, 2.928383E-05 
5.843519E-01, 2.952281E-04 
6.522116E+00, 4.316847E-05 
9.646263E+00, 1.164548E-06 
8.037652E+00, 1.420267E-05 
9.723531E+00, 9.082417E-07 
3.343621E+00, 1.957601E-04 
4.496834E+00, 7.272109E-05 
2.629306E+00, 1.633990E-04 
3.178819E-01, 1.860615E-04 
7.155561E+00, 2.856554E-05 
3.091839E+00, 2.476837E-04 
1.251469E-01, 3.685962E-04 
2.485551E+00, 5.144450E-04 
1.481379E+00, 4.688183E-04 
6.334542E+00, 5.677593E-05 
9.589814E+00, 2.295106E-06 
5.023393E+00, 9.895144E-05 
1.039237E+01, 1.241854E-06 
6.180409E+00, 5.138719E-05 
2.398906E+00, 2.510595E-04 
4.838236E+00, 1.466875E-04 
4.976827E+00, 1.056706E-04 
5.760553E-03, 2.915531E-04 
6.192420E+00, 4.925899E-05 
8.397426E+00, 8.512492E-06 
2.326831E+00, 3.666594E-04 
1.986363E+00, 4.065518E-04 
3.766543E+00, 2.560415E-04 
4.287286E-01, 2.193782E-04 
8.569453E+00, 9.307897E-06 
6.429341E+00, 3.698837E-05 
2.612139E+00, 1.900710E-04 
4.897099E+00, 6.963380E-05 
3.595223E+00, 3.187153E-04 
9.626564E+00, 9.354438E-07 
5.777574E+00, 5.691736E-05 
-5.207980E-03, 3.069156E-04 
2.760965E+00, 2.652575E-04 
7.909628E+00, 1.117220E-05 
3.718440E+00, 2.119662E-04 
8.458558E+00, 6.043662E-06 
3.032554E+00, 2.682392E-04 
2.171347E+00, 4.406553E-04 
9.240028E+00, 2.594716E-06 
6.101904E-01, 1.918056E-04 
2.485069E+00, 3.259140E-04 
2.493675E+00, 2.713491E-04 
4.668025E+00, 2.048259E-04 
7.170561E+00, 4.225374E-05 
1.557971E+00, 2.742426E-04 
7.510168E+00, 1.160116E-05 
2.245995E+00, 3.564478E-04 
3.434637E+00, 1.673286E-04 
7.021375E+00, 3.207276E-05 
5.994179E+00, 6.216623E-05 
5.365127E+00, 9.594135E-05 
5.069295E+00, 1.042594E-04 
2.922921E+00, 2.286823E-04 
4.380402E+00, 1.737138E-04 
1.051194E+00, 5.170176E-04 
5.685151E+00, 4.868983E-05 
1.597647E+00, 3.405391E-04 
6.738281E+00, 5.297265E-05 
4.120453E+00, 1.152269E-04 
9.242070E+00, 3.190201E-06 
1.074730E+00, 3.630460E-04 
6.450913E+00, 3.172927E-05 
6.789864E-01, 2.394716E-04 
6.051929E+00, 3.798825E-05 
5.440916E+00, 8.088580E-05 
8.817057E+00, 7.138151E-06 
4.340347E+00, 1.367027E-04 
9.629942E+00, 2.343916E-06 
2.088438E+00, 2.588306E-04 
4.039432E+00, 1.345968E-04 
1.415862E+00, 4.245144E-04 
5.364337E+00, 8.938448E-05 
9.072409E+00, 3.129072E-06 
6.630013E+00, 4.515371E-05 
7.155763E+00, 4.151693E-05 
3.810153E+00, 1.905993E-04 
7.981213E+00, 7.846599E-06 
4.354935E+00, 1.414783E-04 
1.710128E+00, 2.655040E-04 
3.745498E+00, 9.342258E-05 
4.410131E+00, 1.515723E-04 
6.519881E+00, 6.053619E-05 
9.143697E+00, 9.322402E-06 
3.639944E+00, 1.786549E-04 
1.288332E+00, 5.149390E-04 
4.457063E+00, 1.244073E-04 
4.190050E+00, 1.027932E-04 
8.807061E+00, 4.631236E-06 
5.568594E-01, 3.363548E-04 
2.680428E+00, 2.501843E-04 
1.073087E+01, 1.036583E-06 
6.449931E+00, 3.868716E-05 
7.855343E+00, 1.120950E-05 
4.282966E+00, 8.933897E-05 
7.700928E+00, 5.412095E-06 
4.041830E+00, 1.803617E-04 
6.922457E+00, 5.114019E-05 
1.139175E+01, 2.102545E-06 
8.188198E+00, 1.324172E-05 
8.425671E+00, 6.855145E-06 
5.726143E-01, 3.327353E-04 
2.271246E+00, 2.979953E-04 
-1.366584E+00, 1.681956E-02 
2.648124E+00, 2.077289E-04 
7.326151E+00, 2.340716E-05 
3.307031E+00, 2.066158E-04 
8.859422E+00, 4.083070E-06 
4.971875E+00, 7.384642E-05 
8.491140E+00, 7.794162E-06 
1.087487E+00, 3.165646E-04 
3.957484E+00, 1.171877E-04 
5.167844E+00, 1.078152E-04 
9.678517E+00, 3.882884E-06 
5.259426E+00, 6.310841E-05 
7.319301E+00, 1.278050E-05 
7.023644E+00, 2.695629E-05 
8.406632E+00, 1.494069E-05 
9.635036E+00, 2.866317E-06 
1.003240E+01, 8.075953E-07 
2.645813E+00, 2.020285E-04 
8.197659E-01, 2.732180E-04 
8.565122E+00, 1.590419E-05 
2.177645E-01, 2.808711E-04 
4.248491E-01, 5.330671E-04 
5.466835E+00, 7.103833E-05 
7.798993E+00, 2.083505E-05 
6.811643E+00, 5.494773E-05 
1.590112E+00, 3.827349E-04 
8.593744E-01, 2.435985E-04 
8.831142E+00, 4.161401E-06 
6.860996E+00, 2.062034E-05 
1.451835E+00, 6.272615E-04 
1.161654E+00, 2.606636E-04 
8.959263E+00, 4.227323E-06 
8.457685E+00, 1.122111E-05 
9.768593E+00, 1.335876E-06 
7.062107E+00, 4.700615E-05 
4.695725E+00, 1.087005E-04 
5.026314E+00, 1.734500E-04 
9.543487E-01, 4.125084E-04 
7.547861E+00, 1.141436E-05 
5.342938E+00, 1.159534E-04 
1.007440E+01, 6.450996E-07 
8.758154E+00, 3.594082E-06 
3.625422E+00, 1.424750E-04 
1.738902E-01, 1.974059E-04 
9.689665E+00, 7.545177E-07 
4.037047E+00, 1.466123E-04 
2.159520E+00, 5.736562E-04 
4.204643E+00, 1.777959E-04 
2.668385E+00, 2.469732E-04 
7.343413E+00, 1.886867E-05 
7.570017E+00, 1.175310E-05 
5.172393E+00, 6.519301E-05 
3.461980E+00, 1.720187E-04 
6.582292E+00, 4.122354E-05 
8.005642E+00, 1.077781E-05 
5.609901E+00, 3.643310E-05 
4.959782E+00, 6.474678E-05 
7.348684E+00, 1.336937E-05 
4.262903E+00, 9.810671E-05 
9.027821E+00, 3.382434E-06 
4.026296E+00, 1.606134E-04 
8.863592E+00, 8.859003E-06 
5.985252E+00, 1.479436E-04 
3.193766E+00, 2.949545E-04 
1.112087E+00, 3.915585E-04 
9.360530E+00, 3.264039E-06 
5.555461E+00, 9.388207E-05 
5.016874E+00, 7.384098E-05 
5.762054E+00, 8.724305E-05 
1.476259E+00, 3.596584E-04 
9.290997E+00, 2.651043E-06 
6.272002E+00, 4.975154E-05 
1.727155E+00, 2.716106E-04 
8.712082E+00, 4.409245E-06 
8.357848E+00, 8.632617E-06 
8.711944E+00, 8.632617E-06 
6.840443E+00, 3.304024E-05 
8.693145E+00, 6.867115E-06 
3.268150E+00, 3.084960E-04 
9.231647E+00, 3.383297E-06 
3.458720E+00, 1.913285E-04 
7.927889E+00, 6.966656E-06 
4.246214E+00, 1.352597E-04 
7.695389E+00, 1.302636E-05 
4.569742E+00, 1.151873E-04 
8.424665E+00, 7.846599E-06 
9.776429E+00, 1.198972E-06 
6.694486E+00, 3.577684E-05 
6.962182E+00, 3.624845E-05 
3.459401E+00, 2.828013E-04 
9.224618E+00, 1.420147E-06 
8.645388E+00, 8.074121E-06 
8.973396E+00, 6.242585E-06 
1.017843E+01, 1.216595E-06 
8.459520E+00, 4.655400E-06 
7.849475E+00, 8.024922E-06 
8.526570E+00, 9.184394E-06 
1.576491E-01, 5.187722E-04 
4.802428E+00, 1.276447E-04 
1.049593E+01, 8.703933E-07 
2.745662E+00, 4.942716E-04 
9.758180E+00, 1.164548E-06 
8.653744E+00, 9.296806E-06 
4.930880E+00, 1.738540E-04 
1.947322E+00, 5.445890E-04 
7.019360E-02, 1.895398E-04 
4.029524E+00, 2.383831E-04 
6.771303E+00, 3.201112E-05 
6.492872E+00, 4.343624E-05 
4.204384E+00, 1.530891E-04 
2.841604E+00, 2.238155E-04 
1.454099E-01, 2.778350E-04 
3.464516E+00, 2.552043E-04 
-6.934467E-01, 1.555858E-02 
6.568831E-01, 2.032792E-04 
8.595214E+00, 6.802161E-06 
2.409924E+00, 3.850288E-04 
4.255165E+00, 1.191361E-04 
3.506911E+00, 2.696297E-04 
9.893757E+00, 1.378712E-06 
7.975217E-01, 5.676899E-04 
3.057236E-01, 1.894932E-04 
5.128682E+00, 1.228829E-04 
3.036551E+00, 2.926702E-04 
8.903701E+00, 3.964807E-06 
7.162358E+00, 2.780372E-05 
5.931931E+00, 6.520455E-05 
2.025812E+00, 3.079428E-04 
3.946979E+00, 2.398984E-04 
7.245925E-01, 5.058379E-04 
4.053314E+00, 1.907769E-04 
1.007044E+01, 8.705942E-07 
9.385144E-01, 3.146859E-04 
5.160250E+00, 1.118648E-04 
4.117288E+00, 1.949294E-04 
7.131222E+00, 2.893098E-05 
6.687014E+00, 5.112032E-05 
4.198449E+00, 1.947102E-04 
3.073357E+00, 2.929758E-04 
2.277219E+00, 3.432633E-04 
4.270083E-02, 2.423703E-04 
5.362814E+00, 9.991805E-05 
6.339321E+00, 3.353046E-05 
1.559190E+00, 3.358691E-04 
1.174618E+00, 4.384594E-04 
-9.110947E-02, 1.790563E-04 
3.034815E+00, 4.012723E-04 
1.016704E+01, 9.044450E-07 
1.029250E+01, 6.090417E-07 
4.238108E+00, 1.025794E-04 
1.356208E+00, 3.636919E-04 
2.064219E+00, 3.474269E-04 
-2.370706E+00, 1.652618E-02 
7.157574E+00, 3.665180E-05 
3.569466E+00, 3.609133E-04 
7.597694E-01, 2.397507E-04 
1.876360E+00, 3.437161E-04 
4.034451E+00, 1.741137E-04 
1.474802E+00, 3.146138E-04 
5.672562E+00, 6.432545E-05 
8.111018E+00, 1.494069E-05 
3.974487E+00, 1.513087E-04 
3.164278E+00, 1.589761E-04 
4.129125E+00, 1.269484E-04 
4.927438E+00, 1.085932E-04 
7.993873E+00, 9.991179E-06 
2.101741E+00, 2.847848E-04 
1.063887E+00, 4.916398E-04 
7.387572E+00, 2.480518E-05 
7.776394E+00, 2.685163E-05 
7.442011E-01, 5.009352E-04 
6.742504E+00, 2.532751E-05 
5.424761E+00, 7.662439E-05 
9.782760E+00, 8.278423E-07 
9.890991E+00, 1.294274E-06 
1.014810E+01, 8.196933E-07 
1.436877E-01, 4.150194E-04 
2.398970E+00, 2.832386E-04 
7.157506E+00, 3.161688E-05 
4.817504E-01, 2.813078E-04 
4.703664E+00, 1.171719E-04 
5.814191E-01, 3.497314E-04 
8.723137E+00, 7.454147E-06 
7.290798E+00, 3.126989E-05 
3.097004E+00, 2.049609E-04 
8.645020E+00, 6.858926E-06 
5.184872E+00, 6.531847E-05 
6.637614E+00, 1.761475E-05 
6.809690E+00, 5.135492E-05 
6.804623E+00, 5.657003E-05 
3.858796E+00, 1.110731E-04 
4.342167E+00, 1.494634E-04 
6.867729E+00, 2.309456E-05 
7.759271E+00, 1.447651E-05 
1.775289E+00, 4.730236E-04 
5.104562E+00, 6.037255E-05 
2.628635E+00, 2.436232E-04 
7.272045E+00, 2.141701E-05 
3.977606E+00, 1.035772E-04 
8.287806E+00, 7.952344E-06 
7.306019E+00, 1.551695E-05 
4.672362E+00, 1.328186E-04 
5.992345E+00, 8.634576E-05 
5.262774E+00, 8.777868E-05 
9.329453E+00, 3.424477E-06 
1.648851E+00, 3.292945E-04 
2.540445E+00, 4.973770E-04 
8.999690E+00, 3.453148E-06 
7.395815E-01, 2.196126E-04 
4.781354E-01, 2.741358E-04 
3.302273E+00, 2.676359E-04 
3.858305E+00, 1.618541E-04 
1.007819E+01, 6.419390E-07 
2.278240E+00, 2.933615E-04 
7.652383E-01, 3.028626E-04 
6.607805E+00, 1.926486E-05 
4.760258E+00, 1.129705E-04 
1.021556E+00, 2.299364E-04 
5.450358E-01, 1.851514E-04 
1.593612E+00, 4.380158E-04 
6.055564E+00, 7.379537E-05 
-7.011742E-02, 3.054001E-04 
3.934126E+00, 1.829839E-04 
1.005272E+01, 5.693009E-07 
3.671169E+00, 1.820430E-04 
5.357541E+00, 6.409102E-05 
6.484355E+00, 5.070976E-05 
1.004348E+01, 1.400289E-06 
7.226345E+00, 2.999042E-05 
9.718783E+00, 1.629890E-06 
3.247091E+00, 2.320009E-04 
4.541965E+00, 1.464053E-04 
7.972800E+00, 7.181447E-06 
2.590413E+00, 3.589880E-04 
9.558555E+00, 2.813423E-06 
5.642310E+00, 9.032638E-05 
4.915347E+00, 9.432343E-05 
4.534513E+00, 1.443642E-04 
8.367412E+00, 9.811485E-06 
4.769028E+00, 1.473462E-04 
5.173182E+00, 1.336286E-04 
5.953272E+00, 7.442162E-05 
5.859813E+00, 5.679223E-05 
9.115756E-01, 2.437542E-04 
9.143604E+00, 4.757495E-06 
1.624361E+00, 4.651137E-04 
3.277202E-01, 2.952281E-04 
9.428258E+00, 2.397945E-06 
7.369548E+00, 2.756392E-05 
9.656656E+00, 2.596460E-06 
1.908183E+00, 3.873737E-04 
5.878573E+00, 5.422592E-05 
8.426605E+00, 1.323991E-05 
5.895834E+00, 6.671756E-05 
5.259535E+00, 5.996735E-05 
2.450816E+00, 3.627489E-04 
4.757066E+00, 1.128382E-04 
9.070614E+00, 2.983911E-06 
7.058234E-02, 2.094747E-04 
5.047422E+00, 1.248717E-04 
8.816198E+00, 5.533739E-06 
3.655730E+00, 1.686552E-04 
9.441767E+00, 2.118219E-06 
9.516455E+00, 2.327700E-06 
-8.377250E-01, 1.532005E-02 
3.403709E+00, 2.688723E-04 
-2.967797E+00, 1.714670E-02 
7.672168E+00, 2.463655E-05 
2.412251E+00, 3.249736E-04 
1.038888E+01, 6.897408E-07 
8.545369E-01, 4.122196E-04 
3.722482E-01, 2.193782E-04 
5.672118E+00, 4.697475E-05 
3.183776E+00, 2.045646E-04 
6.050897E+00, 5.743294E-05 
2.815882E+00, 2.551024E-04 
3.771599E+00, 1.977426E-04 
8.656680E+00, 5.076135E-06 
3.907299E+00, 2.232550E-04 
9.664562E+00, 1.875723E-06 
3.600840E+00, 2.401063E-04 
5.176398E+00, 6.201094E-05 
8.456922E+00, 6.027450E-06 
6.614475E+00, 4.862544E-05 
4.768452E+00, 7.804088E-05 
4.388052E+00, 8.949516E-05 
4.219600E+00, 1.332039E-04 
2.911165E+00, 2.208607E-04 
2.312269E+00, 5.920098E-04 
7.283497E+00, 3.210039E-05 
5.201190E+00, 7.057636E-05 
8.867482E+00, 8.071815E-06 
6.226342E+00, 4.200731E-05 
2.395038E+00, 3.513221E-04 
8.561648E+00, 6.816520E-06 
1.862966E+00, 4.625182E-04 
5.454546E+00, 9.235174E-05 
7.590208E+00, 2.961075E-05 
3.562033E+00, 1.628641E-04 
3.785925E+00, 1.140646E-04 
5.829636E+00, 6.312794E-05 
1.007265E+01, 1.056840E-06 
4.302884E-01, 1.947582E-04 
4.073642E+00, 1.449799E-04 
5.213957E+00, 3.908543E-05 
9.941913E+00, 1.294274E-06 
3.281568E+00, 1.968287E-04 
3.312923E+00, 2.451372E-04 
5.505192E+00, 1.400753E-04 
6.990540E+00, 2.756392E-05 
6.538674E+00, 2.703359E-05 
5.682586E+00, 5.378761E-05 
1.519612E+00, 3.313028E-04 
6.731538E-01, 1.997388E-04 
7.559609E+00, 1.526629E-05 
7.330607E+00, 1.929681E-05 
7.641610E+00, 2.273365E-05 
8.319757E-01, 2.473730E-04 
7.442654E+00, 3.042661E-05 
1.474230E+00, 2.964525E-04 
3.054630E+00, 2.237418E-04 
2.268715E+00, 3.003133E-04 
2.707240E+00, 1.373625E-04 
1.087055E+01, 1.042653E-06 
4.959080E+00, 1.716033E-04 
6.092829E+00, 1.049100E-04 
5.062027E+00, 1.345968E-04 
3.859392E+00, 1.096757E-04 
9.905853E-01, 3.881792E-04 
3.763822E+00, 2.501098E-04 
6.817482E+00, 4.858031E-05 
1.879470E+00, 3.044281E-04 
7.441630E+00, 1.874510E-05 
7.833442E+00, 2.677635E-05 
2.260828E+00, 2.781596E-04 
5.855546E+00, 9.085611E-05 
1.026382E+00, 5.824692E-04 
2.300472E+00, 4.136705E-04 
2.616816E+00, 3.615533E-04 
2.052983E+00, 5.125109E-04 
5.508744E+00, 1.307096E-04 
5.631597E+00, 4.450504E-05 
2.447250E+00, 2.381668E-04 
7.353895E+00, 2.334073E-05 
5.028833E+00, 7.256711E-05 
5.139943E+00, 1.146777E-04 
5.034189E+00, 1.246640E-04 
4.980846E+00, 1.091885E-04 
3.806449E-01, 2.097884E-04 
8.861463E-01, 5.427693E-04 
7.645641E+00, 3.221967E-05 
4.207762E+00, 1.721959E-04 
9.180711E+00, 4.816577E-06 
1.921436E+00, 3.791347E-04 
1.982590E+00, 2.507922E-04 
6.777198E+00, 2.596366E-05 
-5.398248E-01, 1.657045E-02 
5.401311E+00, 8.200354E-05 
4.535182E-01, 3.238904E-04 
2.157660E+00, 5.181373E-04 
9.201962E+00, 3.245034E-06 
6.246958E+00, 1.672772E-05 
1.870085E+00, 3.859883E-04 
6.696567E+00, 3.816203E-05 
4.974398E+00, 1.400027E-04 
9.711453E-01, 2.969259E-04 
2.156865E+00, 2.474335E-04 
3.479560E-01, 2.915154E-05 
3.668195E+00, 1.793499E-04 
4.194000E+00, 2.024955E-04 
4.442861E+00, 1.725396E-04 
9.773128E+00, 2.069170E-06 
2.125629E+00, 4.113654E-04 
6.547343E+00, 2.437946E-05 
2.525342E+00, 3.968791E-04 
3.825953E+00, 1.824574E-04 
1.717093E+00, 4.277864E-04 
9.201873E+00, 2.457960E-06 
6.712555E+00, 3.233445E-05 
6.222001E+00, 4.719882E-05 
4.932579E+00, 1.360805E-04 
8.028777E+00, 8.184239E-06 
5.096342E+00, 6.177945E-05 
7.772779E+00, 1.945929E-05 
2.223896E-01, 4.287808E-04 
3.119403E+00, 1.907992E-04 
6.574671E+00, 5.063946E-05 
1.677818E+00, 4.868507E-04 
6.541417E+00, 3.160742E-05 
9.466607E+00, 2.283140E-06 
4.694057E+00, 1.339498E-04 
5.183785E+00, 9.071900E-05 
8.999056E-01, 2.552105E-04 
2.492048E+00, 2.522162E-04 
8.207288E+00, 7.808326E-06 
9.164686E+00, 4.842966E-06 
5.973432E-01, 3.525735E-04 
5.863447E+00, 7.125024E-05 
7.220326E+00, 2.640042E-05 
7.977228E+00, 1.476515E-05 
6.310584E+00, 4.925899E-05 
2.765721E+00, 1.927699E-04 
1.841171E+00, 3.332461E-04 
7.812752E+00, 1.525843E-05 
9.643156E+00, 2.253153E-06 
2.042444E+00, 4.540994E-04 
1.053013E+01, 1.034588E-06 
2.507400E+00, 5.690486E-04 
4.967888E+00, 1.249435E-04 
2.937976E+00, 3.727001E-04 
4.403521E+00, 1.117992E-04 
2.892599E+00, 2.304557E-04 
3.774999E+00, 1.618397E-04 
4.688161E+00, 1.041432E-04 
7.273214E+00, 1.821627E-05 
4.505217E+00, 1.481352E-04 
7.846237E+00, 5.007198E-06 
7.658960E-01, 4.775606E-04 
1.021821E+01, 7.637931E-07 
4.575715E+00, 9.250401E-05 
8.135525E+00, 1.091387E-05 
6.772552E+00, 1.873579E-05 
5.345522E-01, 2.495563E-04 
8.092956E+00, 9.695006E-06 
1.299615E+00, 3.648154E-04 
2.681407E+00, 3.213316E-04 
4.833230E+00, 1.737158E-04 
3.306830E+00, 2.530886E-04 
1.376032E+00, 3.177401E-04 
6.608949E+00, 4.442430E-05 
6.023058E+00, 1.004522E-04 
1.888922E+00, 2.655040E-04 
3.065490E+00, 2.126919E-04 
3.127293E+00, 4.003594E-04 
2.219977E+00, 4.492158E-04 
6.170854E-01, 2.907877E-04 
8.258840E+00, 1.403032E-05 
1.101808E+00, 6.136540E-04 
3.218554E+00, 1.793095E-04 
2.962723E+00, 1.818672E-04 
4.240477E+00, 9.302665E-05 
3.930651E+00, 2.267911E-04 
6.452582E-01, 2.264709E-04 
8.350831E+00, 7.807421E-06 
7.851499E+00, 2.244429E-05 
3.741821E+00, 3.831977E-04 
3.791747E+00, 1.313321E-04 
5.127533E+00, 7.741686E-05 
9.140823E-01, 5.987022E-04 
7.184397E+00, 1.998630E-05 
4.466069E+00, 1.698882E-04 
4.997000E-01, 1.973026E-04 
1.887187E+00, 3.151890E-04 
4.723624E+00, 1.203273E-04 
7.778565E+00, 2.837602E-05 
8.820359E-02, 2.193782E-04 
1.567622E+00, 3.044281E-04 
5.457458E+00, 1.263952E-04 
8.983535E+00, 6.267437E-06 
1.364662E+00, 3.270289E-04 
5.544604E+00, 6.189636E-05 
4.537822E+00, 9.810671E-05 
6.053960E+00, 9.819970E-05 
8.968159E+00, 3.293197E-06 
7.644953E+00, 1.231828E-05 
5.326664E+00, 8.391842E-05 
1.168321E+00, 3.365815E-04 
7.888823E+00, 1.810212E-05 
6.322319E+00, 4.592388E-05 
7.117436E+00, 2.813083E-05 
8.748224E+00, 3.915596E-06 
3.166950E+00, 2.538247E-04 
6.804443E+00, 3.940029E-05 
1.955263E+00, 3.458664E-04 
9.206157E+00, 3.471913E-06 
1.317995E+00, 3.580527E-04 
1.035610E+01, 1.079086E-06 
1.263274E+00, 3.542791E-04 
9.707266E+00, 1.321202E-06 
3.857676E+00, 2.055749E-04 
2.977476E+00, 2.476837E-04 
7.763100E+00, 1.851810E-05 
2.440793E+00, 3.315041E-04 
1.851445E+00, 5.328184E-04 
9.276964E+00, 2.619396E-06 
5.071803E+00, 8.806454E-05 
5.189260E-01, 1.584569E-04 
2.307995E+00, 3.351331E-04 
8.587265E+00, 7.085785E-06 
4.876217E+00, 1.448941E-04 
9.400500E+00, 3.682827E-06 
9.162032E+00, 5.901648E-06 
7.199596E+00, 2.893098E-05 
2.719423E+00, 2.537344E-04 
8.446105E+00, 8.082651E-06 
3.908414E+00, 9.982625E-05 
2.220582E+00, 4.782174E-04 
1.075388E+00, 3.612737E-04 
3.636336E+00, 1.858688E-04 
4.856136E+00, 1.244073E-04 
9.531565E+00, 2.407356E-06 
5.413426E+00, 4.935522E-05 
2.177240E+00, 3.531066E-04 
7.121991E+00, 2.842465E-05 
9.356084E+00, 2.077536E-06 
2.267197E+00, 5.828479E-04 
3.900703E+00, 1.778562E-04 
2.505471E-01, 2.907877E-04 
1.223051E+01, 8.193494E-07 
2.023532E+00, 3.333723E-04 
5.535026E-01, 4.881075E-04 
2.197310E+00, 3.788038E-04 
7.812950E+00, 4.290637E-06 
8.974226E+00, 2.666321E-06 
5.053736E+00, 1.487238E-04 
4.086512E+00, 1.121913E-04 
1.721338E+00, 3.437161E-04 
2.964583E+00, 3.937557E-04 
6.152743E+00, 7.754257E-05 
1.679826E+00, 3.313028E-04 
7.650239E+00, 3.103390E-05 
7.342327E+00, 2.601992E-05 
5.224252E+00, 1.051256E-04 
1.993424E+00, 7.689220E-04 
8.848715E+00, 3.674280E-06 
9.823577E+00, 5.028844E-07 
8.945536E-01, 2.347312E-04 
9.229202E+00, 2.727611E-06 
6.986038E+00, 4.020299E-05 
-3.440851E+00, 1.699380E-02 
6.628859E+00, 2.991577E-05 
3.009066E+00, 2.256743E-04 
3.475446E-01, 2.097884E-04 
6.644215E+00, 5.428280E-05 
1.106968E+00, 1.913675E-04 
8.622358E+00, 6.201642E-06 
1.675951E+00, 3.106039E-04 
7.766556E-01, 3.548312E-04 
9.727797E+00, 2.092022E-06 
-5.223771E-02, 3.603762E-04 
7.931347E+00, 1.371684E-05 
9.707166E+00, 1.060829E-06 
5.602100E+00, 5.428280E-05 
5.714952E+00, 9.505463E-05 
7.991342E+00, 1.445973E-05 
2.825901E+00, 1.870418E-04 
5.795531E-01, 3.797325E-04 
9.456140E+00, 1.994454E-06 
4.392035E+00, 9.342258E-05 
3.422255E+00, 2.450436E-04 
4.596398E+00, 1.275162E-04 
1.866559E+00, 2.430870E-04 
6.526978E+00, 1.873579E-05 
4.467826E+00, 1.433467E-04 
5.769721E+00, 6.775312E-05 
6.498861E+00, 4.736698E-05 
7.504357E+00, 1.770800E-05 
3.163964E+00, 1.905102E-04 
8.716414E+00, 6.591228E-06 
1.918783E+00, 5.063162E-04 
9.310420E+00, 3.305420E-06 
5.513177E+00, 1.268537E-04 
3.152325E+00, 3.759369E-04 
-9.167484E-02, 1.575963E-04 
1.013633E+01, 1.087411E-06 
1.543370E+00, 2.895274E-04 
8.324515E+00, 9.110244E-06 
9.331393E+00, 1.599812E-06 
2.768465E+00, 2.395224E-04 
4.008571E+00, 1.018803E-04 
1.850861E+00, 3.196950E-04 
8.486346E+00, 1.015752E-05 
4.887736E+00, 9.895144E-05 
3.466305E+00, 1.708038E-04 
8.856485E+00, 4.529391E-06 
9.665033E+00, 1.677869E-06 
7.796872E+00, 1.333158E-05 
9.620221E+00, 1.497162E-06 
8.588391E+00, 9.487885E-06 
3.458631E+00, 3.257539E-04 
5.736711E+00, 7.103833E-05 
7.602197E+00, 2.096423E-05 
1.954820E+00, 4.676767E-04 
4.181445E+00, 8.870497E-05 
7.344460E+00, 4.516239E-05 
6.146433E+00, 7.149800E-05 
8.094596E+00, 9.992151E-06 
1.683673E+00, 4.443589E-04 
3.884613E+00, 1.595493E-04 
3.623570E+00, 1.490754E-04 
3.455926E+00, 3.012250E-04 
2.697143E+00, 2.132047E-04 
7.784648E+00, 1.205476E-05 
2.074950E+00, 3.240618E-04 
4.215919E+00, 1.786505E-04 
1.464611E+00, 3.186591E-04 
6.314353E+00, 7.596124E-05 
5.970528E+00, 1.147926E-05 
1.413852E+00, 4.008058E-04 
7.386786E+00, 4.466775E-05 
-2.122497E+00, 1.726458E-02 
2.750629E+00, 3.909612E-04 
6.438122E+00, 2.950215E-05 
6.678784E-01, 2.790729E-04 
3.029138E+00, 2.142133E-04 
1.033122E+01, 1.272181E-06 
4.327355E+00, 1.005465E-04 
2.192499E+00, 4.370317E-04 
9.771687E+00, 1.786099E-06 
6.441391E+00, 5.197746E-05 
6.068580E+00, 5.792674E-05 
3.900282E+00, 1.801208E-04 
3.589212E+00, 2.602592E-04 
9.737220E+00, 1.980693E-06 
6.706637E-01, 3.225733E-04 
4.277191E+00, 1.137083E-04 
4.421677E+00, 9.544486E-05 
6.511157E+00, 5.868159E-05 
8.631422E+00, 3.305420E-06 
6.996840E+00, 3.693332E-05 
5.712293E+00, 5.659706E-05 
1.583412E+00, 2.930880E-04 
6.936219E+00, 2.115930E-05 
5.870794E+00, 1.316014E-04 
1.055617E+01, 6.311771E-07 
8.616643E+00, 5.483176E-06 
8.018227E+00, 1.215974E-05 
2.743546E+00, 2.427320E-04 
5.273114E+00, 7.281042E-05 
8.702388E+00, 2.417951E-06 
3.962933E+00, 9.876078E-05 
5.629610E+00, 1.171554E-04 
8.105544E+00, 1.178090E-05 
3.978290E+00, 1.618397E-04 
5.706603E+00, 4.450504E-05 
6.812383E-01, 2.948231E-04 
3.916249E+00, 1.705362E-04 
1.966379E+00, 3.219860E-04 
1.138565E+00, 3.165646E-04 
3.076710E+00, 3.710015E-04 
2.998928E+00, 2.593982E-04 
1.524075E+00, 2.098235E-04 
4.605445E-01, 3.605185E-04 
8.673295E+00, 5.861683E-06 
9.517359E+00, 8.930497E-07 
1.088537E+01, 1.021863E-06 
5.735528E+00, 8.110011E-05 
1.388795E+00, 2.538616E-04 
8.434539E+00, 1.020774E-05 
9.111071E-01, 4.047089E-04 
7.242040E+00, 2.847387E-05 
3.285871E+00, 1.905102E-04 
3.617292E+00, 1.810674E-04 
1.030548E+01, 1.016639E-06 
1.968998E+00, 3.001944E-04 
3.214028E+00, 1.830385E-04 
5.790155E+00, 5.197746E-05 
5.615470E+00, 6.887838E-05 
3.531432E+00, 3.751873E-04 
1.468215E+00, 2.787693E-04 
6.483224E+00, 1.761475E-05 
1.464338E+00, 3.340158E-04 
9.844054E+00, 7.878455E-07 
1.049234E+01, 1.321202E-06 
1.060606E+01, 1.014228E-06 
9.874192E+00, 9.064325E-07 
6.825361E-01, 2.914600E-04 
8.557204E+00, 1.095777E-05 
8.596064E+00, 3.870589E-06 
1.018197E+01, 7.366706E-07 
8.063370E+00, 6.990453E-06 
7.100608E+00, 2.247194E-05 
9.341453E+00, 2.471317E-06 
9.308849E+00, 8.644005E-07 
6.678837E-01, 2.457849E-04 
4.698588E+00, 9.713155E-05 
8.013493E+00, 1.187262E-05 
7.798685E+00, 3.203547E-05 
6.869130E+00, 3.490111E-05 
8.543570E+00, 6.867115E-06 
3.917028E+00, 1.223640E-04 
5.774911E-01, 2.559332E-04 
6.070785E-01, 5.099959E-04 
1.772582E+00, 4.146180E-04 
1.998337E-01, 4.924054E-04 
9.239159E+00, 1.247999E-05 
4.246623E-01, 3.894495E-04 
1.555081E+00, 2.948200E-04 
9.958214E+00, 1.495648E-06 
3.956842E+00, 1.947268E-04 
6.310259E+00, 4.272512E-05 
9.933332E+00, 1.488995E-06 
4.230706E-01, 2.257960E-04 
3.436486E+00, 1.953361E-04 
1.214593E+01, 1.873339E-06 
6.356252E+00, 3.143792E-05 
9.220475E-01, 3.191889E-04 
2.348977E+00, 4.551763E-04 
5.690651E+00, 4.600919E-05 
5.279425E+00, 6.436370E-05 
3.442532E+00, 3.054447E-04 
5.954545E+00, 5.619355E-05 
2.121951E+00, 3.639713E-04 
2.365322E+00, 2.916951E-04 
7.170888E+00, 2.982650E-05 
9.790546E+00, 1.973971E-06 
6.997006E+00, 4.679839E-05 
5.347299E+00, 5.996735E-05 
4.208847E+00, 1.978968E-04 
8.245712E+00, 1.288830E-05 
4.545434E+00, 1.634330E-04 
1.957591E+00, 4.567207E-04 
8.496009E+00, 8.926661E-06 
6.131372E-01, 2.433469E-04 
6.745137E+00, 6.474063E-05 
6.781267E+00, 4.583757E-05 
5.766063E+00, 5.738552E-05 
2.914900E+00, 1.681792E-04 
7.822741E+00, 1.992941E-05 
3.642546E+00, 2.112162E-04 
7.881654E+00, 6.018062E-06 
9.492143E+00, 1.775007E-06 
2.387078E+00, 1.522022E-04 
1.274073E+00, 2.394716E-04 
8.311018E+00, 1.213290E-05 
8.853320E+00, 6.459381E-06 
1.428500E+00, 2.742426E-04 
4.246835E+00, 1.399122E-04 
4.472297E-01, 5.044222E-04 
9.503515E+00, 1.172993E-06 
1.913067E+00, 3.943880E-04 
9.961164E+00, 6.813562E-07 
2.405502E+00, 3.003072E-04 
1.158029E+00, 3.024960E-04 
2.197640E-01, 5.815755E-04 
8.326325E+00, 8.926661E-06 
8.256502E-01, 2.922938E-04 
8.630391E+00, 6.043662E-06 
8.083048E+00, 2.772257E-05 
5.065943E+00, 1.341893E-04 
9.981791E+00, 1.002501E-06 
7.990473E+00, 9.214478E-06 
5.614618E+00, 5.017281E-05 
8.338155E+00, 5.457628E-06 
8.967839E+00, 2.594716E-06 
3.745869E+00, 2.467570E-04 
3.013438E+00, 3.259208E-04 
4.542507E+00, 2.131343E-04 
2.704552E+00, 3.075013E-04 
7.196464E-01, 2.826748E-04 
4.679325E+00, 1.549898E-04 
1.301881E+00, 3.027954E-04 
6.179803E+00, 6.975332E-05 
8.266291E+00, 1.191825E-05 
6.316385E+00, 4.743466E-05 
3.072144E+00, 1.711760E-04 
3.057028E+00, 2.200578E-04 
1.930921E+00, 4.203858E-04 
6.580297E+00, 5.433203E-05 
2.869350E+00, 3.541131E-04 
7.247806E+00, 2.232074E-05 
1.893446E+00, 3.608528E-04 
7.006953E+00, 2.710161E-05 
2.554278E+00, 1.846727E-04 
4.758086E+00, 1.085589E-04 
7.625881E+00, 1.774874E-05 
1.404883E+00, 3.988281E-04 
3.068348E+00, 1.453903E-04 
4.618380E+00, 9.770529E-05 
1.159803E+01, 6.486622E-07 
8.845496E+00, 2.765234E-06 
3.585190E-01, 3.250323E-04 
8.716953E+00, 4.355236E-06 
9.636743E-01, 4.304080E-04 
5.087008E+00, 9.791282E-05 
1.095752E+01, 8.639924E-07 
1.293972E+00, 4.974855E-04 
1.080352E+01, 1.452698E-06 
3.478583E+00, 1.937119E-04 
1.528988E+00, 2.981587E-04 
4.977141E+00, 1.627468E-04 
1.450508E+00, 2.732125E-04 
9.823279E+00, 2.043580E-06 
1.922156E+00, 4.186781E-04 
8.737407E+00, 6.657033E-06 
4.208894E+00, 1.241965E-04 
6.962386E+00, 2.566231E-05 
1.570629E+00, 2.861532E-04 
4.959607E+00, 9.524911E-05 
6.030146E+00, 5.580454E-05 
-1.786613E-01, 2.323962E-04 
1.720610E+00, 4.147483E-04 
7.360007E+00, 5.215927E-05 
2.799084E+00, 3.686968E-04 
5.401351E+00, 9.815330E-05 
6.703174E+00, 4.876124E-05 
7.060719E+00, 2.347584E-05 
4.061309E+00, 1.107309E-04 
5.725251E+00, 3.909803E-05 
3.435084E+00, 2.293160E-04 
9.162942E+00, 2.977990E-06 
2.495183E+00, 3.751593E-04 
5.675650E+00, 1.640149E-04 
1.879702E+00, 3.774067E-04 
1.035354E+01, 1.029565E-06 
6.029747E+00, 2.083450E-05 
8.577295E+00, 7.910732E-06 
4.726131E-01, 3.561500E-04 
4.131352E+00, 1.137083E-04 
7.121090E+00, 3.344715E-05 
5.261277E+00, 5.246106E-05 
4.799983E+00, 1.025794E-04 
4.502642E+00, 1.365968E-04 
9.625698E+00, 8.862820E-07 
3.021762E-01, 2.342237E-04 
3.415992E+00, 2.315613E-04 
7.600436E+00, 1.647535E-05 
2.518523E-01, 1.659819E-04 
1.405234E+00, 2.787693E-04 
1.078371E+01, 8.495808E-07 
3.451126E+00, 1.798032E-04 
9.474588E+00, 1.808919E-06 
2.357455E+00, 3.512654E-04 
9.771723E+00, 1.049860E-06 
1.358571E+00, 4.032623E-04 
5.033201E+00, 1.045270E-04 
9.136840E+00, 3.172358E-06 
2.618890E+00, 2.273037E-04 
2.294235E+00, 2.189897E-04 
9.503582E+00, 2.814751E-06 
6.603482E+00, 2.506945E-05 
5.733411E+00, 3.774361E-05 
1.632791E+00, 2.614313E-04 
2.107892E+00, 3.201045E-04 
7.188123E+00, 3.817267E-05 
4.134929E+00, 1.386685E-04 
8.669629E+00, 4.121516E-06 
3.333877E+00, 1.366996E-04 
9.455899E+00, 1.599812E-06 
8.658594E-01, 3.341862E-04 
7.223599E+00, 3.535391E-05 
9.347113E+00, 3.028215E-06 
6.493991E+00, 3.880456E-05 
2.982311E+00, 1.957601E-04 
1.827629E+00, 3.238130E-04 
2.160055E-01, 5.815755E-04 
3.160135E-01, 2.861824E-04 
6.162246E-01, 1.917695E-04 
6.488060E+00, 5.071053E-05 
8.166158E+00, 7.817296E-06 
2.949798E+00, 2.395224E-04 
6.119494E+00, 4.207344E-05 
8.467386E+00, 8.416713E-06 
9.344149E+00, 2.192372E-06 
8.227978E+00, 8.733226E-06 
9.937917E-01, 3.571509E-04 
6.318809E+00, 3.861127E-05 
2.059987E+00, 4.221294E-04 
8.069853E-01, 3.146859E-04 
3.999009E+00, 1.600067E-04 
3.722066E+00, 2.018414E-04 
7.437430E+00, 1.497670E-05 
2.054611E+00, 5.267080E-04 
9.088139E+00, 2.796851E-06 
5.150729E+00, 1.028748E-04 
8.033990E+00, 1.268918E-05 
5.014998E+00, 1.247178E-04 
9.100350E+00, 3.080740E-06 
4.174060E+00, 1.016881E-04 
1.148409E-01, 1.682297E-04 
7.130966E+00, 2.864692E-05 
5.175402E+00, 9.250401E-05 
3.303281E+00, 2.404809E-04 
9.521009E+00, 8.485685E-07 
1.140292E+01, 1.287832E-06 
8.132980E-01, 2.813078E-04 
3.645838E-01, 2.907877E-04 
7.830745E+00, 1.449456E-05 
9.405174E-01, 5.334509E-04 
1.016282E+01, 6.985896E-07 
4.697380E+00, 1.139279E-04 
6.920713E-01, 2.559332E-04 
2.372546E+00, 3.797446E-04 
4.913700E+00, 9.661484E-05 
3.079533E+00, 2.389785E-04 
3.722900E-01, 2.586303E-04 
1.793889E-01, 1.273114E-04 
8.422050E+00, 9.436410E-06 
3.604692E+00, 1.811980E-04 
5.394962E+00, 5.791479E-05 
3.846166E+00, 1.455143E-04 
6.071491E-01, 2.735561E-04 
7.619784E+00, 1.154528E-05 
2.928259E+00, 3.464224E-04 
7.211080E+00, 4.486330E-05 
8.375402E+00, 1.008576E-05 
4.275987E+00, 1.387864E-04 
9.253872E+00, 2.625675E-06 
1.805682E+00, 6.298806E-04 
7.437471E+00, 2.314632E-05 
7.895484E+00, 1.042990E-05 
5.406667E+00, 8.488979E-05 
-2.321337E-01, 1.430912E-04 
2.701859E-01, 4.075385E-04 
6.543127E-01, 5.815755E-04 
4.286922E+00, 1.034410E-04 
7.025564E+00, 2.058723E-05 
8.628654E+00, 4.717463E-06 
2.453179E+00, 4.355682E-04 
3.238074E+00, 1.570271E-04 
1.081062E+01, 8.078386E-07 
1.151637E+00, 4.190742E-04 
3.778415E+00, 1.527671E-04 
8.100820E+00, 1.316721E-05 
8.906923E-01, 3.503045E-04 
1.634552E+00, 3.340106E-04 
4.644939E+00, 2.268625E-04 
7.251774E+00, 2.123547E-05 
1.872907E+00, 3.358691E-04 
9.748916E+00, 1.238586E-06 
1.048936E+01, 1.171947E-06 
7.937290E+00, 3.590723E-06 
1.746869E+00, 3.876373E-04 
2.688473E+00, 1.537983E-04 
9.298286E+00, 1.950741E-06 
5.722773E+00, 5.738552E-05 
3.345818E+00, 2.071734E-04 
4.140177E+00, 1.118602E-04 
9.949965E-01, 2.671613E-04 
6.370866E+00, 4.142925E-05 
6.963213E+00, 2.819400E-05 
5.174937E+00, 7.454002E-05 
5.862907E-01, 2.861824E-04 
1.014242E+01, 8.283062E-07 
2.975732E-01, 2.918122E-04 
9.713408E+00, 1.786099E-06 
6.420505E+00, 4.154553E-05 
9.030365E+00, 3.819989E-06 
9.291382E+00, 2.289527E-06 
4.700287E+00, 1.812536E-04 
1.146102E+01, 8.542167E-07 
1.065615E+00, 2.323017E-04 
8.711598E+00, 9.252584E-06 
7.042600E+00, 2.380393E-05 
4.911858E+00, 6.451174E-05 
6.557862E-01, 2.196126E-04 
5.200374E+00, 1.192322E-04 
4.452647E+00, 9.126702E-05 
3.624852E-01, 1.536910E-04 
5.336690E+00, 1.389436E-04 
6.092749E-01, 7.091935E-04 
3.938418E-01, 3.400660E-04 
-5.758461E-01, 1.686256E-02 
8.560562E+00, 8.070096E-06 
2.510089E+00, 1.925988E-04 
3.104078E+00, 1.486992E-04 
4.506147E+00, 1.414783E-04 
7.116081E+00, 3.261414E-05 
1.237364E+00, 4.301497E-04 
9.485762E+00, 2.424110E-06 
8.544909E+00, 2.796851E-06 
1.000561E+01, 1.926554E-06 
6.239926E+00, 5.915755E-05 
5.015596E+00, 1.094901E-04 
3.258518E+00, 2.601936E-04 
7.344925E+00, 3.042843E-05 
8.077596E+00, 1.197258E-05 
3.368619E+00, 2.394957E-04 
9.703258E+00, 1.763443E-06 
5.034248E+00, 9.835336E-05 
1.560622E+00, 2.812392E-04 
2.402819E+00, 1.486952E-04 
8.328931E+00, 8.416713E-06 
8.524514E-01, 2.948200E-04 
4.341200E-01, 3.400660E-04 
5.656412E+00, 4.952834E-05 
5.755794E-01, 5.815755E-04 
6.908067E+00, 5.805451E-05 
6.189223E+00, 6.261523E-05 
7.380825E+00, 3.767312E-05 
8.274344E+00, 1.077138E-05 
3.665230E+00, 2.175507E-04 
7.717761E+00, 1.545856E-05 
8.430884E+00, 8.733226E-06 
3.671933E+00, 1.397780E-04 
1.125864E+00, 5.748411E-05 
9.412067E+00, 1.881951E-06 
6.214273E-01, 5.829356E-04 
7.569417E-01, 2.214690E-04 
7.146763E+00, 1.588499E-05 
1.006376E+01, 8.814600E-07 
2.492650E+00, 5.421067E-04 
3.399044E+00, 1.924529E-04 
9.559569E+00, 1.567541E-06 
2.263684E+00, 3.238653E-04 
8.161329E+00, 7.846599E-06 
5.864752E+00, 5.779141E-05 
4.946383E+00, 8.424828E-05 
6.143198E+00, 5.453150E-05 
9.443377E+00, 2.766869E-06 
7.188999E+00, 5.469649E-05 
1.497428E+00, 4.130191E-04 
3.748537E+00, 1.530172E-04 
9.120246E+00, 3.689860E-06 
8.145965E+00, 1.184294E-05 
4.993839E+00, 7.650642E-05 
3.887179E+00, 1.625743E-04 
1.133453E+00, 3.371623E-04 
7.289506E+00, 2.762271E-05 
8.599202E+00, 8.975615E-06 
6.839341E+00, 3.747272E-05 
1.644747E+00, 3.105392E-04 
7.045006E+00, 2.738503E-05 
2.281980E+00, 4.501118E-04 
6.389236E+00, 4.936154E-05 
1.343078E+00, 3.530761E-04 
8.597795E-01, 3.336170E-04 
4.663114E+00, 1.225376E-04 
7.918981E-01, 2.875285E-04 
9.689810E-01, 4.243891E-04 
3.726707E+00, 2.225930E-04 
4.734711E+00, 1.835578E-04 
6.132191E+00, 3.160742E-05 
1.890672E+00, 4.858453E-04 
2.754913E+00, 2.499563E-04 
6.097665E+00, 5.681426E-05 
9.188572E+00, 4.036656E-06 
2.302227E+00, 4.958165E-04 
5.939102E+00, 5.685579E-05 
1.881248E+00, 3.039800E-04 
4.731263E+00, 9.621737E-05 
1.580300E+00, 2.624279E-04 
9.895107E+00, 7.054480E-07 
7.033347E+00, 4.276919E-05 
7.451418E+00, 2.175660E-05 
-2.368079E-02, 1.895398E-04 
1.136412E+00, 6.799746E-04 
2.408508E+00, 2.994304E-04 
6.587873E+00, 5.488327E-05 
2.054739E+00, 3.985703E-04 
8.979371E+00, 4.455302E-06 
1.113698E+01, 8.036740E-07 
5.662604E+00, 6.426585E-05 
1.056482E+01, 9.044450E-07 
6.088550E+00, 4.605280E-05 
3.890646E+00, 2.914636E-04 
6.025294E+00, 5.689785E-05 
3.832486E+00, 2.516554E-04 
5.223531E-01, 3.163679E-04 
9.122847E+00, 3.057854E-06 
9.170985E+00, 3.891292E-06 
2.671638E+00, 3.110363E-04 
3.315846E+00, 2.226110E-04 
1.194662E+00, 5.652827E-04 
3.896043E+00, 1.114360E-04 
8.184649E+00, 7.562585E-06 
5.457655E+00, 7.135373E-05 
4.273815E+00, 1.620904E-04 
1.056977E+01, 6.855990E-07 
4.114523E+00, 1.739481E-04 
6.989919E+00, 3.167873E-05 
9.061808E+00, 4.999315E-06 
8.229375E+00, 9.920310E-06 
8.492473E+00, 9.325250E-06 
4.719569E+00, 1.164172E-04 
4.473742E+00, 9.076242E-05 
5.746243E+00, 3.918592E-05 
8.758862E+00, 6.463174E-06 
7.323978E+00, 1.886263E-05 
8.091391E+00, 6.740012E-06 
8.990807E+00, 3.063617E-06 
1.904561E+00, 4.741992E-04 
6.021338E+00, 4.017866E-05 
4.798211E+00, 1.160014E-04 
5.765541E+00, 7.819606E-05 
5.790435E+00, 9.891294E-05 
2.668232E+00, 2.112970E-04 
2.642618E+00, 2.984405E-04 
1.058949E+01, 1.159824E-06 
4.125109E-04, 2.907877E-04 
9.125083E+00, 2.457960E-06 
-8.252772E+00, 1.563207E-02 
1.214588E+00, 1.672758E-04 
1.417167E+00, 4.342015E-04 
6.658779E+00, 4.180356E-05 
7.079787E+00, 5.844408E-05 
7.798464E-01, 6.290376E-04 
4.179917E+00, 1.504090E-04 
6.802421E+00, 2.748327E-05 
3.004333E+00, 2.640101E-04 
8.079115E+00, 6.906241E-06 
4.442402E+00, 1.105154E-04 
1.679732E+00, 2.927612E-04 
6.369713E+00, 1.715998E-05 
4.693796E+00, 1.661006E-04 
7.944630E+00, 2.060011E-05 
4.296746E+00, 7.993132E-05 
4.055291E+00, 2.126983E-04 
9.785483E+00, 1.041729E-06 
1.501508E+00, 3.462694E-04 
2.516276E+00, 2.722225E-04 
7.747469E+00, 1.627515E-05 
3.775643E+00, 2.185526E-04 
6.711674E+00, 4.932615E-05 
9.921437E+00, 1.179197E-06 
3.898410E+00, 1.378007E-04 
2.491579E+00, 2.243825E-04 
1.122143E+01, 8.004518E-07 
5.247208E+00, 5.996520E-05 
4.254391E+00, 1.171278E-04 
9.461141E+00, 2.693806E-06 
8.297198E+00, 1.139641E-05 
3.072968E+00, 3.060981E-04 
6.775762E+00, 4.529986E-05 
6.839987E+00, 3.161688E-05 
2.464902E+00, 3.222141E-04 
5.505251E+00, 9.511283E-05 
9.636566E+00, 3.030452E-06 
5.318533E+00, 1.468880E-04 
9.936947E+00, 1.168979E-06 
2.715551E+00, 2.936898E-04 
2.261654E-02, 2.449181E-04 
1.685506E+00, 2.157954E-04 
2.392029E+00, 2.316108E-04 
5.873325E+00, 3.966957E-05 
4.606602E+00, 1.048248E-04 
8.204588E+00, 1.719675E-05 
4.696773E-01, 2.883736E-04 
3.348048E+00, 1.599275E-04 
4.912970E-01, 2.004029E-04 
1.474702E+00, 2.616730E-04 
7.046263E+00, 2.471566E-05 
5.498777E+00, 6.661455E-05 
5.151865E+00, 4.871425E-05 
3.868807E+00, 1.162193E-04 
7.047367E+00, 2.073651E-05 
3.794083E+00, 1.679829E-04 
7.233901E-01, 3.494674E-04 
8.467086E+00, 5.972047E-06 
6.689170E+00, 4.352325E-05 
8.868793E+00, 3.188047E-06 
3.885787E-01, 4.196515E-04 
9.843424E+00, 9.727326E-07 
1.421665E+00, 4.920111E-04 
8.155642E+00, 1.417157E-05 
4.081127E+00, 1.845971E-04 
8.361389E+00, 1.219655E-05 
7.237977E+00, 3.069346E-05 
1.243058E+01, 7.496854E-07 
2.776255E+00, 3.668953E-04 
1.760412E+00, 3.732872E-04 
9.415912E+00, 1.472131E-06 
2.726161E+00, 1.993348E-04 
8.193998E+00, 1.285956E-05 
6.752238E+00, 3.128597E-05 
3.739032E+00, 3.146229E-04 
7.842963E+00, 7.465017E-06 
1.070170E+01, 6.431865E-07 
1.714773E+00, 3.796082E-04 
3.637900E+00, 3.776612E-04 
1.734640E+00, 2.464925E-04 
6.710365E-01, 2.705054E-04 
4.148560E+00, 2.212129E-04 
8.495160E+00, 7.465017E-06 
2.202811E+00, 4.150199E-04 
8.686001E+00, 3.706217E-06 
9.013229E+00, 4.330096E-06 
9.159416E+00, 6.591228E-06 
5.769866E+00, 7.153553E-05 
9.184938E+00, 3.312489E-06 
5.688327E+00, 1.043267E-04 
4.315709E+00, 1.326433E-04 
6.417638E+00, 3.056197E-05 
6.480961E+00, 2.111817E-05 
3.153088E+00, 2.200578E-04 
1.252847E+00, 3.990119E-04 
5.400148E+00, 9.461764E-05 
4.409015E+00, 1.279850E-04 
5.413994E+00, 6.104879E-05 
6.187612E+00, 5.950963E-05 
3.467672E+00, 1.935160E-04 
7.897488E+00, 2.122764E-05 
1.000190E+01, 4.643038E-07 
4.533870E+00, 7.073532E-05 
2.603391E+00, 3.214259E-04 
8.638887E+00, 7.689639E-06 
5.936586E-01, 4.791719E-04 
7.449844E-01, 4.032623E-04 
2.297957E+00, 2.303086E-04 
2.971032E+00, 2.248230E-04 
8.287023E-01, 2.678541E-04 
9.538183E+00, 9.657894E-07 
8.634069E+00, 7.167082E-06 
2.061847E+00, 3.625813E-04 
6.576733E+00, 2.016416E-05 
6.783651E+00, 4.851166E-05 
1.012346E+01, 1.105539E-06 
8.387953E+00, 1.077138E-05 
5.277259E-01, 2.872842E-04 
-5.605361E+00, 1.736030E-02 
4.005877E+00, 1.089850E-04 
2.097779E+00, 2.972861E-04 
-4.384484E-01, 1.710846E-02 
4.257668E-01, 4.033046E-04 
9.361176E+00, 1.077032E-06 
7.127914E+00, 2.684967E-05 
5.684945E-01, 4.271362E-04 
8.035862E+00, 1.210735E-05 
6.015594E+00, 6.981877E-05 
9.576043E+00, 2.061205E-06 
7.973612E+00, 2.232319E-05 
9.193929E+00, 5.680588E-06 
3.987649E+00, 1.930527E-04 
9.601790E+00, 2.913529E-06 
8.828365E+00, 9.800589E-06 
3.306931E+00, 1.858688E-04 
7.420232E-01, 2.223958E-04 
5.384487E-01, 2.861824E-04 
3.684188E+00, 1.801844E-04 
6.930563E+00, 3.632902E-05 
8.803222E+00, 3.844819E-06 
2.720434E+00, 4.275919E-04 
7.737640E-01, 3.539282E-04 
9.146872E+00, 5.656385E-06 
1.811560E+00, 2.858611E-04 
6.181500E+00, 5.033918E-05 
8.755209E+00, 8.704648E-06 
4.097426E+00, 1.457641E-04 
3.340317E-01, 1.768905E-04 
3.293416E+00, 2.719491E-04 
9.070928E+00, 2.441381E-06 
6.779276E+00, 4.142925E-05 
9.562547E+00, 8.865321E-07 
3.767663E+00, 2.018414E-04 
5.373421E+00, 8.604551E-05 
9.173172E+00, 3.503148E-06 
8.310270E+00, 8.082651E-06 
1.105476E+00, 5.126422E-04 
1.068551E+01, 6.893478E-07 
7.638161E+00, 7.497508E-06 
1.057746E+01, 6.588327E-07 
3.865010E+00, 1.825434E-04 
-9.072948E-01, 1.476795E-02 
9.968563E+00, 1.474355E-06 
7.395276E-01, 2.861824E-04 
6.317061E+00, 5.863671E-05 
6.871820E+00, 1.854606E-05 
4.626975E-01, 4.804347E-04 
8.339816E+00, 8.372916E-06 
8.331252E+00, 1.002818E-05 
2.222260E+00, 4.480091E-04 
2.638856E+00, 3.103227E-04 
8.395521E+00, 7.085785E-06 
7.380853E+00, 3.752853E-05 
4.457166E-01, 2.584840E-04 
7.135746E+00, 2.579675E-05 
2.764040E+00, 2.529703E-04 
7.627070E-01, 3.292945E-04 
9.474963E-01, 5.543650E-04 
1.317241E+00, 2.964525E-04 
4.915681E+00, 1.275162E-04 
3.152249E+00, 2.845753E-04 
7.845211E+00, 1.245207E-05 
5.964073E+00, 4.352320E-05 
5.001369E+00, 6.992561E-05 
6.392537E+00, 6.215005E-05 
3.365879E+00, 1.298813E-04 
4.917171E+00, 1.343520E-04 
6.727358E+00, 3.508070E-05 
3.741968E+00, 1.569163E-04 
2.907707E+00, 2.338335E-04 
2.424673E+00, 2.456322E-04 
6.471337E+00, 8.539962E-05 
6.266973E+00, 4.843826E-05 
9.815464E+00, 6.618555E-07 
7.774477E+00, 1.434223E-05 
-2.993578E-01, 1.840435E-02 
4.268828E+00, 8.968900E-05 
3.589789E+00, 2.483929E-04 
8.843736E+00, 8.322943E-06 
3.234524E+00, 3.759921E-04 
4.468195E+00, 8.850014E-05 
5.976493E+00, 5.648622E-05 
4.842661E+00, 1.160612E-04 
1.582383E+00, 1.979914E-04 
5.678228E+00, 6.412874E-05 
5.576772E+00, 6.449578E-05 
7.998926E+00, 2.086569E-05 
9.705827E+00, 1.020684E-06 
9.778387E-01, 5.065048E-04 
1.070591E+00, 3.146138E-04 
5.231955E+00, 1.099539E-04 
7.931384E+00, 9.357016E-06 
8.004589E+00, 1.319997E-05 
7.822285E+00, 2.091626E-05 
8.172325E+00, 8.975615E-06 
9.952001E+00, 2.709168E-06 
5.768865E+00, 7.290056E-05 
3.193718E+00, 2.715101E-04 
7.153668E+00, 2.210430E-05 
7.033111E+00, 2.548875E-05 
4.729350E+00, 1.510736E-04 
9.720183E+00, 1.786099E-06 
5.442380E-01, 4.502198E-04 
3.093401E+00, 1.894365E-04 
7.891883E-01, 3.580527E-04 
8.334584E+00, 8.690454E-06 
2.994873E+00, 2.209945E-04 
5.627353E+00, 1.053421E-04 
5.579626E+00, 4.450504E-05 
3.491112E+00, 2.466131E-04 
1.048752E+01, 8.283062E-07 
4.598164E+00, 6.963380E-05 
8.705053E+00, 1.319214E-05 
1.342397E+00, 2.888906E-04 
6.647735E+00, 4.533139E-05 
7.291839E+00, 2.786651E-05 
6.799586E+00, 4.052526E-05 
4.316423E+00, 8.216025E-05 
8.882275E+00, 3.190431E-06 
8.963572E+00, 3.864084E-06 
1.713459E-01, 5.102669E-04 
1.001185E+01, 9.622128E-07 
7.979221E-01, 2.720619E-04 
9.238522E+00, 1.861612E-06 
7.040406E+00, 2.636447E-05 
5.645443E-01, 3.322480E-04 
1.975169E+00, 6.002016E-04 
8.298777E+00, 5.838867E-06 
8.702663E+00, 5.456933E-06 
1.075183E+01, 9.928998E-07 
5.151758E+00, 9.621737E-05 
4.973867E+00, 1.128382E-04 
2.625459E+00, 5.295717E-04 
8.653976E+00, 7.856362E-06 
2.717762E+00, 2.218152E-04 
1.139778E+01, 6.907363E-07 
9.492670E+00, 1.001903E-06 
1.588331E+00, 4.061144E-04 
7.600372E+00, 2.570607E-05 
8.697692E+00, 5.181988E-06 
2.374041E+00, 2.139254E-04 
1.489469E+00, 2.939601E-04 
3.103639E+00, 1.924363E-04 
1.266148E+00, 3.173787E-04 
8.480653E+00, 1.007815E-05 
-3.556005E+00, 1.650731E-02 
5.467412E+00, 4.754921E-05 
1.003256E+01, 1.510212E-06 
8.377325E+00, 7.833039E-06 
4.533976E+00, 1.348921E-04 
9.985286E+00, 8.793355E-07 
1.071008E+01, 1.439923E-06 
1.070309E+01, 7.366801E-07 
2.491642E+00, 3.966048E-04 
9.315710E+00, 1.476963E-06 
6.570594E+00, 3.577684E-05 
2.784592E+00, 1.931443E-04 
6.926942E+00, 4.858071E-05 
4.753283E+00, 1.030055E-04 
1.286270E+00, 3.046053E-04 
8.655936E+00, 5.286373E-06 
2.873965E+00, 2.271900E-04 
2.997876E-01, 3.872709E-04 
5.981266E+00, 5.276333E-05 
3.301633E+00, 1.523352E-04 
5.678851E+00, 1.241365E-04 
8.463784E+00, 5.593703E-06 
6.563713E+00, 5.977756E-05 
1.698220E+00, 3.079428E-04 
2.995008E+00, 2.308591E-04 
2.107024E+00, 4.051653E-04 
4.064681E+00, 1.043333E-04 
6.377638E-01, 3.769618E-04 
3.910030E+00, 2.339641E-04 
1.203506E+00, 2.186172E-04 
8.330717E+00, 1.062047E-05 
5.645000E+00, 6.052937E-05 
5.199169E+00, 6.688108E-05 
1.471905E+00, 3.819380E-04 
3.443715E-01, 2.193782E-04 
7.588649E+00, 2.511569E-05 
2.374999E+00, 3.718755E-04 
2.766838E+00, 1.489976E-04 
6.529259E+00, 3.965982E-05 
1.401064E+00, 5.556577E-04 
8.635623E+00, 4.083070E-06 
2.330264E+00, 3.108897E-04 
8.626048E+00, 5.455221E-06 
1.769129E+00, 2.371114E-04 
2.057685E+00, 5.048655E-04 
4.333509E-01, 5.471121E-04 
7.479732E-01, 2.830506E-04 
4.156831E+00, 1.488107E-04 
3.202911E+00, 2.551124E-04 
3.351147E+00, 2.386568E-04 
6.226504E+00, 3.524958E-05 
7.341297E+00, 6.513180E-06 
5.784421E+00, 1.112128E-04 
1.242629E+00, 4.291915E-04 
1.263549E+00, 5.109442E-04 
5.095722E+00, 9.258822E-05 
3.196062E+00, 2.001815E-04 
8.009241E+00, 1.642894E-05 
5.927223E+00, 9.087525E-05 
3.898807E+00, 1.955410E-04 
5.642016E+00, 1.345569E-04 
6.987529E+00, 3.221464E-05 
6.630136E+00, 5.275034E-05 
1.625179E+00, 3.661220E-04 
4.794477E+00, 1.458159E-04 
2.898474E+00, 2.027226E-04 
5.078562E+00, 6.996361E-05 
2.910773E+00, 2.027226E-04 
4.581703E+00, 9.356193E-05 
1.657171E+00, 2.686621E-04 
3.651228E+00, 1.331616E-04 
5.975126E+00, 4.903636E-05 
7.946177E+00, 1.203131E-05 
5.686486E+00, 9.336250E-05 
4.177551E+00, 1.386685E-04 
6.057776E+00, 3.418353E-05 
9.224786E+00, 3.172358E-06 
1.456478E+00, 2.739268E-04 
4.937692E+00, 1.067174E-04 
5.295378E+00, 9.499614E-05 
8.894598E+00, 3.592527E-06 
2.955541E+00, 1.980049E-04 
2.500328E+00, 3.372367E-04 
9.356181E+00, 3.538617E-06 
6.990144E+00, 2.758906E-05 
-2.191242E+00, 1.970215E-02 
4.902315E-01, 3.782161E-04 
7.171121E+00, 3.295424E-05 
2.653930E+00, 2.362281E-04 
8.565847E+00, 3.057854E-06 
9.064667E+00, 3.427573E-06 
5.145006E+00, 7.417896E-05 
6.006335E+00, 7.228783E-05 
5.344841E+00, 1.285335E-04 
9.709215E+00, 2.265113E-06 
7.817019E+00, 1.125801E-05 
9.187463E+00, 3.434781E-06 
9.130256E+00, 3.467314E-06 
1.912817E+00, 3.505297E-04 
8.615762E+00, 8.307903E-06 
3.579166E+00, 3.476009E-04 
6.713252E-01, 1.889143E-04 
8.639300E+00, 7.829990E-06 
2.004814E+00, 2.260443E-04 
-8.097064E-01, 1.509360E-02 
4.558280E+00, 1.225376E-04 
4.432836E+00, 1.629685E-04 
3.178213E+00, 2.152135E-04 
5.359125E+00, 8.608819E-05 
8.200594E+00, 1.424834E-05 
2.738192E+00, 1.652484E-04 
7.095287E-01, 2.818649E-04 
8.415226E+00, 9.497140E-06 
5.640063E+00, 7.467071E-05 
2.528982E+00, 2.139254E-04 
8.675468E+00, 5.742915E-06 
3.714914E+00, 3.096054E-04 
8.930354E-01, 3.318855E-04 
8.397638E+00, 7.623297E-06 
7.438300E+00, 2.026224E-05 
9.796659E+00, 1.681558E-06 
2.168767E+00, 4.387602E-04 
9.702157E+00, 1.243858E-06 
6.132416E-01, 4.374560E-04 
8.549105E+00, 6.038049E-06 
5.018211E+00, 1.006185E-04 
3.222364E+00, 2.286453E-04 
4.921608E+00, 1.547756E-04 
8.266187E+00, 8.692835E-06 
-2.644809E+00, 1.845804E-02 
5.029093E+00, 1.077123E-04 
4.455835E+00, 1.030055E-04 
7.118598E+00, 1.640576E-05 
9.303016E+00, 2.665469E-06 
6.370946E+00, 5.605585E-05 
3.503949E+00, 3.364865E-04 
4.290925E+00, 1.725904E-04 
5.561981E+00, 6.871627E-05 
1.053691E+01, 1.161678E-06 
4.739684E+00, 9.683267E-05 
3.878367E+00, 1.432005E-04 
4.304754E+00, 9.752688E-05 
8.925185E+00, 2.802519E-06 
4.599668E+00, 1.155029E-04 
4.129391E+00, 1.534068E-04 
4.561786E+00, 8.165183E-05 
5.293548E+00, 1.131850E-04 
5.717689E+00, 4.534196E-05 
1.031743E+01, 6.248572E-07 
1.369230E+00, 5.748411E-05 
2.353302E+00, 2.639978E-04 
3.564190E+00, 1.681147E-04 
7.165426E+00, 3.929052E-05 
1.327187E+00, 5.222016E-04 
5.050081E+00, 6.488332E-05 
7.621488E+00, 2.506604E-05 
8.915756E+00, 5.544107E-06 
6.801455E+00, 4.168255E-05 
1.005341E+01, 6.174747E-07 
1.917893E+00, 4.420606E-04 
3.635401E+00, 2.756851E-04 
1.812271E+00, 2.676862E-04 
9.495818E+00, 2.165986E-06 
9.207580E+00, 2.234644E-06 
1.397986E+00, 3.803304E-04 
6.175089E+00, 3.351544E-05 
7.626336E+00, 2.625582E-05 
7.958431E-01, 3.556230E-04 
1.245932E+00, 3.286676E-04 
8.567598E+00, 1.196071E-05 
2.081195E+00, 4.962799E-04 
5.804877E+00, 5.369187E-05 
9.541499E+00, 2.607385E-06 
2.432553E+00, 4.022696E-04 
5.030045E+00, 6.775216E-05 
6.000772E+00, 4.097137E-05 
1.839163E+00, 4.018590E-04 
8.883891E+00, 3.536443E-06 
6.360881E+00, 4.306793E-05 
3.274314E+00, 1.668332E-04 
3.108772E+00, 3.956381E-04 
4.447136E+00, 1.203382E-04 
3.269972E+00, 1.678885E-04 
4.391440E+00, 9.438603E-05 
3.052052E-01, 2.861824E-04 
5.084539E+00, 1.014555E-04 
1.519276E+00, 4.429231E-04 
9.689600E+00, 1.144763E-06 
9.842998E+00, 1.808919E-06 
9.036965E+00, 5.278370E-06 
4.219981E+00, 1.592149E-04 
6.272427E+00, 5.606868E-05 
7.615563E+00, 2.299527E-05 
1.628449E+00, 2.812392E-04 
5.291492E+00, 9.401956E-05 
6.976956E+00, 3.190739E-05 
2.916877E+00, 4.176184E-04 
7.774391E+00, 1.320191E-05 
5.021928E+00, 5.017281E-05 
8.218237E+00, 9.634610E-06 
5.760275E+00, 5.272041E-05 
1.530587E+00, 4.380890E-04 
5.923311E+00, 7.282374E-05 
7.536002E+00, 2.474242E-05 
8.877551E+00, 4.359932E-06 
1.006383E+01, 6.248572E-07 
5.173083E+00, 1.358406E-04 
3.890634E+00, 2.074441E-04 
1.120294E+00, 5.264261E-04 
1.468440E+00, 2.088402E-04 
5.349716E+00, 9.704956E-05 
7.681829E-01, 2.405803E-04 
9.615745E+00, 3.293197E-06 
-1.844106E-02, 2.258872E-04 
7.667676E+00, 1.685190E-05 
3.508328E+00, 1.792656E-04 
9.289626E+00, 1.713786E-06 
-6.950904E+00, 1.685659E-02 
5.935322E+00, 5.025311E-05 
7.512383E+00, 2.543881E-05 
4.607837E+00, 1.346359E-04 
1.098021E+00, 5.274025E-04 
1.720264E+00, 5.315143E-04 
9.973834E-02, 5.815755E-04 
7.218031E+00, 2.239602E-05 
6.915854E+00, 3.885756E-05 
9.837876E+00, 1.625932E-06 
1.750368E+00, 3.004795E-04 
8.741328E+00, 4.537454E-06 
4.610316E+00, 8.135885E-05 
1.314138E+00, 3.204286E-04 
9.324429E+00, 1.980846E-06 
7.855623E+00, 9.424999E-06 
3.966026E+00, 1.293198E-04 
8.311386E+00, 5.047276E-06 
5.355041E+00, 6.053267E-05 
7.876307E+00, 1.209485E-05 
4.377685E-01, 2.706993E-04 
6.015806E+00, 7.033411E-05 
8.598093E+00, 4.040332E-06 
4.722224E+00, 1.979352E-04 
9.749570E+00, 8.982096E-07 
9.133142E+00, 3.870589E-06 
5.385062E+00, 9.165139E-05 
1.058649E+01, 6.588310E-07 
7.795183E+00, 5.412095E-06 
1.080199E-01, 2.861824E-04 
8.057659E+00, 7.663677E-06 
1.134552E+00, 2.360455E-04 
7.464153E+00, 1.961684E-05 
1.482965E+00, 3.817484E-04 
3.060559E+00, 3.217824E-04 
1.031201E+01, 9.591269E-07 
7.089940E+00, 2.714855E-05 
3.676283E-01, 2.083102E-04 
7.782200E+00, 1.892261E-05 
8.425294E+00, 7.245827E-06 
3.160364E+00, 2.157160E-04 
1.084438E+00, 3.662261E-04 
5.896865E+00, 7.374476E-05 
9.736478E+00, 1.683307E-06 
9.629060E+00, 3.147960E-06 
2.857113E+00, 3.226340E-04 
7.822561E+00, 2.497570E-05 
4.727654E+00, 1.077777E-04 
8.319879E+00, 7.514799E-06 
2.382441E+00, 2.132343E-04 
2.607413E+00, 5.301772E-04 
3.335174E-01, 5.815755E-04 
2.005992E+00, 4.644128E-04 
9.465461E+00, 2.749508E-06 
6.804120E+00, 3.383774E-05 
9.294940E+00, 2.389586E-06 
1.860611E+00, 2.776968E-04 
2.217425E-01, 1.895398E-04 
4.651369E-01, 2.864362E-04 
8.543421E+00, 8.832556E-06 
8.670426E+00, 5.973687E-06 
3.851269E+00, 1.936906E-04 
8.285887E+00, 7.015315E-06 
1.687753E+00, 2.448217E-04 
6.315769E+00, 2.083450E-05 
7.054999E+00, 3.295424E-05 
2.056983E+00, 4.176911E-04 
7.906163E-01, 3.759512E-04 
2.704345E+00, 2.004791E-04 
2.555113E+00, 1.785581E-04 
6.816773E+00, 5.941792E-05 
5.952141E+00, 5.369187E-05 
4.882397E+00, 1.034173E-04 
5.656644E-01, 3.564778E-04 
7.165082E+00, 3.629853E-05 
7.309518E+00, 2.639993E-05 
6.082810E-01, 2.473539E-04 
5.204930E+00, 1.075489E-04 
4.486304E+00, 2.427862E-04 
3.500789E-01, 2.918122E-04 
9.360613E+00, 2.229806E-06 
6.749037E+00, 3.233445E-05 
2.088272E+00, 2.832386E-04 
7.310446E+00, 2.200677E-05 
9.163420E+00, 5.381724E-06 
2.435197E+00, 2.774440E-04 
8.180799E+00, 7.532333E-06 
5.987521E+00, 3.617103E-05 
8.907820E+00, 2.192372E-06 
8.533390E+00, 8.476251E-06 
3.411647E+00, 2.815822E-04 
8.736647E+00, 5.417792E-06 
5.982352E+00, 4.794102E-05 
1.459061E+00, 3.238130E-04 
7.158166E+00, 3.897754E-05 
5.225175E+00, 5.525977E-05 
9.532595E+00, 1.377832E-06 
7.783393E+00, 2.210430E-05 
8.600398E+00, 6.966656E-06 
2.820576E+00, 1.927699E-04 
1.018448E+01, 1.378712E-06 
5.278987E-01, 1.975866E-04 
5.057349E+00, 7.650642E-05 
9.353681E+00, 3.123087E-06 
1.995474E+00, 4.484318E-04 
7.140125E-02, 3.634847E-05 
1.857583E+00, 3.409039E-04 
2.406456E+00, 3.797142E-04 
6.935711E+00, 4.982475E-05 
5.037377E-01, 2.861824E-04 
6.646751E+00, 3.985970E-05 
1.770764E+00, 3.818124E-04 
1.201170E+00, 2.221452E-04 
5.454585E+00, 7.276784E-05 
8.728649E+00, 4.608518E-06 
2.299141E+00, 3.425926E-04 
3.072985E+00, 2.304611E-04 
-6.162267E-01, 1.736344E-02 
7.033603E+00, 2.956313E-05 
1.131192E+01, 1.089000E-06 
9.370242E+00, 1.839139E-06 
2.049007E+00, 4.096138E-04 
4.615693E+00, 9.770529E-05 
7.550504E+00, 1.749734E-05 
8.083253E-01, 3.163679E-04 
9.217713E+00, 3.226326E-06 
7.741910E+00, 1.904640E-05 
8.619922E+00, 6.267437E-06 
1.831042E+00, 4.069372E-04 
6.005168E+00, 6.462300E-05 
2.357571E+00, 4.016293E-04 
-3.033659E+00, 1.835515E-02 
5.629500E+00, 8.051814E-05 
9.415685E-01, 4.219173E-04 
9.166261E+00, 2.538335E-06 
7.751626E+00, 8.024922E-06 
8.596761E+00, 8.468261E-06 
6.430947E+00, 5.278467E-05 
5.233438E+00, 1.374410E-04 
8.281770E+00, 1.272771E-05 
2.185365E+00, 3.312780E-04 
9.020962E+00, 6.385331E-06 
1.074087E+01, 6.353459E-07 
3.678448E+00, 2.267869E-04 
7.685065E+00, 2.050047E-05 
8.279486E-01, 3.196068E-04 
6.703486E+00, 3.419501E-05 
9.227298E+00, 2.781451E-06 
3.936078E+00, 1.367702E-04 
5.502248E+00, 5.109035E-05 
9.389570E+00, 6.178636E-06 
4.430590E+00, 1.631224E-04 
1.247157E+00, 3.817832E-04 
7.436717E+00, 2.456961E-05 
6.177416E+00, 4.718573E-05 
1.309564E-01, 2.907877E-04 
6.253592E-01, 3.385959E-04 
7.221160E+00, 2.686231E-05 
8.071939E-01, 3.320072E-04 
4.834607E+00, 1.283615E-04 
5.381203E+00, 9.032638E-05 
4.277287E+00, 1.361860E-04 
3.017095E+00, 2.172512E-04 
4.558278E-01, 2.872842E-04 
3.514749E+00, 1.693009E-04 
5.682210E+00, 4.718573E-05 
2.595061E+00, 1.879274E-05 
7.741833E+00, 8.581275E-06 
7.494228E+00, 1.963305E-05 
3.896710E+00, 1.441736E-04 
3.051374E+00, 1.592131E-04 
9.512271E+00, 1.993153E-06 
5.990099E+00, 3.662580E-05 
5.336411E+00, 8.580687E-05 
6.249688E+00, 3.360245E-05 
6.338842E+00, 3.734538E-05 
8.665187E-01, 4.166581E-04 
8.538026E+00, 5.695946E-06 
3.800572E+00, 1.811800E-04 
7.333708E+00, 2.912415E-05 
8.319945E+00, 7.978382E-06 
7.011493E+00, 2.190350E-05 
9.396180E+00, 1.980846E-06 
1.972067E+00, 3.620451E-04 
7.243462E-01, 2.830506E-04 
2.462046E+00, 4.614396E-04 
3.011596E+00, 1.892552E-04 
4.957065E-01, 2.214473E-04 
2.510472E+00, 4.192941E-04 
1.002716E+00, 5.116069E-04 
5.091368E+00, 1.359210E-04 
8.780836E+00, 9.695006E-06 
8.965631E+00, 8.904679E-06 
3.350810E+00, 1.183706E-04 
7.471610E+00, 2.091626E-05 
6.460249E+00, 4.029682E-05 
6.306159E+00, 5.408829E-05 
1.081263E+00, 3.797503E-04 
4.224559E+00, 1.304392E-04 
1.218236E+00, 4.522818E-04 
6.094091E+00, 9.350062E-05 
6.520081E+00, 4.951455E-05 
4.860164E+00, 9.484526E-05 
3.865664E+00, 1.868868E-04 
8.502393E+00, 6.066260E-06 
2.144636E+00, 4.220494E-04 
6.205005E+00, 6.872243E-05 
1.606332E+00, 4.334340E-04 
-1.082101E+00, 1.675888E-02 
5.722888E+00, 6.887838E-05 
6.441162E+00, 4.104914E-05 
2.473949E+00, 3.320939E-04 
3.808017E+00, 1.060673E-04 
7.705718E+00, 1.245628E-05 
1.845229E+00, 2.510595E-04 
4.804643E+00, 1.076935E-04 
2.279320E+00, 3.677845E-04 
3.775514E+00, 1.599275E-04 
4.706238E+00, 6.162370E-05 
9.570366E+00, 2.183484E-06 
6.655057E+00, 2.056438E-05 
7.496969E+00, 3.813779E-05 
6.320450E+00, 5.971384E-05 
5.145823E+00, 8.111508E-05 
3.120062E+00, 2.636757E-04 
7.877580E+00, 2.878765E-05 
6.745630E+00, 2.485817E-05 
3.332041E+00, 2.580239E-04 
1.618629E+00, 3.409245E-04 
3.596832E+00, 2.014410E-04 
1.376903E+00, 2.849013E-04 
4.762179E+00, 8.904512E-05 
4.945081E+00, 9.685741E-05 
4.511859E+00, 1.139279E-04 
4.304648E+00, 1.096757E-04 
1.733714E+00, 3.409245E-04 
6.804286E+00, 4.407353E-05 
1.378537E+00, 2.852237E-04 
4.060330E+00, 1.316231E-04 
8.159557E+00, 8.966406E-06 
4.744218E+00, 1.669822E-04 
7.786158E+00, 1.485448E-05 
1.540057E-01, 1.453939E-04 
3.651482E+00, 1.790272E-04 
3.001344E+00, 3.499131E-04 
4.944763E+00, 1.687672E-04 
5.456980E+00, 3.169597E-05 
7.147505E+00, 2.182280E-05 
4.047113E+00, 1.000933E-04 
3.646365E+00, 1.404784E-04 
1.269250E+00, 5.372390E-04 
8.827634E+00, 3.583935E-06 
8.484558E+00, 5.917817E-06 
5.255763E+00, 7.144187E-05 
5.786001E+00, 3.785762E-05 
7.102039E+00, 2.175660E-05 
-9.378457E-01, 1.611591E-02 
7.998542E+00, 7.846599E-06 
9.575199E+00, 2.605467E-06 
9.235421E+00, 3.877295E-06 
8.696854E+00, 3.293197E-06 
7.468567E+00, 3.120982E-05 
4.747705E+00, 8.490043E-05 
3.886944E+00, 2.142313E-04 
8.229006E+00, 1.015752E-05 
1.044622E+00, 4.075386E-04 
6.642511E+00, 4.635540E-05 
4.563736E+00, 2.071953E-04 
2.652718E+00, 2.923425E-04 
5.991896E+00, 6.523836E-05 
6.064716E+00, 9.012661E-05 
9.911193E+00, 1.316173E-06 
9.460618E+00, 2.847973E-06 
1.187865E-01, 2.915154E-05 
2.273386E+00, 2.691662E-04 
6.864782E+00, 2.760356E-05 
5.009367E+00, 6.715687E-05 
9.060921E+00, 8.539333E-06 
1.572076E+00, 2.166160E-04 
6.033598E+00, 7.623840E-05 
7.723279E+00, 1.533921E-05 
8.651343E+00, 7.138050E-06 
6.501710E+00, 3.486864E-05 
-3.657337E-01, 1.501362E-02 
3.102763E+00, 1.806086E-04 
8.847274E+00, 1.713786E-06 
3.014977E+00, 2.551124E-04 
3.301290E+00, 2.112970E-04 
6.812093E+00, 2.381139E-05 
1.292871E+00, 5.904070E-04 
3.691212E+00, 3.211364E-04 
7.076317E+00, 2.059861E-05 
-1.815577E+00, 1.710521E-02 
5.211647E+00, 1.669740E-04 
5.527389E+00, 1.139514E-04 
1.274557E+00, 3.217582E-04 
2.768705E+00, 9.396370E-06 
9.811292E-01, 3.081560E-04 
1.021828E+01, 1.044241E-06 
7.125736E+00, 3.135564E-05 
9.666872E+00, 6.721101E-07 
2.506927E+00, 4.793089E-04 
6.703421E+00, 2.465465E-05 
5.629719E+00, 7.060512E-05 
7.942591E+00, 1.473895E-05 
1.003860E+01, 1.226994E-06 
3.282273E+00, 2.382299E-04 
3.898806E+00, 1.584795E-04 
2.339727E+00, 3.495794E-04 
3.238308E+00, 2.004410E-04 
3.319251E+00, 2.124651E-04 
8.736907E+00, 8.112034E-06 
7.003387E-01, 1.968125E-04 
4.612029E+00, 1.511724E-04 
1.045295E+01, 6.353483E-07 
7.910823E+00, 7.325677E-06 
6.883302E+00, 3.670467E-05 
5.585527E-01, 3.508300E-04 
3.144512E+00, 2.308591E-04 
1.653782E+00, 3.514537E-04 
7.154029E+00, 1.415352E-05 
8.915006E+00, 6.076629E-06 
4.173970E+00, 1.058548E-04 
9.599458E+00, 1.997464E-06 
3.073228E-01, 1.575963E-04 
2.960789E+00, 1.549799E-04 
5.064975E+00, 1.372769E-04 
7.090543E+00, 5.883732E-05 
2.349360E+00, 3.604658E-04 
7.366891E+00, 1.436289E-05 
8.308016E+00, 9.721730E-06 
4.477551E+00, 1.108942E-04 
1.990306E+00, 4.059725E-04 
6.218056E+00, 4.343624E-05 
7.867638E+00, 9.637877E-06 
2.190993E+00, 3.201045E-04 
4.919881E+00, 1.586949E-04 
2.111711E-01, 4.953293E-04 
6.892766E+00, 5.726347E-05 
6.693562E+00, 4.354812E-05 
7.679845E+00, 6.018062E-06 
5.522800E+00, 6.005273E-05 
8.700307E+00, 3.293197E-06 
7.583194E+00, 1.719927E-05 
1.055287E+01, 9.082417E-07 
4.444860E-02, 1.479053E-04 
3.791863E+00, 2.094045E-04 
8.304467E+00, 7.532333E-06 
7.520758E+00, 1.356960E-05 
7.432843E+00, 2.103828E-05 
5.678697E+00, 9.808803E-05 
7.091419E+00, 4.575066E-05 
6.872320E+00, 2.309456E-05 
8.360989E+00, 1.076420E-05 
2.943202E-01, 3.630035E-04 
7.264765E+00, 3.257083E-05 
6.309519E+00, 4.346863E-05 
3.550622E+00, 2.398957E-04 
1.994137E+00, 4.742979E-04 
7.785982E-01, 3.204286E-04 
3.368455E+00, 3.125417E-04 
9.137735E-01, 2.346032E-04 
7.862619E+00, 1.222387E-05 
3.534799E+00, 2.027517E-04 
6.469548E+00, 4.278407E-05 
3.353233E+00, 3.858935E-04 
9.430882E+00, 2.327700E-06 
6.219410E+00, 1.845456E-05 
6.031185E-01, 3.744413E-04 
8.227138E+00, 1.090896E-05 
6.391586E+00, 5.128665E-05 
3.819233E+00, 3.312279E-04 
7.477543E+00, 1.118411E-05 
3.001255E-01, 8.257600E-05 
8.971571E+00, 3.537767E-06 
6.102356E+00, 6.414702E-05 
1.035093E+01, 1.147439E-06 
7.029434E+00, 5.600595E-05 
1.944954E+00, 2.196363E-04 
6.278535E+00, 5.758161E-05 
1.732559E-01, 2.329389E-04 
8.570178E-01, 3.817484E-04 
1.267744E+00, 3.461714E-04 
3.800107E+00, 3.096362E-04 
5.528242E+00, 1.236541E-04 
3.005523E+00, 2.577877E-04 
8.846555E+00, 4.537454E-06 
5.804429E+00, 7.012432E-05 
5.330393E+00, 7.613763E-05 
2.682422E+00, 1.893018E-04 
7.517933E+00, 1.341933E-05 
1.112295E+00, 4.095474E-04 
8.868839E+00, 2.974903E-06 
4.524865E+00, 9.409192E-05 
4.077725E+00, 1.488565E-04 
4.183265E+00, 1.411796E-04 
5.846758E+00, 8.846312E-05 
1.245697E+00, 3.361461E-04 
3.144342E+00, 4.320395E-04 
5.777941E+00, 6.177296E-05 
6.577229E+00, 1.591357E-05 
5.932558E+00, 5.605585E-05 
5.704032E+00, 5.548480E-05 
1.431313E+00, 3.563568E-04 
2.260031E+00, 3.993221E-04 
6.443999E+00, 2.115183E-05 
1.023324E+01, 1.321202E-06 
9.685066E+00, 3.154177E-06 
1.712145E+00, 3.001944E-04 
6.750126E+00, 3.345544E-05 
7.711158E+00, 1.154528E-05 
8.160940E+00, 1.363915E-05 
8.706942E-01, 2.407817E-04 
7.074944E-01, 3.315220E-04 
6.889566E+00, 3.923851E-05 
2.267628E+00, 2.639978E-04 
4.435715E+00, 1.301475E-04 
3.612989E+00, 1.898616E-04 
4.889267E+00, 9.055189E-05 
7.933654E+00, 8.369588E-06 
5.800695E+00, 5.791479E-05 
3.972307E+00, 6.588786E-05 
3.118434E+00, 1.854332E-04 
6.367928E+00, 4.025010E-05 
4.243434E+00, 1.535620E-04 
4.232636E+00, 8.574105E-05 
3.717058E+00, 2.541670E-04 
5.767091E+00, 5.526482E-05 
4.161948E+00, 1.099237E-04 
6.792132E+00, 2.703359E-05 
9.101100E-01, 3.551300E-04 
6.977742E+00, 2.574951E-05 
9.008739E+00, 5.456933E-06 
4.344131E+00, 9.379015E-05 
5.311991E+00, 8.591605E-05 
7.250903E+00, 2.511569E-05 
9.932005E+00, 1.079086E-06 
4.887469E+00, 7.012262E-05 
7.110959E+00, 3.970987E-05 
7.800761E+00, 1.550593E-05 
1.319658E+00, 2.332874E-04 
8.809837E+00, 4.154880E-06 
3.947441E+00, 1.537782E-04 
1.709600E+00, 3.698434E-04 
5.300372E+00, 5.083635E-05 
3.725427E+00, 2.094212E-04 
6.722073E-01, 3.759512E-04 
9.394460E+00, 3.102895E-06 
3.299951E+00, 3.091201E-04 
6.672546E+00, 3.207276E-05 
2.808489E+00, 2.238155E-04 
6.080585E+00, 4.938473E-05 
4.817847E+00, 1.209139E-04 
3.156818E+00, 9.280471E-05 
1.462269E+00, 3.405391E-04 
4.769195E+00, 1.509571E-04 
8.208012E+00, 6.253661E-06 
4.082704E+00, 1.859002E-04 
2.158932E+00, 3.699229E-04 
3.150395E+00, 1.817453E-04 
8.490822E+00, 8.536851E-06 
8.077124E+00, 5.707181E-06 
3.091089E+00, 2.065223E-04 
6.348856E+00, 6.469070E-05 
9.452006E+00, 1.490289E-06 
1.771378E+00, 2.997527E-04 
1.555709E+00, 4.091007E-04 
3.784785E+00, 1.792656E-04 
4.198229E+00, 1.107309E-04 
2.513026E+00, 3.424163E-04 
3.554765E-01, 3.209113E-04 
5.253052E+00, 9.837079E-05 
6.084563E+00, 5.088646E-05 
1.012607E+01, 2.142189E-06 
1.318546E+00, 3.981213E-04 
3.930999E+00, 1.354174E-04 
5.414827E+00, 8.591605E-05 
9.876564E+00, 1.132959E-06 
9.577057E+00, 2.069170E-06 
1.985243E-02, 3.762027E-04 
7.268726E+00, 3.771190E-05 
8.003898E+00, 1.134750E-05 
2.279175E-02, 2.671802E-04 
6.041238E+00, 3.918592E-05 
5.394897E+00, 1.031708E-04 
5.118917E-02, 2.861824E-04 
4.450707E+00, 9.810518E-05 
8.542365E+00, 2.050047E-05 
7.127491E+00, 2.923115E-05 
7.795197E+00, 1.356960E-05 
1.077339E+00, 2.936547E-04 
2.734055E+00, 2.747251E-04 
7.492103E+00, 2.361368E-05 
8.534394E+00, 7.349623E-06 
7.149720E+00, 2.141701E-05 
6.990008E+00, 3.724174E-05 
3.776250E+00, 1.674851E-04 
7.227066E+00, 2.480518E-05 
3.372514E+00, 2.056885E-04 
9.464574E+00, 3.425864E-06 
7.508106E+00, 1.681371E-05 
8.417762E+00, 8.347529E-06 
5.971257E+00, 9.760400E-05 
3.199624E-01, 1.548075E-04 
4.804784E+00, 1.218268E-04 
1.674752E+00, 2.939601E-04 
-4.779155E+00, 1.711319E-02 
8.900771E+00, 3.314433E-06 
5.405619E+00, 9.984787E-05 
8.385954E+00, 5.690703E-06 
4.773578E+00, 1.609069E-04 
7.040306E+00, 3.231297E-05 
9.826147E+00, 8.239666E-07 
6.731025E+00, 1.989574E-05 
4.489673E+00, 1.075689E-04 
6.040218E+00, 5.897292E-05 
5.481014E-01, 3.635348E-04 
5.065832E+00, 8.917212E-05 
6.127171E-01, 3.143567E-04 
3.780294E+00, 1.618541E-04 
2.263088E+00, 4.856003E-04 
1.477145E+00, 3.332029E-04 
7.978135E-01, 2.461382E-04 
4.538975E-01, 5.440039E-04 
3.996242E+00, 1.171719E-04 
4.570678E+00, 1.200459E-04 
5.440107E+00, 1.609848E-04 
9.109326E+00, 4.966905E-06 
6.089309E+00, 5.247889E-05 
-6.245759E+00, 1.961760E-02 
3.705920E+00, 2.066158E-04 
6.928459E+00, 3.460364E-05 
2.651210E+00, 2.131882E-04 
8.000400E+00, 7.325677E-06 
8.367691E+00, 1.254432E-05 
3.350922E+00, 1.576541E-04 
5.671596E+00, 6.173800E-05 
6.509245E-01, 6.549995E-05 
6.542360E-01, 2.818649E-04 
3.710200E+00, 2.438921E-04 
5.467907E+00, 1.042670E-04 
4.872455E+00, 2.193342E-04 
9.411256E-01, 3.365354E-04 
8.430370E+00, 1.029448E-05 
8.031382E+00, 1.366234E-05 
8.881705E+00, 3.542655E-06 
9.285655E+00, 4.609350E-06 
3.650016E+00, 2.589666E-04 
7.293814E+00, 2.251540E-05 
4.142227E+00, 4.122444E-05 
4.875375E+00, 1.385582E-04 
5.821086E+00, 5.453150E-05 
6.572472E+00, 4.740848E-05 
1.003326E+01, 1.700677E-06 
9.097718E+00, 1.909994E-06 
9.945427E+00, 1.126547E-06 
1.160744E+00, 4.165730E-04 
1.026734E+00, 4.571093E-04 
1.854660E+00, 6.427137E-04 
7.318168E+00, 2.445916E-05 
7.698480E+00, 2.355267E-05 
8.362272E+00, 1.233291E-05 
5.546848E+00, 6.412874E-05 
9.789876E+00, 1.055833E-06 
2.627851E+00, 1.762911E-04 
2.558489E+00, 2.552277E-04 
4.592920E+00, 8.454632E-05 
8.618022E+00, 4.757495E-06 
9.435082E+00, 1.914093E-06 
1.452478E+00, 4.800979E-04 
7.478547E+00, 1.202976E-05 
1.564610E+00, 1.269308E-04 
4.372469E+00, 8.213501E-05 
7.613513E+00, 2.802126E-05 
1.005687E+01, 8.982096E-07 
2.987835E+00, 2.122935E-04 
3.334751E+00, 3.176443E-04 
5.899604E+00, 3.799056E-05 
6.499602E+00, 1.926486E-05 
4.908522E+00, 1.527673E-04 
7.724252E+00, 1.484291E-05 
1.015647E+00, 4.051940E-04 
9.288233E+00, 2.235968E-06 
1.964748E+00, 5.363495E-04 
8.835882E+00, 5.525779E-06 
7.550336E+00, 3.363184E-05 
5.726482E+00, 6.351261E-05 
5.243270E+00, 1.545952E-04 
4.142006E-01, 2.449181E-04 
3.569560E+00, 1.252169E-04 
7.037787E+00, 3.103988E-05 
4.921727E+00, 7.490916E-05 
4.409926E+00, 1.883198E-04 
4.900363E+00, 1.290235E-04 
5.650649E+00, 5.382227E-05 
4.117978E+00, 1.380973E-04 
6.086172E+00, 8.872608E-05 
2.748305E-01, 9.328492E-04 
3.918923E+00, 2.269106E-04 
9.316343E+00, 3.388997E-06 
4.657713E+00, 7.037326E-05 
6.475180E+00, 3.965982E-05 
-6.078680E+00, 2.077657E-02 
1.022785E+01, 1.012166E-06 
1.047097E+00, 3.539282E-04 
9.300978E+00, 4.660916E-06 
7.762457E+00, 9.197296E-06 
4.719012E+00, 1.348921E-04 
8.661525E+00, 3.121292E-06 
3.373515E+00, 3.481427E-04 
6.032819E+00, 9.605402E-05 
9.717718E-01, 4.227154E-04 
6.314380E+00, 2.710161E-05 
7.931329E+00, 1.949899E-05 
8.757101E+00, 4.254036E-06 
3.417306E+00, 2.802442E-04 
6.960869E+00, 3.605432E-05 
5.292431E+00, 7.848143E-05 
9.781269E-02, 2.907877E-04 
9.568086E+00, 2.035730E-06 
3.394937E+00, 1.116286E-04 
8.164616E+00, 1.285956E-05 
7.646111E+00, 1.297972E-05 
9.910829E+00, 7.316147E-07 
7.156484E+00, 2.251540E-05 
2.880823E+00, 2.846848E-04 
9.031990E+00, 7.224021E-06 
6.904858E+00, 4.592388E-05 
1.327338E+00, 2.537717E-04 
2.591295E+00, 1.607478E-04 
3.048754E+00, 2.663989E-04 
1.693214E+00, 3.198032E-04 
8.093769E+00, 1.332689E-05 
5.289854E+00, 7.467071E-05 
3.594578E+00, 1.289073E-04 
1.803737E+00, 5.425151E-04 
4.973914E+00, 1.102952E-04 
6.708270E+00, 3.232005E-05 
1.401372E+00, 2.882095E-04 
4.577853E+00, 1.155029E-04 
2.615477E+00, 1.457587E-04 
6.219809E+00, 6.331799E-05 
6.721905E+00, 3.345861E-05 
7.065893E+00, 2.690439E-05 
5.789021E+00, 6.835136E-05 
7.704853E+00, 1.054803E-05 
8.108871E+00, 1.079309E-05 
3.229326E+00, 3.397945E-04 
3.011100E+00, 2.071734E-04 
1.596710E+00, 3.952526E-04 
9.301364E+00, 2.911399E-06 
3.262345E+00, 2.142039E-04 
3.700574E+00, 1.471675E-04 
5.923918E+00, 7.800669E-05 
6.174848E+00, 4.757835E-05 
1.529395E+00, 2.446068E-04 
1.551330E+00, 3.949417E-04 
5.036866E+00, 8.049255E-05 
1.716964E+00, 4.095474E-04 
5.333294E+00, 8.049255E-05 
9.496654E+00, 5.706962E-06 
5.836085E+00, 9.584757E-05 
2.540610E+00, 1.294221E-04 
2.866238E+00, 2.444788E-04 
8.332293E+00, 1.215450E-05 
2.368190E+00, 4.194898E-04 
8.555401E+00, 6.923137E-06 
7.000009E+00, 5.632750E-05 
9.796837E+00, 1.986639E-06 
3.736592E-01, 1.898663E-04 
7.407799E+00, 2.978650E-05 
9.756298E+00, 1.377635E-06 
2.249934E+00, 2.278996E-04 
1.998557E+00, 2.914436E-04 
8.709980E+00, 5.178393E-06 
4.260591E+00, 8.933897E-05 
5.717227E+00, 8.534191E-05 
9.343652E+00, 2.451412E-06 
1.182516E+00, 2.214690E-04 
5.934839E-01, 5.788771E-04 
7.795500E+00, 1.635816E-05 
3.943961E-01, 2.619540E-04 
1.842224E+00, 4.875436E-04 
5.990203E+00, 4.591705E-05 
1.081849E+00, 4.190032E-04 
8.324120E+00, 1.409124E-05 
1.726939E+00, 2.606636E-04 
9.562189E+00, 1.348724E-06 
8.552097E+00, 7.808326E-06 
8.877556E+00, 4.083070E-06 
3.568396E+00, 2.517568E-04 
2.483821E+00, 3.626679E-04 
9.128058E+00, 5.181611E-06 
1.455587E+00, 3.917237E-04 
8.731792E+00, 6.981286E-06 
1.078308E+01, 1.021863E-06 
7.876033E+00, 1.738825E-05 
8.542356E+00, 6.003895E-06 
6.827361E+00, 3.344578E-05 
4.621422E+00, 1.646423E-04 
9.527806E+00, 1.763443E-06 
7.907015E+00, 1.319214E-05 
2.752819E+00, 2.774626E-04 
4.457991E+00, 1.980734E-04 
5.096938E+00, 9.229989E-05 
6.032393E+00, 3.458944E-05 
1.564016E+00, 1.112070E-04 
5.701182E+00, 4.171654E-05 
9.408312E+00, 1.973971E-06 
8.198922E+00, 8.859003E-06 
3.785804E+00, 2.737983E-04 
1.504799E+00, 4.714940E-04 
9.059708E+00, 3.594082E-06 
6.764877E+00, 2.738503E-05 
7.581764E+00, 1.108083E-05 
9.933572E+00, 7.637931E-07 
1.088794E+01, 9.064325E-07 
1.113773E+00, 3.045811E-04 
8.552657E+00, 3.706217E-06 
4.166196E+00, 2.524820E-04 
4.635838E+00, 1.216127E-04 
2.617659E+00, 1.932413E-04 
5.169110E+00, 1.308534E-04 
3.779232E+00, 1.891047E-04 
2.037275E+00, 3.489740E-04 
2.548369E+00, 3.172403E-04 
6.394395E+00, 3.717395E-05 
6.654919E+00, 3.523027E-05 
7.158608E+00, 2.566231E-05 
2.336339E+00, 3.530761E-04 
1.968392E+00, 5.424385E-04 
8.625841E+00, 9.041069E-06 
1.832985E+00, 3.565518E-04 
5.302452E+00, 8.769972E-05 
1.778993E+00, 2.968605E-04 
8.357694E-01, 4.300358E-04 
8.337663E+00, 9.051059E-06 
8.777877E+00, 5.578742E-06 
8.199275E+00, 6.358012E-06 
7.581632E+00, 2.166672E-05 
9.047561E+00, 1.906768E-06 
9.988807E+00, 1.249714E-06 
2.904710E+00, 1.810389E-04 
4.070529E-01, 2.326302E-03 
9.706968E+00, 2.995889E-06 
7.976894E-01, 2.735561E-04 
5.937853E+00, 7.100723E-05 
3.326393E+00, 1.894365E-04 
1.091427E+01, 7.472025E-07 
7.029892E+00, 4.740848E-05 
8.838473E+00, 9.886456E-06 
1.093257E+01, 8.873111E-07 
6.265569E+00, 4.854319E-05 
5.297485E+00, 8.706293E-05 
8.689214E+00, 5.178393E-06 
3.045019E+00, 1.586920E-04 
9.303682E+00, 2.313886E-06 
9.149833E+00, 3.382434E-06 
6.384812E+00, 4.017866E-05 
4.424484E+00, 9.229989E-05 
7.632122E+00, 2.098603E-05 
6.383472E+00, 3.128597E-05 
7.377023E+00, 3.160742E-05 
4.177965E-02, 8.393030E-04 
4.882611E-01, 2.465235E-04 
4.279639E+00, 1.331354E-04 
3.510560E-01, 5.419553E-04 
9.612992E+00, 1.226994E-06 
9.890859E+00, 1.106391E-06 
3.733956E+00, 2.322851E-04 
1.086743E+01, 6.989064E-07 
4.641636E+00, 1.502426E-04 
1.691426E+00, 3.270289E-04 
7.706192E+00, 9.329796E-06 
2.231567E+00, 2.889507E-04 
7.480317E+00, 1.755204E-05 
2.550858E+00, 2.145043E-04 
1.751077E+00, 4.432310E-04 
5.255817E-01, 3.238904E-04 
8.121471E-01, 3.361533E-04 
4.872567E+00, 1.322942E-04 
2.535134E+00, 2.162233E-04 
7.082578E+00, 3.699878E-05 
7.617545E+00, 1.627515E-05 
4.084316E+00, 2.095330E-04 
9.699302E+00, 5.154847E-07 
6.227576E+00, 3.880456E-05 
9.493767E+00, 1.407516E-06 
4.447970E+00, 1.201959E-04 
5.341121E+00, 5.500289E-05 
5.037230E+00, 1.185176E-04 
4.679608E+00, 1.498591E-04 
1.578771E+00, 2.456532E-04 
4.325190E+00, 1.597535E-04 
3.613906E+00, 1.518822E-04 
8.618664E+00, 9.603627E-06 
7.666909E-01, 2.457849E-04 
4.825035E+00, 1.016410E-04 
9.849201E+00, 1.241854E-06 
9.836966E+00, 1.033235E-06 
1.032611E+01, 8.040374E-07 
6.255813E-01, 2.705054E-04 
8.861745E+00, 3.913253E-06 
-5.328067E-02, 2.790729E-04 
8.886336E+00, 5.525779E-06 
6.626599E-01, 2.532723E-04 
9.393502E+00, 2.709168E-06 
1.784097E+00, 3.367034E-04 
9.938219E+00, 8.916129E-07 
9.627789E+00, 1.223840E-06 
9.567700E+00, 1.914093E-06 
1.051205E+01, 9.451238E-07 
1.700604E-01, 3.054001E-04 
2.152686E-01, 3.054001E-04 
1.054261E-01, 3.054001E-04 
1.145641E-02, 3.054001E-04 
3.820521E-01, 6.108002E-04 
2.478448E-01, 6.108002E-04 
1.224840E-01, 6.108002E-04 
-7.440642E-02, 3.054001E-04 
2.206234E-01, 3.054001E-04 
2.019227E-02, 3.054001E-04 
7.497518E-02, 3.054001E-04 
3.590404E-01, 3.054001E-04 
2.682443E-01, 1.163151E-03 
-3.386457E-02, 5.815755E-04 
1.634370E-01, 5.815755E-04 
1.855260E-01, 5.815755E-04 
3.483553E-01, 2.322557E-04 
1.610171E-01, 2.193782E-04 
2.017400E-01, 2.083102E-04 
1.381892E-01, 2.907877E-04 
-1.045422E-01, 2.907877E-04 
3.478072E-01, 1.975866E-04 
6.672010E-01, 2.214473E-04 
3.164750E-01, 1.898663E-04 
3.258376E-01, 1.768905E-04 
2.921046E-01, 1.659819E-04 
2.010056E-01, 1.575963E-04 
3.558198E-01, 1.536910E-04 
1.161997E-01, 1.453939E-04 
6.087186E-01, 3.564778E-04 
8.940851E-01, 3.365354E-04 
1.017262E+00, 2.397507E-04 
7.478038E-01, 2.360455E-04 
9.080821E-01, 2.346032E-04 
8.278707E-01, 2.461382E-04 
1.128675E+00, 2.223958E-04 
1.155753E+00, 2.221452E-04 
1.620262E+00, 2.852237E-04 
1.406058E+00, 2.614313E-04 
1.344751E+00, 2.332874E-04 
1.450799E+00, 2.446068E-04 
1.182875E+00, 2.166160E-04 
1.336635E+00, 2.098235E-04 
1.362952E+00, 2.088402E-04 
1.448426E+00, 2.849013E-04 
1.628344E+00, 2.430870E-04 
1.574026E+00, 2.371114E-04 
1.809863E+00, 3.367034E-04 
1.614340E+00, 3.105392E-04 
1.534891E+00, 2.507922E-04 
1.558431E+00, 2.464925E-04 
2.130515E+00, 3.409039E-04 
2.192211E+00, 3.751593E-04 
2.175589E+00, 2.916951E-04 
2.072072E+00, 2.889507E-04 
2.097155E+00, 2.723504E-04 
2.121553E+00, 3.788038E-04 
2.268831E+00, 3.500899E-04 
2.123888E+00, 3.474269E-04 
2.053151E+00, 2.713491E-04 
2.316412E+00, 2.321610E-04 
2.085806E+00, 2.278996E-04 
2.172464E+00, 3.432633E-04 
2.315683E+00, 2.660916E-04 
2.143644E+00, 2.316108E-04 
2.122183E+00, 2.303086E-04 
2.143046E+00, 2.196363E-04 
2.251772E+00, 2.189897E-04 
2.279621E+00, 2.132343E-04 
2.689585E+00, 2.529703E-04 
2.675439E+00, 1.932413E-04 
2.678927E+00, 1.810389E-04 
2.735430E+00, 1.783954E-04 
2.717567E+00, 1.607478E-04 
2.741166E+00, 1.522022E-04 
2.730603E+00, 1.586920E-04 
2.591509E+00, 2.145043E-04 
2.653347E+00, 1.489976E-04 
2.794528E+00, 2.427320E-04 
2.724043E+00, 1.711760E-04 
2.615035E+00, 1.652484E-04 
2.609364E+00, 1.633990E-04 
2.547190E+00, 1.620203E-04 
3.084012E+00, 2.142133E-04 
3.002564E+00, 2.049609E-04 
3.114412E+00, 1.854332E-04 
3.137750E+00, 1.628641E-04 
3.475262E+00, 1.592131E-04 
2.896175E+00, 1.892552E-04 
2.881607E+00, 1.806086E-04 
2.998422E+00, 1.486992E-04 
3.823962E+00, 1.898616E-04 
3.433715E+00, 1.366996E-04 
3.327352E+00, 1.913285E-04 
3.347649E+00, 1.693009E-04 
3.488816E+00, 1.608360E-04 
3.297562E+00, 1.576541E-04 
3.709679E+00, 1.523352E-04 
3.112440E+00, 1.453903E-04 
3.487150E+00, 1.424750E-04 
3.577982E+00, 1.331616E-04 
3.603853E+00, 1.330922E-04 
3.264116E+00, 1.289073E-04 
3.633880E+00, 1.183706E-04 
3.533136E+00, 1.116286E-04 
3.962218E+00, 1.537782E-04 
3.686536E+00, 1.404784E-04 
3.854764E+00, 1.215272E-04 
4.101498E+00, 1.432005E-04 
3.888359E+00, 1.313321E-04 
3.878081E+00, 1.354174E-04 
3.995087E+00, 1.110731E-04 
3.793419E+00, 1.089850E-04 
3.840551E+00, 1.018803E-04 
4.057885E+00, 1.121913E-04 
4.197178E+00, 1.118602E-04 
4.047768E+00, 1.027932E-04 
4.090652E+00, 9.982625E-05 
3.530029E+00, 1.252169E-04 
4.171712E+00, 9.876078E-05 
4.285784E+00, 1.206260E-04 
4.275212E+00, 1.016881E-04 
4.247616E+00, 1.043646E-04 
4.200947E+00, 8.870497E-05 
4.453306E+00, 8.850014E-05 
4.275102E+00, 8.216025E-05 
4.596517E+00, 1.041432E-04 
4.699437E+00, 8.904512E-05 
4.790735E+00, 8.165183E-05 
4.821317E+00, 7.345948E-05 
4.691859E+00, 7.037326E-05 
4.447200E+00, 9.409192E-05 
2.935820E+00, 9.280471E-05 
4.376900E+00, 8.213501E-05 
5.007745E+00, 7.384642E-05 
4.901788E+00, 7.256711E-05 
5.112065E+00, 6.992561E-05 
5.102272E+00, 7.515323E-05 
5.233228E+00, 6.775216E-05 
4.807960E+00, 7.073532E-05 
4.929422E+00, 6.451174E-05 
4.974557E+00, 6.177945E-05 
5.512819E+00, 7.281042E-05 
4.992264E+00, 6.037255E-05 
5.515456E+00, 5.525977E-05 
5.406498E+00, 7.613763E-05 
5.211032E+00, 6.409102E-05 
5.601597E+00, 5.382227E-05 
5.081732E+00, 4.935522E-05 
5.524554E+00, 4.868983E-05 
5.585079E+00, 6.189636E-05 
5.445030E+00, 5.403196E-05 
5.673887E+00, 4.842871E-05 
5.782306E+00, 4.810208E-05 
1.515083E+00, 3.659515E-05 
1.438758E+00, 7.319030E-05 
5.614728E+00, 4.697475E-05 
1.831417E+00, 5.560349E-05 
1.394692E+00, 5.560349E-05 
5.905088E+00, 6.168972E-05 
5.613935E+00, 4.903636E-05 
5.843553E+00, 4.692640E-05 
5.823457E+00, 4.450504E-05 
1.415828E+00, 3.602619E-05 
1.181303E+00, 1.441048E-04 
1.447058E+00, 7.205239E-05 
5.860676E+00, 4.207344E-05 
5.646202E+00, 3.966957E-05 
6.210351E+00, 5.247889E-05 
1.279501E+00, 6.346541E-05 
1.415301E+00, 6.346541E-05 
5.868262E+00, 3.798825E-05 
5.976522E+00, 3.909803E-05 
5.929723E+00, 3.617103E-05 
1.337521E+00, 3.659515E-05 
6.297855E+00, 3.734538E-05 
6.216132E+00, 3.353046E-05 
6.250284E+00, 3.056197E-05 
1.437827E+00, 3.602619E-05 
6.360749E+00, 3.330376E-05 
6.392100E+00, 2.132481E-05 
6.454411E+00, 3.167873E-05 
6.593496E+00, 3.070960E-05 
6.666144E+00, 2.813083E-05 
6.849525E+00, 2.556066E-05 
6.882118E+00, 2.532751E-05 
6.803354E+00, 2.506945E-05 
6.924653E+00, 3.190739E-05 
6.900276E+00, 2.465465E-05 
6.437491E+00, 2.485817E-05 
7.063082E+00, 2.758906E-05 
6.910580E+00, 2.347584E-05 
7.145407E+00, 2.115930E-05 
6.603052E+00, 2.132481E-05 
7.580396E+00, 1.551695E-05 
6.919822E+00, 2.059861E-05 
7.218147E+00, 1.415352E-05 
7.467656E+00, 1.336937E-05 
7.634784E+00, 1.278050E-05 
7.509036E+00, 1.231828E-05 
7.563758E+00, 1.202976E-05 
7.483240E+00, 1.175310E-05 
7.558991E+00, 1.160116E-05 
7.518831E+00, 1.118411E-05 
7.425214E+00, 1.108083E-05 
7.674937E+00, 1.719927E-05 
8.155842E+00, 9.051059E-06 
8.220994E+00, 9.634610E-06 
3.088729E-01, 3.634847E-05 
3.596577E-01, 7.269694E-05 
3.541826E-01, 7.269694E-05 
3.197326E-01, 7.269694E-05 
3.955424E-01, 7.269694E-05 
2.396941E-01, 7.269694E-05 
2.653117E-01, 7.269694E-05 
2.876681E-01, 7.269694E-05 
3.047846E-01, 3.634847E-05 
8.108098E+00, 1.042990E-05 
8.605081E+00, 6.387841E-06 
9.127986E+00, 3.129072E-06 
8.989438E+00, 3.538617E-06 
9.122238E+00, 2.983911E-06 
8.935455E+00, 2.765234E-06 
8.835338E+00, 2.686322E-06 
9.306799E+00, 2.538335E-06 
9.122152E+00, 2.457960E-06 
9.149018E+00, 2.457960E-06 
9.243699E+00, 2.457960E-06 
9.094483E+00, 2.313886E-06 
9.168989E+00, 2.244657E-06 
9.202619E+00, 2.234644E-06 
9.109457E+00, 1.906768E-06 
9.227237E+00, 1.881951E-06 
9.167420E+00, 1.861612E-06 
8.755028E+00, 1.791967E-06 
9.250222E+00, 2.407356E-06 
9.265402E+00, 1.997464E-06 
9.500621E+00, 1.875723E-06 
9.544531E+00, 1.839139E-06 
9.429361E+00, 1.775007E-06 
9.262311E+00, 1.745321E-06 
9.689502E+00, 1.681558E-06 
9.703462E+00, 1.144763E-06 
9.874071E+00, 1.318215E-06 
9.906502E+00, 1.082993E-06 
9.995866E+00, 1.049860E-06 
9.892367E+00, 1.033235E-06 
9.757528E+00, 9.727326E-07 
9.615027E+00, 1.573980E-06 
9.649571E+00, 1.573980E-06 
9.811243E+00, 8.705942E-07 
1.023678E+01, 9.536889E-07 
1.005622E+01, 9.361754E-07 
9.912065E+00, 8.703918E-07 
1.006866E+01, 7.545177E-07 
9.936469E+00, 7.317860E-07 
