1.381997E+00, 2.225493E-04 
3.311541E+00, 1.306582E-04 
6.388256E-01, 3.471561E-04 
4.794418E-01, 2.742778E-04 
1.734592E+00, 3.597410E-04 
2.718256E+00, 8.675290E-05 
1.073576E+01, 8.515607E-07 
1.080321E+00, 4.749316E-04 
6.098109E+00, 4.750651E-05 
1.053574E+01, 8.664922E-07 
7.733929E+00, 1.629176E-05 
8.689134E+00, 5.005499E-06 
9.809096E+00, 1.732647E-06 
1.016209E+01, 1.264944E-06 
1.001820E+01, 6.338442E-07 
3.909478E-01, 3.701529E-04 
3.215649E-01, 2.889895E-04 
3.746347E+00, 1.321459E-04 
3.217284E+00, 1.913282E-04 
2.933878E+00, 2.664260E-04 
7.149712E+00, 3.013180E-05 
4.074051E+00, 1.160847E-04 
4.863902E+00, 1.221242E-04 
1.089285E+01, 8.215677E-07 
1.084003E+01, 4.941168E-07 
5.991830E+00, 4.452273E-05 
6.346409E+00, 4.511718E-05 
7.948442E+00, 9.527968E-06 
3.537023E+00, 1.500490E-04 
8.326042E+00, 1.079564E-05 
5.656864E+00, 8.842661E-05 
6.592281E-01, 4.649799E-04 
7.652368E+00, 1.743327E-05 
4.959780E+00, 7.800918E-05 
7.210831E+00, 2.925938E-05 
2.916280E+00, 2.141916E-04 
6.240944E+00, 4.132334E-05 
9.536028E+00, 1.579009E-06 
4.628857E-01, 6.820470E-04 
5.273653E+00, 5.980540E-05 
4.485180E+00, 7.279769E-05 
7.225465E+00, 1.671533E-05 
6.390931E-01, 3.128293E-04 
7.135205E+00, 1.608746E-05 
3.868556E+00, 2.488262E-04 
3.148537E-01, 5.703937E-04 
5.022731E+00, 1.021231E-04 
3.205430E+00, 2.402728E-04 
7.612602E-01, 5.120023E-04 
8.345235E+00, 8.415364E-06 
7.902661E+00, 3.965000E-06 
9.144893E+00, 3.353523E-06 
4.265173E+00, 1.316466E-04 
1.177210E+00, 2.442065E-04 
1.118737E+00, 1.428269E-04 
7.510793E+00, 2.256626E-05 
7.426127E+00, 3.283510E-05 
7.361342E+00, 1.354199E-05 
4.073837E-01, 2.537310E-04 
5.962200E-02, 1.646896E-04 
1.372433E-01, 1.616561E-04 
9.544568E+00, 6.709574E-07 
1.406097E+00, 4.238650E-04 
2.147401E+00, 2.462766E-04 
4.185976E+00, 1.729690E-04 
1.855845E+00, 1.756013E-04 
4.878724E+00, 6.840385E-05 
6.658497E+00, 2.211155E-05 
8.005615E+00, 1.068928E-05 
6.277437E+00, 3.310684E-05 
3.768561E+00, 9.879433E-05 
7.250652E-01, 2.974934E-04 
8.006039E+00, 2.194832E-05 
1.007689E+01, 5.124597E-07 
9.762688E+00, 2.347933E-06 
9.122345E+00, 3.749650E-06 
2.142913E+00, 2.368202E-04 
1.899403E+00, 1.878477E-04 
3.290033E+00, 1.383342E-04 
4.561750E+00, 1.033951E-04 
4.677280E+00, 1.296913E-04 
8.248199E+00, 1.147498E-05 
3.636575E+00, 1.265826E-04 
2.303577E+00, 2.824688E-04 
3.104067E+00, 1.808592E-04 
1.565874E-01, 2.969800E-04 
3.370275E+00, 1.617934E-04 
7.154211E+00, 2.777689E-05 
1.735046E+00, 2.103048E-04 
6.140732E+00, 6.985009E-05 
1.072257E+00, 3.326635E-04 
2.116586E+00, 3.653498E-04 
8.278390E-01, 3.765828E-04 
2.965753E+00, 1.860591E-04 
8.946155E+00, 5.314811E-06 
7.026296E+00, 4.081061E-05 
1.289723E+00, 2.580178E-04 
4.525518E+00, 1.186961E-04 
1.163280E+00, 2.486555E-04 
3.961292E+00, 2.675675E-04 
1.300935E+00, 2.058356E-04 
3.880954E+00, 2.298495E-04 
2.604273E+00, 2.602902E-05 
3.496398E+00, 1.775343E-04 
7.533019E+00, 2.601124E-05 
9.489847E-01, 3.067965E-04 
8.294238E+00, 9.471971E-06 
5.168091E+00, 6.109230E-05 
6.765515E+00, 2.929881E-05 
5.937269E+00, 4.520379E-05 
1.044898E+00, 2.058356E-04 
4.406872E+00, 1.111250E-04 
8.236517E+00, 5.618466E-06 
4.961043E+00, 9.051758E-05 
4.654430E+00, 1.867102E-04 
4.614986E+00, 1.699480E-04 
2.773025E+00, 1.565959E-04 
4.930532E-01, 3.041917E-04 
2.899651E+00, 2.060576E-04 
9.957247E+00, 6.542445E-07 
4.147720E+00, 1.486202E-04 
1.297351E+00, 4.287889E-04 
8.264900E+00, 1.022511E-05 
5.010745E+00, 6.098328E-05 
4.367723E+00, 1.244537E-04 
6.494058E+00, 3.897752E-05 
6.388012E+00, 2.461479E-05 
7.511953E+00, 2.248327E-05 
3.374689E+00, 2.008865E-04 
5.228436E+00, 7.360271E-05 
1.315623E+00, 2.756387E-04 
9.479347E+00, 2.258744E-06 
2.695134E+00, 2.348579E-04 
8.751369E+00, 4.165708E-06 
2.184952E+00, 2.910293E-04 
1.151183E+00, 2.471425E-04 
7.076153E+00, 2.572546E-05 
5.867417E-01, 5.695659E-04 
3.672972E+00, 7.734939E-05 
6.299853E+00, 5.932378E-05 
6.162946E+00, 3.167160E-05 
7.062050E+00, 2.819989E-05 
9.375546E+00, 3.390282E-06 
5.383917E+00, 7.474274E-05 
1.995502E-01, 5.253661E-04 
9.328045E+00, 2.844899E-06 
8.329257E+00, 1.090569E-05 
3.798532E+00, 2.366491E-04 
7.944790E+00, 1.564390E-05 
8.970345E+00, 4.742445E-06 
7.425546E+00, 3.111788E-05 
1.031786E+01, 1.355107E-06 
1.560087E-01, 4.805709E-04 
2.593435E+00, 3.256479E-04 
2.534179E+00, 1.796144E-04 
8.939522E+00, 5.072700E-06 
8.279714E+00, 1.595252E-05 
5.609179E+00, 6.230384E-05 
3.986468E+00, 1.181769E-04 
7.759191E+00, 2.554777E-05 
2.668899E+00, 1.841738E-04 
2.125087E+00, 2.906567E-04 
1.499889E+00, 4.048765E-04 
7.463412E+00, 2.548867E-05 
4.845060E+00, 7.869105E-05 
1.969966E+00, 2.351727E-04 
3.337209E+00, 1.606515E-04 
6.906894E-01, 2.537310E-04 
4.939987E-01, 1.660305E-03 
8.192000E+00, 1.349888E-05 
3.802648E+00, 2.444004E-04 
6.887420E+00, 4.221531E-05 
9.792169E+00, 1.644970E-06 
3.858454E+00, 1.130837E-04 
7.992732E+00, 1.773608E-05 
5.484026E+00, 9.291174E-05 
1.386751E+00, 5.291438E-04 
9.373523E+00, 2.672600E-06 
6.098055E+00, 3.986826E-05 
1.997271E+00, 3.542979E-04 
2.588448E+00, 1.661287E-04 
1.231022E+00, 2.278331E-04 
1.959526E+00, 3.331525E-04 
9.271635E+00, 3.479726E-06 
6.141412E+00, 4.138807E-05 
3.455711E+00, 1.771522E-04 
4.067560E+00, 9.265268E-05 
2.294120E+00, 2.277377E-04 
3.301242E+00, 1.624053E-04 
6.541725E+00, 6.041450E-05 
2.330970E+00, 2.383485E-04 
6.740309E-01, 3.157569E-04 
4.923697E+00, 9.081852E-05 
7.537950E-01, 2.996069E-04 
1.917065E+00, 2.399413E-04 
8.976126E+00, 3.045157E-06 
1.546863E+00, 3.149096E-04 
8.547224E+00, 5.020607E-06 
1.743125E+00, 4.185674E-04 
5.404814E-01, 5.311496E-04 
9.247261E-02, 4.993868E-04 
1.009000E+01, 6.501507E-07 
3.827509E+00, 1.778561E-04 
5.328204E+00, 9.072718E-05 
3.800042E+00, 2.043092E-04 
3.149928E+00, 2.114503E-04 
8.782538E+00, 5.020607E-06 
3.566758E+00, 2.672518E-04 
6.588539E+00, 2.638820E-05 
5.084514E+00, 5.995531E-05 
7.796584E-01, 5.983195E-04 
5.891297E+00, 5.599558E-05 
2.509147E+00, 3.123122E-04 
7.809612E+00, 1.706344E-05 
5.600759E+00, 7.981735E-05 
4.838306E+00, 9.281304E-05 
7.416406E+00, 2.571462E-05 
8.551969E+00, 3.190157E-06 
4.314986E+00, 1.500668E-04 
2.413456E+00, 2.808551E-04 
7.851896E+00, 1.447606E-05 
4.061138E+00, 1.046480E-04 
6.053397E-01, 4.250218E-04 
9.710876E+00, 1.670102E-06 
6.590207E+00, 2.770803E-05 
3.553282E+00, 1.477426E-04 
6.996878E+00, 1.261044E-05 
9.845915E-01, 5.286634E-04 
2.435337E+00, 3.756676E-04 
5.046937E+00, 1.306334E-04 
3.691187E+00, 1.228151E-04 
4.181234E+00, 1.443356E-04 
2.984508E+00, 2.505738E-04 
9.253613E+00, 3.273876E-06 
4.610966E+00, 1.740057E-04 
2.622841E+00, 2.539067E-04 
2.959411E+00, 2.153891E-04 
-1.599665E-01, 1.302793E-02 
6.561716E+00, 3.897752E-05 
1.824515E+00, 2.777508E-04 
5.818714E-01, 5.064817E-04 
6.112256E+00, 5.426248E-05 
9.140120E+00, 4.953815E-06 
6.153117E+00, 5.918982E-05 
9.645140E+00, 1.846418E-06 
2.197371E+00, 1.619045E-04 
9.661888E+00, 7.781855E-07 
3.783118E+00, 1.529227E-04 
7.490686E+00, 2.296461E-05 
4.179393E+00, 1.325959E-04 
3.453791E+00, 1.899150E-04 
1.140014E+00, 2.955067E-04 
7.660388E+00, 1.342065E-05 
4.852099E+00, 1.478125E-04 
1.402723E+00, 2.172460E-04 
4.568543E+00, 1.145285E-04 
3.338682E+00, 2.235420E-04 
9.084741E-01, 3.208018E-04 
5.864605E+00, 4.820034E-05 
8.976525E+00, 6.135409E-06 
7.675550E+00, 1.517225E-05 
2.785599E+00, 2.698974E-04 
1.121405E+00, 5.123929E-04 
5.280150E+00, 7.703887E-05 
5.650479E+00, 8.871179E-05 
5.935003E+00, 5.303268E-05 
8.250746E+00, 1.735638E-05 
6.484380E+00, 4.473120E-05 
1.952157E+00, 3.732700E-04 
3.639552E+00, 2.088180E-04 
5.987245E+00, 8.078883E-05 
2.069002E+00, 4.427842E-04 
4.008285E+00, 2.197272E-04 
6.038588E+00, 7.619509E-05 
3.107685E+00, 2.456039E-04 
8.906512E+00, 3.444866E-06 
9.468732E+00, 2.488077E-06 
5.692710E+00, 6.346864E-05 
6.307636E+00, 3.011900E-05 
3.700930E+00, 2.275112E-04 
7.175463E+00, 2.097318E-05 
2.547757E-01, 5.531903E-04 
1.901178E+00, 3.004523E-04 
8.796976E+00, 4.482019E-06 
1.408892E+00, 2.423711E-04 
2.786730E+00, 2.369348E-04 
1.475440E+00, 1.742001E-04 
6.909257E-01, 2.419024E-04 
1.077028E+00, 3.026959E-04 
9.801817E+00, 1.065320E-06 
7.239627E+00, 2.925971E-05 
9.123336E+00, 2.224091E-06 
1.358001E+00, 3.082160E-04 
7.498499E+00, 1.666483E-05 
4.328875E+00, 1.080333E-04 
7.583847E+00, 2.080224E-05 
4.741767E-02, 2.889895E-04 
2.865012E+00, 1.267851E-04 
4.919234E+00, 8.201016E-05 
4.327987E+00, 1.580980E-04 
6.679536E+00, 4.143350E-05 
7.988305E+00, 1.454914E-05 
6.187633E+00, 7.063963E-05 
3.292496E+00, 2.124796E-04 
1.824697E+00, 4.088536E-04 
6.514723E+00, 2.453513E-05 
2.462926E+00, 1.590407E-04 
1.430048E+00, 2.723500E-04 
5.793051E+00, 5.377033E-05 
7.534501E+00, 1.617396E-05 
7.568610E+00, 2.826788E-05 
7.267774E+00, 2.826788E-05 
4.954589E+00, 1.233597E-04 
3.276277E+00, 2.593187E-04 
8.526247E+00, 7.418156E-06 
2.870271E-01, 4.993868E-04 
5.869998E+00, 6.583273E-05 
6.280430E+00, 5.057410E-05 
6.058731E+00, 8.127020E-05 
7.991089E+00, 1.290729E-05 
2.802365E+00, 3.175620E-04 
2.396374E+00, 3.247655E-04 
8.492961E+00, 6.765360E-06 
5.465520E+00, 2.853848E-05 
7.459732E+00, 1.886292E-05 
2.955891E+00, 2.587880E-04 
6.930929E+00, 2.319970E-05 
9.117208E+00, 4.301527E-06 
4.091588E+00, 1.212098E-04 
9.579157E-01, 1.416769E-04 
2.717560E+00, 2.401211E-04 
5.812690E+00, 6.466981E-05 
6.371119E+00, 4.064654E-05 
1.991382E+00, 2.567421E-04 
5.658565E+00, 2.693219E-05 
-4.979521E-01, 1.931320E-02 
8.264607E+00, 2.107539E-05 
2.394260E+00, 2.501928E-04 
6.325470E+00, 4.888691E-05 
3.167005E+00, 2.682995E-04 
9.983298E+00, 5.573323E-07 
3.763759E-01, 2.874344E-04 
1.480236E+00, 3.783842E-04 
5.010423E+00, 1.377797E-04 
4.151755E+00, 2.303238E-04 
9.899581E+00, 5.308546E-07 
2.143318E+00, 2.146435E-04 
5.736279E+00, 8.086619E-05 
5.011847E+00, 5.755344E-05 
1.116318E+01, 9.918086E-07 
9.757472E+00, 1.123387E-06 
4.954186E+00, 1.017776E-04 
3.357708E+00, 3.063147E-04 
6.536457E+00, 4.995430E-05 
5.577594E+00, 5.283912E-05 
2.068157E+00, 2.676433E-04 
4.892321E+00, 7.594835E-05 
7.213554E+00, 2.385267E-05 
7.430112E+00, 2.677040E-05 
9.616640E+00, 6.458548E-07 
8.938175E+00, 5.487081E-06 
1.836556E+00, 2.562749E-04 
1.347639E+00, 3.591031E-04 
5.294836E+00, 6.033093E-05 
2.457732E+00, 1.540884E-04 
5.333177E+00, 8.415909E-05 
3.618561E+00, 1.965780E-04 
2.054767E+00, 3.942771E-04 
4.476421E+00, 1.538238E-04 
8.265846E+00, 1.258467E-05 
7.928361E+00, 1.405979E-05 
7.109956E-01, 2.798522E-04 
8.433420E+00, 9.418194E-06 
8.412099E+00, 1.144320E-05 
4.215221E+00, 2.064965E-04 
9.808103E+00, 1.034241E-06 
9.517280E+00, 2.999006E-06 
4.301596E+00, 1.097328E-04 
9.778431E+00, 7.629351E-07 
-2.504954E+00, 1.618587E-02 
1.917475E+00, 2.534876E-04 
9.511372E+00, 2.153864E-06 
-4.683564E-02, 9.797193E-03 
2.389962E+00, 3.816921E-04 
2.349192E+00, 2.826621E-04 
1.020630E+00, 1.642010E-04 
2.562988E+00, 1.804658E-04 
9.963105E+00, 1.286694E-06 
9.032517E+00, 4.380573E-06 
8.545552E+00, 1.132215E-05 
3.856224E+00, 3.034286E-04 
5.373062E+00, 5.888132E-05 
8.563824E+00, 4.805790E-06 
3.455869E+00, 1.326603E-04 
7.988672E+00, 1.265046E-05 
7.675437E+00, 1.919195E-05 
7.436465E+00, 3.356184E-05 
3.427176E+00, 1.698216E-04 
6.023459E+00, 6.773725E-05 
1.284329E+00, 5.008832E-04 
4.913318E+00, 1.123563E-04 
8.583456E+00, 4.186065E-06 
6.279988E-01, 4.993868E-04 
5.644160E-01, 4.221228E-04 
8.592209E+00, 5.224936E-06 
9.736953E+00, 2.192351E-06 
3.092015E+00, 2.145514E-04 
2.415374E+00, 3.470382E-04 
8.173387E+00, 1.856830E-05 
5.359581E+00, 8.577334E-05 
4.752850E+00, 6.134674E-05 
3.203992E+00, 1.709252E-04 
4.313037E+00, 1.319221E-04 
2.568514E+00, 2.586480E-04 
2.675430E+00, 1.615016E-04 
6.813372E+00, 2.435832E-05 
2.075881E+00, 2.256561E-04 
4.075337E+00, 1.186102E-04 
2.810523E+00, 1.743370E-04 
7.785929E+00, 2.342121E-05 
3.862519E+00, 2.167607E-04 
6.575870E+00, 4.190620E-05 
3.302501E+00, 2.599131E-04 
4.364962E+00, 1.015383E-04 
8.050430E+00, 1.884265E-05 
7.992160E+00, 1.068928E-05 
2.141807E+00, 4.592540E-04 
6.455412E+00, 5.863197E-05 
1.894850E+00, 3.221790E-04 
8.486710E+00, 5.908253E-06 
8.340089E-01, 3.049681E-04 
6.184485E+00, 6.725556E-05 
7.580412E+00, 2.129555E-05 
7.588434E+00, 1.391963E-05 
2.771323E+00, 3.175620E-04 
8.702017E+00, 2.737715E-06 
9.371552E+00, 3.069228E-06 
9.475748E+00, 3.002432E-06 
3.760948E+00, 7.673618E-05 
5.722547E+00, 5.565841E-05 
2.733676E-01, 2.903472E-04 
7.158441E-01, 3.798859E-04 
4.181139E+00, 2.053774E-04 
7.576941E+00, 2.120332E-05 
7.672846E+00, 1.419432E-05 
6.790484E+00, 6.176043E-05 
5.582164E+00, 6.840272E-05 
4.193189E+00, 1.307918E-04 
6.780857E+00, 4.083611E-05 
3.311515E+00, 2.040584E-04 
8.979967E+00, 3.089947E-06 
1.635420E+00, 4.076229E-04 
7.104048E+00, 2.994972E-05 
6.581461E+00, 3.887284E-05 
5.222168E+00, 1.051494E-04 
1.618845E+00, 3.691175E-04 
8.433571E-01, 2.616469E-04 
5.004685E+00, 6.070037E-05 
1.928999E+00, 5.464902E-05 
4.626708E+00, 1.167662E-04 
5.322316E+00, 8.693157E-05 
8.949175E+00, 5.109704E-06 
8.000098E+00, 2.005823E-05 
4.356709E+00, 1.295601E-04 
2.266729E+00, 2.926557E-04 
9.137835E+00, 3.089947E-06 
5.343316E+00, 5.696083E-05 
5.331509E+00, 1.111560E-04 
9.473529E+00, 3.190350E-06 
3.836102E+00, 1.510410E-04 
3.078488E+00, 1.927760E-04 
1.963704E+00, 9.857140E-05 
3.765624E+00, 1.679226E-04 
-1.975138E-01, 7.949908E-04 
2.978734E+00, 1.718889E-04 
7.861657E+00, 2.603367E-05 
6.538321E+00, 2.610844E-05 
6.064588E+00, 7.585028E-05 
3.328236E+00, 1.409128E-04 
-6.482685E+00, 2.114187E-02 
7.308087E+00, 2.139302E-05 
9.162486E+00, 3.814892E-06 
6.575032E+00, 6.985794E-05 
5.794369E+00, 5.247064E-05 
9.905547E+00, 8.059794E-07 
8.438972E+00, 9.940462E-06 
9.283476E+00, 3.038458E-06 
8.282273E+00, 9.611581E-06 
6.350884E+00, 4.569991E-05 
7.947207E+00, 1.776013E-05 
5.856853E+00, 6.197031E-05 
5.515553E+00, 5.425215E-05 
1.196585E+00, 2.451927E-04 
6.644528E+00, 3.777523E-05 
5.069234E+00, 7.415836E-05 
2.402529E+00, 4.194799E-04 
8.821357E-01, 3.635323E-04 
7.761347E-01, 4.459567E-04 
3.777175E+00, 2.213153E-04 
7.951791E+00, 1.020041E-05 
-2.386444E-01, 2.091737E-04 
1.718569E+00, 1.569483E-04 
9.118576E-01, 2.480480E-04 
2.036146E+00, 2.927438E-04 
6.661323E-01, 3.503640E-04 
1.001409E+01, 1.407092E-06 
8.433897E+00, 5.903417E-06 
3.673445E-01, 4.897695E-04 
7.163713E+00, 2.335975E-05 
2.528353E+00, 1.833900E-04 
5.560499E+00, 8.499355E-05 
1.059751E+00, 2.234096E-04 
4.695693E+00, 1.138473E-04 
1.019252E+01, 7.413307E-07 
1.010382E+01, 7.577898E-07 
6.212595E+00, 5.303268E-05 
4.193588E+00, 1.968380E-04 
8.786532E+00, 3.956639E-06 
1.960374E+00, 2.539067E-04 
4.222427E+00, 9.980162E-05 
1.031762E+01, 6.675451E-07 
7.998077E+00, 1.290729E-05 
2.102119E+00, 2.618282E-04 
5.485664E+00, 7.573647E-05 
6.975264E+00, 2.739837E-05 
6.555087E+00, 6.385229E-05 
2.400258E+00, 4.288200E-04 
5.119947E+00, 7.364861E-05 
2.281680E+00, 1.846848E-04 
2.180852E+00, 1.852757E-04 
3.629034E+00, 1.481738E-04 
8.488705E+00, 9.438827E-06 
8.486151E+00, 4.763984E-06 
8.090337E+00, 1.239675E-05 
4.730052E+00, 1.013504E-04 
2.947714E+00, 1.708276E-04 
4.354071E+00, 9.696833E-05 
8.066135E+00, 1.913332E-05 
4.830617E+00, 1.065760E-04 
4.010196E+00, 2.488638E-04 
3.206192E+00, 1.468200E-04 
7.052547E+00, 2.667106E-05 
3.801989E+00, 2.600927E-04 
2.216001E+00, 3.082857E-04 
2.761943E-01, 5.574007E-04 
8.802960E+00, 1.008442E-05 
8.591140E+00, 5.224936E-06 
4.907868E+00, 8.117771E-05 
6.326039E+00, 5.325823E-05 
9.018934E+00, 2.573387E-06 
8.830861E+00, 2.324790E-06 
6.896805E+00, 2.931979E-05 
8.123699E+00, 1.818152E-05 
6.769508E+00, 4.272827E-05 
1.818161E+00, 3.570255E-04 
7.027387E+00, 2.255393E-05 
1.636854E+00, 4.323717E-04 
5.115036E+00, 9.512328E-05 
1.002448E+01, 5.392413E-07 
4.691537E+00, 1.478209E-04 
9.528255E+00, 2.533492E-06 
9.220122E+00, 2.541037E-06 
8.014592E+00, 1.578002E-05 
2.147263E+00, 2.717155E-04 
8.744096E-01, 5.423583E-04 
1.292181E+00, 2.031726E-04 
1.882238E+00, 3.049007E-04 
3.212510E+00, 2.462063E-04 
8.666555E+00, 6.804861E-06 
3.187072E+00, 2.144958E-04 
4.266395E+00, 9.479949E-05 
3.944493E+00, 2.475336E-04 
1.743923E+00, 2.657958E-04 
9.385943E+00, 3.055006E-06 
1.020981E+01, 1.065320E-06 
8.913320E+00, 6.223021E-06 
9.974086E-01, 2.677604E-04 
8.752520E+00, 7.678727E-06 
9.618765E+00, 3.091215E-06 
7.719698E+00, 1.938648E-05 
5.711717E+00, 6.555637E-05 
3.312308E+00, 1.505959E-04 
-2.215721E+00, 2.030481E-02 
5.527872E+00, 6.932010E-05 
3.200037E+00, 2.012424E-04 
6.978849E+00, 4.067941E-05 
7.096242E+00, 2.242515E-05 
6.212069E+00, 4.338383E-05 
5.071453E+00, 5.044899E-05 
2.855670E-01, 3.471561E-04 
3.076837E+00, 1.637698E-04 
5.486728E-01, 3.464956E-04 
8.132045E+00, 1.180683E-05 
9.961503E+00, 1.329897E-06 
5.864981E+00, 9.464198E-05 
5.295202E+00, 1.034213E-04 
9.483791E+00, 1.454241E-06 
5.677761E+00, 5.414359E-05 
3.520013E+00, 2.176281E-04 
9.277050E+00, 3.343334E-06 
5.080900E+00, 7.816965E-05 
4.976285E-01, 5.939600E-04 
6.017223E+00, 3.161854E-05 
1.972689E+00, 3.903795E-04 
4.139276E+00, 1.264373E-04 
6.019531E+00, 6.415740E-05 
8.880008E+00, 3.406855E-06 
1.543078E+00, 2.802486E-04 
7.983779E-01, 3.387765E-04 
3.324218E+00, 2.171178E-04 
4.659160E+00, 1.343882E-04 
5.260895E-01, 4.059572E-04 
4.825010E+00, 9.349175E-05 
9.580632E+00, 2.821620E-06 
7.870085E+00, 2.157166E-05 
4.691925E+00, 5.963273E-05 
6.559250E+00, 3.880335E-05 
4.846668E+00, 1.548077E-04 
3.269842E+00, 1.718889E-04 
4.805821E-01, 5.507716E-04 
2.844369E+00, 2.392354E-04 
2.139070E+00, 2.398354E-04 
1.083414E+00, 1.956552E-04 
3.128779E+00, 2.609669E-04 
2.401211E+00, 3.361318E-04 
-5.307196E-01, 1.734660E-02 
8.610170E+00, 5.689798E-06 
8.087541E+00, 1.415484E-05 
7.221008E+00, 2.365988E-05 
7.917802E+00, 1.276805E-05 
3.209097E+00, 1.297815E-04 
3.573987E+00, 1.141862E-04 
4.129546E+00, 1.276662E-04 
5.596541E-01, 5.832236E-04 
2.640444E-01, 3.279977E-04 
6.118152E+00, 4.905043E-05 
4.824367E+00, 5.944681E-05 
3.497496E+00, 2.003515E-04 
6.252448E+00, 4.083611E-05 
6.559523E+00, 5.011824E-05 
9.312610E+00, 3.525571E-06 
9.493214E+00, 2.126022E-06 
6.077959E+00, 4.735344E-05 
4.176521E+00, 9.958787E-05 
3.773579E+00, 2.132639E-04 
-7.313506E-03, 7.843665E-03 
3.476852E+00, 1.635407E-04 
1.549194E+00, 1.871921E-04 
9.807523E+00, 7.577898E-07 
4.005293E+00, 9.052605E-05 
1.695039E+00, 3.679215E-04 
8.012255E+00, 1.624710E-05 
4.176492E+00, 1.218507E-04 
3.006583E+00, 2.243540E-04 
7.047404E+00, 2.667106E-05 
3.633551E+00, 2.568775E-04 
8.614511E+00, 5.054478E-06 
3.409422E+00, 1.676664E-04 
5.021510E+00, 1.169096E-04 
2.276416E+00, 2.751181E-04 
8.770875E+00, 4.319669E-06 
9.584683E+00, 3.693347E-06 
6.443811E+00, 3.842792E-05 
7.075941E+00, 1.272481E-05 
6.187121E+00, 3.518939E-05 
8.179360E+00, 1.461680E-05 
6.500381E-01, 2.563041E-04 
4.359195E+00, 1.309388E-04 
8.445402E+00, 7.566735E-06 
2.783760E+00, 1.425291E-04 
3.658827E+00, 1.961102E-04 
1.762112E-01, 2.496934E-04 
8.880796E-01, 3.264885E-04 
3.665463E-01, 3.499905E-04 
4.101461E+00, 1.300659E-04 
3.023286E+00, 1.743370E-04 
7.391774E+00, 1.657459E-05 
3.451594E+00, 1.988431E-04 
7.373877E+00, 2.867090E-05 
9.444114E+00, 5.672089E-07 
7.995238E-01, 3.298359E-04 
8.933638E+00, 3.767719E-06 
2.120039E+00, 2.657217E-04 
4.202968E+00, 1.223896E-04 
8.117964E+00, 1.773163E-05 
1.415092E+00, 2.278331E-04 
4.203766E+00, 1.554634E-04 
5.481569E+00, 8.654722E-05 
6.708350E+00, 4.120831E-05 
9.642223E-01, 1.453795E-04 
8.583801E+00, 9.800199E-06 
7.902614E+00, 1.214451E-05 
7.230805E+00, 2.463998E-05 
1.134060E+00, 1.889368E-04 
9.944860E+00, 5.623761E-07 
7.297974E+00, 2.344706E-05 
5.872087E+00, 4.759116E-05 
2.683824E+00, 2.595729E-04 
3.497972E+00, 2.193686E-04 
8.992717E+00, 5.899349E-06 
9.698658E+00, 1.411356E-06 
1.205245E+00, 3.140124E-04 
7.379957E+00, 1.497498E-05 
8.164485E+00, 1.497909E-05 
4.044218E+00, 1.604495E-04 
5.321442E+00, 6.983192E-05 
7.093666E+00, 1.868619E-05 
5.877540E+00, 9.895342E-05 
8.999941E+00, 4.307728E-06 
1.509669E+00, 2.690726E-04 
6.542852E-01, 2.826923E-04 
8.961887E+00, 5.305138E-06 
3.639644E-01, 3.471561E-04 
9.857975E+00, 5.308546E-07 
6.679123E+00, 7.303903E-05 
4.379322E+00, 8.435751E-05 
7.121917E+00, 2.646169E-05 
8.098664E+00, 1.099307E-05 
8.949082E+00, 4.123288E-06 
7.200363E-01, 2.899872E-04 
7.642095E+00, 1.323131E-05 
6.727600E+00, 3.217457E-05 
6.353703E+00, 3.403852E-05 
8.063310E+00, 2.875461E-05 
7.151703E+00, 5.406821E-05 
5.815327E+00, 7.121510E-05 
1.768403E+00, 4.039291E-04 
4.431742E+00, 1.249207E-04 
8.570436E+00, 5.109168E-06 
7.880994E+00, 1.241957E-05 
4.725450E+00, 5.944681E-05 
1.931341E+00, 5.086173E-04 
2.586723E+00, 2.960460E-04 
4.867275E+00, 1.032340E-04 
5.466863E+00, 7.750680E-05 
2.718785E+00, 3.772253E-04 
9.883657E+00, 1.174920E-06 
1.017237E+01, 1.279107E-06 
4.766847E+00, 1.027155E-04 
8.984868E+00, 3.524273E-06 
7.668891E+00, 1.380992E-05 
1.485158E+00, 4.229040E-04 
8.713848E+00, 4.705087E-06 
1.216336E+00, 2.072769E-04 
6.052366E-01, 2.851968E-04 
7.699176E+00, 2.198608E-05 
4.537001E+00, 9.982865E-05 
5.583981E+00, 8.418282E-05 
3.615559E+00, 2.555912E-04 
5.245569E+00, 7.981735E-05 
6.455145E+00, 7.278070E-05 
1.567623E+00, 3.972452E-04 
5.464614E+00, 1.631032E-04 
9.755414E+00, 1.457662E-06 
5.970847E+00, 5.466058E-05 
1.171393E+00, 1.489040E-04 
9.297383E+00, 3.675385E-06 
4.271654E-01, 4.435643E-04 
2.530285E+00, 1.753843E-04 
3.465781E+00, 1.747355E-04 
1.732621E+00, 4.114996E-04 
6.807055E+00, 2.241227E-05 
8.747391E-01, 4.306016E-04 
2.023722E+00, 2.525366E-04 
9.138827E+00, 3.562823E-06 
7.038767E-01, 4.240187E-04 
5.652905E-01, 2.652001E-04 
5.969133E+00, 4.541131E-05 
7.337713E+00, 1.090177E-05 
7.738211E+00, 1.339052E-05 
7.025265E+00, 4.213757E-05 
1.332426E+00, 3.153413E-04 
4.561758E+00, 9.124153E-05 
9.392957E-01, 3.479318E-04 
7.973743E+00, 1.178609E-05 
4.092842E+00, 1.075672E-04 
5.603187E+00, 6.999334E-05 
9.325881E+00, 1.759113E-06 
6.954977E+00, 4.196570E-05 
4.910903E+00, 8.106381E-05 
5.558816E+00, 4.263882E-05 
-2.434843E+00, 1.855944E-02 
5.490548E+00, 6.197031E-05 
2.413704E-01, 2.903472E-04 
1.695768E+00, 5.038068E-04 
1.020161E+01, 6.709574E-07 
3.727851E+00, 1.719621E-04 
3.264687E-01, 3.340553E-04 
9.770227E+00, 1.164818E-06 
3.174482E+00, 1.627993E-04 
3.017579E+00, 1.567325E-04 
8.287602E-01, 2.889895E-04 
1.501720E-01, 5.538120E-04 
4.603271E+00, 1.165826E-04 
9.946879E-01, 3.405625E-04 
8.946217E+00, 3.693347E-06 
3.561968E+00, 3.121266E-04 
8.149552E+00, 1.461032E-05 
1.815439E+00, 2.827838E-04 
2.367127E+00, 2.516984E-04 
2.476706E+00, 4.766036E-04 
6.446187E+00, 4.299751E-05 
3.204541E+00, 1.898229E-04 
7.547270E+00, 1.778823E-05 
9.098881E+00, 3.586607E-06 
2.420429E+00, 2.894401E-04 
4.753110E+00, 8.480068E-05 
2.035298E+00, 3.253747E-04 
6.662683E+00, 3.343065E-05 
1.939317E+00, 3.458267E-04 
2.804661E+00, 2.170396E-04 
2.920089E+00, 2.376687E-04 
1.174650E+00, 2.455478E-04 
5.677812E+00, 4.061542E-05 
7.675211E+00, 9.228709E-06 
7.411636E+00, 2.825456E-05 
7.942477E+00, 1.822417E-05 
9.350731E+00, 3.399333E-06 
2.221738E+00, 3.233836E-04 
5.996001E+00, 5.351276E-05 
5.138458E+00, 9.290308E-05 
3.535960E+00, 1.863942E-04 
9.195872E+00, 3.576880E-06 
2.791810E+00, 2.552834E-04 
3.387203E-01, 6.011784E-04 
4.368323E+00, 1.073925E-04 
9.414927E+00, 6.405692E-06 
8.142000E+00, 1.024326E-05 
5.789523E+00, 7.524634E-05 
6.199979E+00, 5.373699E-05 
3.677325E+00, 1.556005E-04 
8.801135E+00, 5.718327E-06 
9.818710E+00, 1.324900E-06 
2.257780E+00, 2.921979E-04 
5.625461E+00, 5.337651E-05 
6.100500E+00, 4.260235E-05 
9.353943E+00, 3.835960E-06 
6.234906E+00, 6.069962E-05 
4.078869E+00, 1.467999E-04 
7.006000E+00, 2.479456E-05 
6.740196E+00, 3.663607E-05 
9.809188E+00, 1.683851E-06 
3.103719E-01, 5.220043E-04 
8.584547E+00, 8.897697E-06 
4.787272E+00, 1.051028E-04 
8.151659E+00, 2.098942E-05 
4.873378E+00, 1.228313E-04 
9.412666E+00, 3.395779E-06 
1.407605E+00, 2.272217E-04 
8.837040E+00, 4.152956E-06 
3.107272E+00, 2.806216E-04 
6.155734E+00, 4.509454E-05 
8.097579E+00, 1.128533E-05 
1.004611E+01, 6.944826E-07 
3.616475E+00, 2.916792E-04 
2.168011E+00, 2.983662E-04 
1.033855E+01, 1.279712E-06 
6.300776E+00, 5.980194E-05 
1.715784E+00, 3.080414E-04 
1.527123E+00, 2.007313E-04 
4.599055E+00, 1.249370E-04 
4.669514E+00, 8.485602E-05 
4.726158E+00, 5.846333E-05 
7.925737E+00, 2.763744E-05 
4.840612E+00, 7.360271E-05 
6.833941E+00, 3.877752E-05 
4.739549E+00, 6.162837E-05 
6.218364E-01, 1.248467E-04 
1.939517E+00, 3.739179E-04 
3.702833E+00, 2.087669E-04 
1.892209E+00, 4.349942E-04 
7.559382E+00, 2.025920E-05 
8.393355E+00, 1.337254E-05 
9.952915E+00, 1.055040E-06 
3.562925E+00, 1.291031E-04 
5.226161E+00, 5.843753E-05 
3.040285E+00, 2.501928E-04 
9.413271E+00, 4.984443E-06 
9.028244E+00, 3.203841E-06 
4.838356E+00, 1.517459E-04 
7.579747E+00, 1.844796E-05 
5.769127E-01, 4.993868E-04 
9.029895E+00, 3.524273E-06 
5.318550E+00, 1.006996E-04 
3.670151E+00, 1.923558E-04 
5.324939E+00, 1.034365E-04 
6.290033E+00, 2.788651E-05 
3.772899E+00, 2.232026E-04 
4.734371E-01, 1.132960E-03 
5.564474E-01, 3.069520E-04 
5.821411E+00, 7.585886E-05 
1.620064E+00, 4.414423E-04 
3.942281E+00, 2.954204E-04 
4.300948E+00, 9.785955E-05 
2.226650E+00, 3.742207E-04 
7.278716E+00, 3.170836E-05 
8.829407E+00, 5.975956E-06 
7.455302E+00, 1.513915E-05 
4.924759E+00, 6.203954E-05 
4.382471E+00, 1.588170E-04 
7.872596E+00, 1.299092E-05 
5.325014E+00, 8.951747E-05 
7.362875E+00, 1.216249E-05 
9.889178E-01, 1.464845E-04 
3.303738E+00, 2.085755E-04 
9.373546E+00, 3.055956E-06 
2.300125E-01, 5.429759E-04 
4.818048E+00, 1.379225E-04 
6.274494E+00, 5.509278E-05 
7.831451E+00, 1.064732E-05 
5.846173E+00, 6.619572E-05 
5.250047E+00, 6.725556E-05 
7.883184E+00, 1.244165E-05 
4.732445E+00, 9.848219E-05 
7.468549E+00, 2.004220E-05 
9.341804E+00, 4.570339E-06 
2.429022E+00, 2.368202E-04 
7.590536E+00, 2.068832E-05 
2.797944E-02, 4.290890E-04 
2.914275E+00, 3.439229E-04 
1.060194E+00, 2.666636E-04 
4.674689E+00, 1.854942E-04 
6.568058E+00, 6.733213E-05 
1.895330E+00, 3.856297E-04 
8.430448E-01, 4.891882E-04 
4.407127E+00, 1.123563E-04 
1.331219E+00, 3.082880E-04 
7.409139E+00, 3.753183E-05 
5.462068E+00, 9.342980E-05 
6.802531E+00, 3.268889E-05 
5.518407E-01, 4.189884E-04 
9.132422E+00, 3.792841E-06 
3.728212E+00, 2.306564E-04 
3.132864E+00, 1.900446E-04 
9.615123E+00, 9.469657E-07 
4.388698E+00, 1.799605E-04 
4.326955E+00, 1.436968E-04 
8.050688E+00, 1.150345E-05 
1.209140E+00, 2.856537E-04 
8.201474E+00, 1.917217E-05 
1.977919E+00, 2.960620E-04 
4.217820E+00, 1.160101E-04 
2.313229E+00, 3.523102E-04 
-9.990875E-01, 2.039257E-02 
7.130478E+00, 2.247267E-05 
1.805414E+00, 3.327788E-04 
1.238408E+00, 2.191559E-04 
1.115411E+01, 7.828201E-07 
4.043479E+00, 1.556026E-04 
1.013719E+01, 5.980200E-07 
3.747631E+00, 2.910677E-04 
2.037784E+00, 2.721206E-04 
1.968998E+00, 3.741702E-04 
3.196217E+00, 1.854521E-04 
4.681089E+00, 9.139867E-05 
5.857561E+00, 3.497272E-05 
2.095035E-01, 4.993868E-04 
5.608008E+00, 5.051417E-05 
2.180886E+00, 3.658559E-04 
5.873831E+00, 7.370458E-05 
5.051323E+00, 7.279769E-05 
1.836647E+00, 2.401923E-04 
9.235156E+00, 2.197203E-06 
4.642016E+00, 1.114042E-04 
4.850521E+00, 9.991917E-05 
4.150783E+00, 1.579199E-04 
6.275008E+00, 3.748297E-05 
4.415892E+00, 1.057631E-04 
9.107027E+00, 3.479165E-06 
5.740815E+00, 8.438516E-05 
7.745590E+00, 1.712990E-05 
4.386030E+00, 1.708903E-04 
8.278457E+00, 1.323131E-05 
8.578593E+00, 7.395324E-06 
5.600355E+00, 7.429239E-05 
4.273044E+00, 9.602195E-05 
5.292635E+00, 9.583670E-05 
6.534380E+00, 2.708144E-05 
9.449078E+00, 2.769401E-06 
2.211056E+00, 4.028936E-04 
4.667817E+00, 1.041825E-04 
4.465078E+00, 1.334254E-04 
2.001304E+00, 3.528918E-04 
6.014150E+00, 2.733029E-05 
2.082337E+00, 3.913720E-04 
-1.225235E+00, 1.973251E-02 
3.150182E+00, 2.461176E-04 
4.251057E+00, 1.307918E-04 
2.906145E+00, 2.578575E-04 
8.739304E+00, 6.135409E-06 
6.368521E+00, 3.516953E-05 
4.478828E-01, 4.872423E-04 
3.924725E-02, 2.805962E-04 
1.790798E+00, 3.497018E-04 
8.300200E+00, 1.442637E-05 
-4.557742E-02, 5.939600E-04 
8.845184E+00, 4.822965E-06 
4.291097E+00, 1.164906E-04 
9.212523E+00, 3.747559E-06 
1.618678E+00, 3.697431E-04 
7.124156E+00, 2.330480E-05 
6.785835E+00, 6.258134E-05 
6.019988E+00, 3.992879E-05 
8.924901E+00, 4.723102E-06 
8.067847E+00, 8.989334E-06 
2.744986E+00, 1.618046E-04 
1.745860E+00, 3.087645E-04 
4.792431E+00, 6.747566E-05 
1.357563E+00, 2.197419E-04 
9.651886E+00, 1.130046E-06 
8.201880E+00, 9.056132E-06 
4.124314E-01, 4.846853E-04 
8.439480E+00, 9.329734E-06 
1.952747E+00, 2.223347E-04 
8.451134E+00, 5.338409E-06 
-4.560873E+00, 1.858960E-02 
1.022589E+01, 9.219195E-07 
9.401694E+00, 2.804661E-06 
9.204290E+00, 2.857957E-06 
4.400300E+00, 1.149848E-04 
4.635330E+00, 5.560294E-05 
9.111316E+00, 4.151363E-06 
7.907482E+00, 1.435599E-05 
7.956391E+00, 1.869344E-05 
2.422981E+00, 1.585415E-04 
1.084780E+00, 2.488078E-04 
4.687099E-01, 3.747809E-04 
6.180770E+00, 5.410833E-05 
8.063470E+00, 1.808414E-05 
4.080988E+00, 1.738604E-04 
9.304130E+00, 2.414156E-06 
6.743727E+00, 4.885022E-05 
4.722545E+00, 1.668455E-04 
9.205043E+00, 3.206994E-06 
1.173210E+00, 1.605383E-04 
3.469275E+00, 2.171800E-04 
4.206559E-01, 4.926923E-04 
7.803987E+00, 1.706344E-05 
8.763928E+00, 4.412681E-06 
9.568849E+00, 2.966805E-06 
4.632787E+00, 6.257221E-05 
1.016875E+01, 6.338442E-07 
2.041600E+00, 2.707245E-04 
3.745756E+00, 1.561232E-04 
1.425764E+00, 4.604743E-04 
9.629368E+00, 6.449315E-07 
5.056837E+00, 8.301681E-05 
2.817005E+00, 3.211843E-04 
9.517820E+00, 9.273856E-07 
2.064237E+00, 2.256561E-04 
5.430794E+00, 9.730987E-05 
4.130275E+00, 1.087369E-04 
6.011027E+00, 3.862702E-05 
8.443933E+00, 2.467727E-05 
1.212282E+00, 3.017678E-04 
7.455701E+00, 2.356058E-05 
8.943069E+00, 4.556224E-06 
8.792966E+00, 1.172847E-05 
9.343651E+00, 1.409072E-06 
7.230700E+00, 3.453860E-05 
8.478486E+00, 7.846266E-06 
2.892647E+00, 2.379757E-04 
3.241492E+00, 1.540726E-04 
8.746199E+00, 4.290551E-06 
1.775484E+00, 2.314651E-04 
1.333793E+00, 2.074813E-04 
6.109310E+00, 8.119037E-05 
4.936026E+00, 1.118161E-04 
1.922589E+00, 2.982602E-04 
2.874259E+00, 2.465992E-04 
8.691666E+00, 4.754976E-06 
-2.825275E-01, 1.445905E-02 
9.158427E+00, 4.822965E-06 
7.541161E+00, 2.698901E-05 
8.072223E+00, 9.116542E-06 
4.914839E+00, 7.368840E-05 
1.719302E+00, 4.463751E-04 
6.324743E+00, 4.172566E-05 
7.530183E+00, 2.268017E-05 
7.528035E+00, 1.090177E-05 
6.418220E+00, 7.058336E-05 
6.302172E+00, 2.634416E-05 
4.522724E+00, 8.809345E-05 
5.541995E+00, 6.882086E-05 
7.646684E+00, 2.249573E-05 
2.671685E+00, 1.906275E-04 
4.119230E+00, 1.493230E-04 
9.777111E+00, 5.392413E-07 
1.258313E+00, 2.074813E-04 
1.908191E+00, 2.588477E-04 
4.207763E+00, 1.689142E-04 
7.533953E+00, 1.597245E-05 
2.734623E+00, 2.880701E-04 
3.575246E+00, 2.628777E-04 
4.803118E+00, 5.571275E-05 
9.454412E+00, 2.305199E-06 
3.662787E+00, 1.434181E-04 
6.625941E+00, 4.520379E-05 
2.597533E+00, 2.352200E-04 
6.668345E+00, 7.716908E-05 
9.395846E+00, 2.113713E-06 
8.605080E+00, 6.076034E-06 
8.369631E+00, 8.441568E-06 
3.381460E+00, 1.320753E-04 
3.694829E+00, 1.951644E-04 
3.261153E+00, 2.561636E-04 
9.481904E+00, 1.013225E-06 
2.630482E+00, 2.645273E-04 
3.934027E+00, 1.533944E-04 
7.912854E-01, 5.248067E-04 
1.314164E+00, 3.839310E-04 
1.464292E+00, 5.172273E-04 
4.516593E+00, 1.167437E-04 
5.331454E+00, 6.984572E-05 
5.458283E+00, 7.975397E-05 
7.849131E+00, 1.769045E-05 
8.365092E+00, 1.354003E-05 
9.232312E+00, 9.976142E-07 
9.060842E+00, 2.379093E-06 
-7.044296E+00, 1.838113E-02 
4.286499E-01, 3.504769E-04 
4.969037E+00, 1.391520E-04 
7.073943E+00, 4.375653E-05 
6.339975E+00, 3.762317E-05 
1.757719E-01, 3.471561E-04 
4.495612E+00, 1.934724E-04 
9.146642E+00, 4.646062E-06 
4.476585E+00, 8.435751E-05 
1.525013E+00, 4.751156E-04 
2.948381E+00, 1.254050E-04 
9.676160E+00, 2.347933E-06 
8.878203E-01, 6.040250E-04 
8.623076E+00, 4.863561E-06 
2.147101E+00, 3.061365E-04 
3.350190E+00, 2.267844E-04 
4.017273E+00, 1.809943E-04 
8.885915E+00, 5.440359E-06 
5.653158E+00, 5.575745E-05 
9.489243E+00, 3.302624E-06 
4.383552E+00, 1.632356E-04 
8.614940E+00, 3.969359E-06 
3.964799E+00, 1.188602E-04 
5.469059E-01, 3.504769E-04 
6.504350E-01, 3.459884E-04 
4.881401E+00, 8.292372E-05 
9.258081E+00, 9.219195E-07 
1.990348E+00, 3.052121E-04 
2.263446E+00, 4.143141E-04 
5.031820E-01, 4.135300E-04 
8.846770E+00, 5.537913E-06 
9.009234E+00, 4.749062E-06 
8.400882E+00, 9.116294E-06 
7.416787E+00, 3.619624E-05 
3.059393E+00, 3.102399E-04 
2.119131E+00, 4.371578E-04 
1.204658E+00, 4.411503E-04 
6.833192E+00, 3.506444E-05 
4.944447E+00, 1.073127E-04 
7.791642E+00, 2.042376E-05 
8.179108E+00, 8.751686E-06 
8.429062E+00, 5.770641E-06 
6.958939E+00, 3.494108E-05 
5.306559E+00, 6.119912E-05 
4.622929E+00, 1.946387E-04 
3.341422E-01, 4.797334E-04 
4.975962E-01, 5.305719E-04 
3.372646E+00, 1.749428E-04 
7.247472E+00, 2.681568E-05 
9.629135E+00, 9.889329E-07 
6.282447E+00, 3.612163E-05 
9.417798E+00, 4.394407E-06 
5.683458E+00, 8.236489E-05 
8.483073E+00, 6.372658E-06 
4.959341E+00, 6.840385E-05 
1.267124E+00, 2.248644E-04 
5.758160E+00, 9.819102E-05 
9.417718E+00, 1.515580E-06 
6.385251E+00, 2.617307E-05 
3.976289E+00, 1.536805E-04 
8.187208E+00, 1.023139E-05 
7.623779E+00, 1.067602E-05 
1.667172E+00, 1.954755E-04 
3.392278E+00, 1.475119E-04 
1.269680E+00, 2.406764E-04 
4.769110E+00, 1.625198E-04 
9.636882E+00, 1.978320E-06 
5.524346E+00, 7.893513E-05 
4.424839E-01, 3.789702E-04 
2.751140E+00, 2.147551E-04 
4.909427E+00, 8.552921E-05 
6.515450E+00, 5.077239E-05 
2.662166E+00, 2.348579E-04 
5.647322E+00, 6.900688E-05 
6.364659E+00, 4.900626E-05 
5.207492E+00, 7.694415E-05 
4.935310E+00, 7.688541E-05 
9.694052E-01, 3.280145E-04 
1.423316E+00, 2.531848E-04 
8.641322E+00, 4.960658E-06 
1.249363E+00, 2.450944E-04 
9.489562E+00, 1.728429E-06 
-2.590187E+00, 1.839213E-02 
1.257331E+00, 2.172460E-04 
6.641473E+00, 2.194728E-05 
8.429930E+00, 1.254985E-05 
7.178185E+00, 1.610688E-05 
3.673985E+00, 2.150123E-04 
4.099948E+00, 1.114042E-04 
1.161988E+00, 2.424707E-04 
4.548917E+00, 4.938376E-05 
8.957149E+00, 4.412681E-06 
4.280187E+00, 9.615767E-05 
6.860469E+00, 2.384225E-05 
6.871188E+00, 3.166190E-05 
6.020309E+00, 7.378278E-05 
1.025151E+01, 5.672089E-07 
5.152824E+00, 1.365449E-04 
9.564979E+00, 2.579726E-06 
9.579506E+00, 2.961374E-06 
7.421483E+00, 1.965718E-05 
8.097776E+00, 8.495348E-06 
7.279196E+00, 1.941242E-05 
5.045531E+00, 9.085977E-05 
8.256088E+00, 1.093865E-05 
5.362780E+00, 1.124883E-04 
6.481810E+00, 3.496069E-05 
1.027364E+00, 3.092175E-04 
2.882626E+00, 1.904299E-04 
4.424529E+00, 1.264891E-04 
5.797282E-01, 2.974934E-04 
6.790759E+00, 3.044650E-05 
9.733951E+00, 2.020204E-06 
7.246324E+00, 2.068183E-05 
5.184060E+00, 6.949127E-05 
8.059775E-01, 3.087833E-04 
3.820556E+00, 1.470909E-04 
4.102756E+00, 1.797156E-04 
9.413161E+00, 4.430961E-06 
1.831993E+00, 4.334033E-04 
6.555347E+00, 3.567813E-05 
8.014462E+00, 7.928152E-06 
7.107142E+00, 3.272045E-05 
1.277436E+00, 2.760449E-04 
8.915661E+00, 3.874045E-06 
5.381166E+00, 5.707697E-05 
1.634744E+00, 2.863934E-04 
5.538277E+00, 9.549828E-05 
6.784136E+00, 3.965595E-05 
6.209777E+00, 3.294804E-05 
7.505313E+00, 2.240314E-05 
3.448487E+00, 2.269576E-04 
9.101247E-01, 3.351430E-04 
2.106914E+00, 4.261102E-04 
5.234897E+00, 7.945497E-05 
5.013862E+00, 1.016058E-04 
9.048459E+00, 3.668304E-06 
6.718719E+00, 5.022086E-05 
7.085070E-01, 2.670858E-04 
6.018180E+00, 4.608258E-05 
3.481479E+00, 1.779908E-04 
2.775927E+00, 1.861031E-04 
5.277887E+00, 5.878191E-05 
6.554415E+00, 5.077239E-05 
6.792583E+00, 4.119697E-05 
5.630734E+00, 7.703887E-05 
7.155020E+00, 2.980258E-05 
3.672754E+00, 1.718209E-04 
1.447167E+00, 2.737444E-04 
4.206563E+00, 1.469837E-04 
1.160383E+00, 2.248644E-04 
5.925788E+00, 4.076277E-05 
2.461888E+00, 1.790753E-04 
7.462827E+00, 2.801000E-05 
6.193403E+00, 3.670852E-05 
8.380290E+00, 7.110252E-06 
2.192630E+00, 2.332617E-04 
1.782976E-01, 4.446047E-04 
8.924366E+00, 3.998323E-06 
9.306369E+00, 2.743540E-06 
2.767919E+00, 1.589025E-04 
7.245568E+00, 2.664800E-05 
1.846032E+00, 4.079345E-04 
8.610683E+00, 6.356223E-06 
1.653893E+00, 2.335672E-04 
1.289823E+00, 2.455478E-04 
1.026817E+00, 2.498513E-04 
3.780747E+00, 9.457192E-05 
3.446125E+00, 2.150181E-04 
3.770478E-01, 3.579472E-04 
9.322901E+00, 3.937996E-06 
9.618059E+00, 1.042888E-06 
2.695835E+00, 1.931362E-04 
4.931500E+00, 7.538688E-05 
2.978490E-01, 3.864619E-04 
3.586789E+00, 2.756852E-04 
9.643702E+00, 3.815765E-06 
1.589490E+00, 2.642377E-04 
9.264645E+00, 4.591415E-06 
2.237682E+00, 1.969052E-04 
9.209215E+00, 5.899349E-06 
4.189013E+00, 1.403144E-04 
1.231836E+00, 3.277974E-04 
9.623482E+00, 2.489532E-06 
6.338446E+00, 4.132334E-05 
2.633208E+00, 2.559879E-04 
-4.849448E-01, 1.657730E-02 
8.325377E+00, 1.118348E-05 
4.053231E+00, 2.714478E-04 
6.046998E+00, 4.519912E-05 
2.444889E+00, 1.660549E-04 
6.355565E+00, 4.518531E-05 
2.225980E+00, 3.027898E-04 
3.171081E+00, 2.451041E-04 
6.230122E+00, 5.211445E-05 
2.422075E+00, 3.487829E-04 
1.853426E+00, 2.918259E-04 
2.671997E+00, 2.755700E-04 
4.910403E+00, 1.000869E-04 
1.012540E+01, 6.627212E-07 
8.956455E+00, 4.319669E-06 
8.100230E+00, 1.448072E-05 
1.291550E+00, 3.370242E-04 
4.525927E+00, 1.149281E-04 
4.450627E+00, 9.303905E-05 
6.389660E+00, 2.934269E-05 
1.990370E+00, 2.567421E-04 
7.759097E+00, 1.291629E-05 
5.125550E+00, 7.301387E-05 
4.058293E+00, 1.062218E-04 
4.809350E+00, 6.719408E-05 
2.923690E+00, 1.830042E-04 
4.150288E+00, 1.379225E-04 
2.290009E+00, 2.761033E-04 
7.571210E+00, 2.107790E-05 
2.022460E+00, 2.659093E-04 
7.169073E+00, 2.003099E-05 
1.568757E+00, 3.576627E-04 
4.068589E+00, 1.656065E-04 
1.355353E+00, 3.911466E-04 
1.670376E+00, 2.802486E-04 
5.472123E+00, 5.795718E-05 
8.495946E+00, 7.662813E-06 
7.339792E+00, 2.004096E-05 
6.650424E+00, 5.606312E-05 
7.363825E+00, 2.937951E-05 
4.299360E+00, 1.045166E-04 
4.414133E+00, 8.576194E-05 
8.803260E+00, 3.448946E-06 
6.403189E+00, 4.495347E-05 
4.683632E+00, 8.537967E-05 
4.739493E+00, 1.112343E-04 
4.411799E+00, 9.303905E-05 
8.844962E+00, 6.374120E-06 
3.849601E+00, 9.850031E-05 
5.083940E+00, 9.019829E-05 
7.378019E+00, 2.994972E-05 
3.807562E-01, 4.967591E-04 
4.190331E+00, 1.640183E-04 
6.901076E+00, 1.882821E-05 
9.112752E+00, 4.186065E-06 
6.999560E+00, 3.225104E-05 
9.617770E+00, 2.522532E-06 
3.884374E-01, 3.046460E-04 
3.524729E+00, 1.763599E-04 
2.582044E+00, 3.330299E-04 
7.502140E+00, 2.040470E-05 
6.462547E+00, 3.124456E-05 
6.450576E+00, 3.653753E-05 
9.376755E+00, 1.246549E-06 
6.478450E+00, 7.451200E-05 
3.687262E+00, 1.199778E-04 
8.942543E+00, 3.385393E-06 
3.622182E+00, 1.841163E-04 
2.810183E+00, 1.832537E-04 
1.393094E+00, 2.918259E-04 
3.057857E-01, 3.250967E-04 
1.770462E+00, 3.703585E-04 
4.783699E-01, 4.232715E-04 
7.699797E+00, 1.961891E-05 
7.794117E+00, 1.853721E-05 
2.291228E+00, 2.859262E-04 
8.403295E+00, 5.893045E-06 
1.593516E+00, 2.850829E-04 
2.932418E+00, 2.208019E-04 
7.357481E+00, 1.853565E-05 
3.734045E+00, 9.077282E-05 
3.969953E+00, 1.541731E-04 
1.537706E+00, 2.905951E-04 
5.014137E+00, 8.200340E-05 
3.096485E+00, 1.850478E-04 
7.310198E+00, 2.390586E-05 
2.713883E+00, 2.430747E-04 
7.178591E+00, 1.615991E-05 
5.674810E+00, 7.508564E-05 
8.334956E+00, 1.029804E-05 
6.779763E+00, 3.497526E-05 
8.772840E+00, 4.117214E-06 
2.288976E+00, 2.562749E-04 
9.068053E+00, 3.357484E-06 
7.940747E+00, 1.856696E-05 
3.539379E+00, 1.280718E-04 
3.220965E+00, 2.203934E-04 
1.267556E+00, 2.677880E-04 
6.027519E+00, 7.813060E-05 
2.530042E+00, 1.540884E-04 
7.938372E+00, 2.420793E-05 
8.742532E+00, 1.075814E-05 
1.827235E+00, 3.218064E-04 
4.071458E+00, 1.715135E-04 
7.507834E-01, 3.838666E-04 
7.459401E+00, 2.696525E-05 
6.831320E+00, 2.537299E-05 
5.147093E+00, 5.696083E-05 
3.621251E+00, 9.649105E-05 
5.900089E+00, 6.174653E-05 
6.086740E+00, 9.415580E-05 
3.330507E+00, 2.174384E-04 
6.921700E+00, 2.874066E-05 
1.027422E+01, 6.196150E-07 
7.264290E+00, 2.849126E-05 
9.624581E+00, 3.490333E-06 
3.510229E+00, 1.337730E-04 
9.959530E+00, 7.353749E-07 
7.132358E+00, 2.536425E-05 
5.444182E+00, 2.627517E-05 
9.334915E+00, 3.386844E-06 
5.884293E+00, 4.392388E-05 
7.082683E-01, 4.486319E-04 
5.386069E+00, 7.594046E-05 
6.311755E+00, 4.061542E-05 
8.846773E+00, 5.299650E-06 
2.191206E+00, 2.639780E-04 
7.058736E+00, 3.527762E-05 
3.601109E-01, 2.869758E-04 
1.814242E+00, 3.138966E-04 
5.495343E+00, 6.673688E-05 
7.212506E-01, 4.620807E-04 
5.858378E+00, 8.822921E-05 
7.153306E+00, 2.389812E-05 
9.778147E+00, 1.034236E-06 
5.973769E-01, 5.827628E-04 
5.157831E+00, 6.747566E-05 
9.322466E+00, 2.701933E-06 
5.747769E+00, 4.133036E-05 
5.530329E+00, 6.098328E-05 
3.647344E+00, 2.563774E-04 
5.734721E+00, 8.014423E-05 
5.107974E+00, 9.358586E-05 
7.041742E+00, 3.639439E-05 
3.081664E+00, 2.604778E-04 
4.010492E+00, 1.223896E-04 
4.063479E+00, 2.518880E-04 
2.236720E+00, 4.662169E-04 
7.690693E+00, 1.873692E-05 
3.299641E+00, 2.902720E-04 
3.119051E+00, 2.649308E-04 
1.391841E+00, 2.710710E-04 
8.244699E+00, 1.071526E-05 
6.735113E+00, 2.222987E-05 
-4.529425E+00, 1.892271E-02 
8.776263E+00, 9.253229E-06 
6.769649E+00, 5.382049E-05 
7.531894E-01, 1.932672E-04 
8.038110E+00, 8.635853E-06 
3.583581E+00, 2.371120E-04 
5.601450E-01, 4.026856E-04 
8.880560E+00, 5.141023E-06 
6.706043E+00, 5.000326E-05 
4.121607E+00, 2.255189E-04 
4.314476E+00, 1.205321E-04 
7.161943E+00, 3.243119E-05 
6.938665E+00, 2.185600E-05 
9.223064E+00, 5.010461E-06 
2.599622E+00, 1.680173E-04 
8.518275E+00, 6.765360E-06 
7.240383E+00, 2.445211E-05 
8.729083E+00, 8.331416E-06 
5.189783E+00, 5.805039E-05 
9.312873E+00, 3.349317E-06 
3.055133E+00, 2.466703E-04 
1.740976E+00, 3.097861E-04 
6.509632E+00, 3.172687E-05 
6.208170E+00, 6.711078E-05 
2.037798E+00, 2.636190E-04 
5.048091E+00, 7.127150E-05 
8.028941E+00, 1.405791E-05 
5.092336E+00, 7.127150E-05 
9.129903E+00, 3.371524E-06 
2.145273E+00, 3.349309E-04 
8.293749E+00, 1.007716E-05 
6.318291E+00, 4.010137E-05 
4.934570E-01, 4.741313E-04 
7.439017E+00, 3.777378E-05 
2.484358E+00, 1.387638E-04 
6.797665E+00, 3.866249E-05 
6.346877E+00, 3.518664E-05 
6.410313E+00, 6.152281E-05 
9.041378E-01, 5.063223E-04 
4.103382E+00, 2.869294E-04 
7.855531E+00, 2.055919E-05 
6.684775E-01, 3.046460E-04 
5.136581E+00, 1.101587E-04 
2.551287E+00, 1.809423E-04 
1.702594E+00, 3.391911E-04 
6.392336E+00, 4.519912E-05 
6.624089E-01, 4.376966E-04 
8.174454E+00, 1.391778E-05 
2.677368E+00, 3.129936E-04 
2.454364E+00, 3.038855E-04 
9.677322E+00, 1.714971E-06 
1.036088E+01, 8.674929E-07 
6.976853E+00, 6.128282E-05 
9.228186E+00, 4.570339E-06 
3.486222E+00, 1.573889E-04 
7.152014E+00, 3.189219E-05 
4.676243E+00, 1.534537E-04 
3.995877E-01, 5.541960E-04 
5.595830E+00, 1.077709E-04 
1.349267E+00, 2.154740E-04 
1.988635E+00, 3.291998E-04 
5.399511E+00, 7.762767E-05 
8.381677E+00, 1.683240E-05 
2.234004E+00, 2.711485E-04 
3.109103E+00, 1.493193E-04 
1.462213E-01, 5.709926E-04 
6.463782E+00, 2.817413E-05 
6.883192E-01, 4.209735E-04 
4.477200E+00, 1.148289E-04 
4.715101E+00, 8.734748E-05 
2.857499E+00, 1.801637E-04 
6.996518E+00, 3.105231E-05 
7.438877E+00, 1.854758E-05 
7.924353E+00, 1.070944E-05 
8.850622E-02, 1.132960E-03 
6.797629E-01, 4.762451E-04 
6.332679E+00, 8.169196E-05 
4.943433E+00, 8.485602E-05 
8.516937E+00, 1.363190E-05 
9.259482E-01, 4.022562E-04 
7.137524E+00, 2.435832E-05 
6.878175E+00, 4.332577E-05 
8.492362E+00, 8.220275E-06 
9.377833E+00, 2.381978E-06 
5.186867E+00, 5.376453E-05 
6.092929E+00, 4.978639E-05 
5.064254E+00, 7.394858E-05 
6.427294E+00, 3.246510E-05 
2.829016E+00, 2.173170E-04 
5.956327E+00, 4.532690E-05 
9.900189E+00, 1.360653E-06 
1.061353E+00, 2.737444E-04 
9.430792E+00, 3.203841E-06 
3.266794E-01, 4.502591E-04 
5.742695E+00, 2.721896E-05 
8.119623E+00, 1.644470E-05 
7.030633E+00, 1.041779E-05 
8.353091E+00, 1.497336E-05 
7.727466E+00, 1.025785E-05 
5.949623E+00, 9.637753E-05 
3.982349E+00, 1.565365E-04 
1.016985E+00, 5.215404E-04 
8.226526E+00, 2.431012E-05 
2.217090E+00, 2.611423E-04 
2.490721E-01, 3.058876E-04 
9.776709E+00, 1.360653E-06 
9.217057E+00, 3.709542E-06 
3.947542E+00, 9.504439E-05 
9.655394E+00, 1.924359E-06 
4.719842E+00, 1.665981E-04 
7.008076E+00, 1.691370E-05 
9.508049E+00, 9.929251E-07 
3.197746E+00, 2.674292E-04 
8.614580E+00, 5.716108E-06 
2.521916E+00, 2.737989E-04 
5.540571E+00, 7.278189E-05 
2.965160E+00, 1.617535E-04 
1.009327E+01, 6.669059E-07 
1.016509E+01, 1.146211E-06 
8.872591E+00, 3.839363E-06 
2.598764E+00, 2.562792E-04 
3.292610E+00, 1.447986E-04 
2.140807E+00, 3.309411E-04 
6.022327E+00, 2.961323E-05 
1.501111E+00, 2.677880E-04 
8.397760E-01, 3.790644E-04 
3.879506E+00, 2.531079E-04 
9.188723E-01, 4.246631E-04 
5.442003E+00, 8.270095E-05 
2.617449E+00, 2.698974E-04 
8.219383E+00, 1.131866E-05 
9.827107E+00, 2.759801E-06 
2.728435E+00, 1.832537E-04 
6.779696E+00, 3.362343E-05 
2.316412E+00, 2.417987E-04 
4.814876E+00, 9.920050E-05 
4.000148E+00, 1.195630E-04 
5.765571E+00, 1.071404E-04 
-3.799462E-01, 2.109613E-02 
-3.504227E+00, 2.046839E-02 
4.023183E+00, 1.776846E-04 
1.205267E+00, 2.007313E-04 
7.462056E-01, 3.304204E-04 
3.911939E+00, 2.535534E-04 
2.889255E+00, 2.476313E-04 
5.956029E-01, 2.496934E-04 
7.804904E+00, 1.374348E-05 
2.613732E+00, 1.831848E-04 
5.017468E-01, 5.003499E-04 
2.546679E+00, 3.123714E-04 
4.302691E+00, 1.110499E-04 
7.398297E+00, 2.929881E-05 
7.148373E+00, 3.645222E-05 
8.457310E-01, 3.410974E-04 
6.284456E+00, 4.332577E-05 
4.232994E+00, 1.249401E-04 
1.715087E+00, 4.763754E-04 
2.572830E-01, 3.058876E-04 
9.926098E-01, 4.977552E-04 
8.253802E+00, 9.401278E-06 
5.368805E+00, 1.049739E-04 
8.540163E+00, 7.403760E-06 
2.084363E+00, 3.389075E-04 
4.716958E-01, 4.116372E-04 
6.760964E+00, 3.887812E-05 
3.191850E+00, 3.067071E-04 
4.185552E+00, 1.175999E-04 
7.421901E+00, 1.828740E-05 
4.404975E+00, 1.859021E-04 
1.847443E+00, 3.352654E-04 
3.732974E+00, 1.979646E-04 
5.320060E+00, 9.224825E-05 
3.715520E+00, 1.046480E-04 
4.379609E+00, 1.271704E-04 
9.857896E+00, 1.175610E-06 
2.818000E+00, 2.121127E-04 
2.841371E+00, 1.817047E-04 
4.606958E+00, 1.500809E-04 
5.350065E-02, 3.058876E-04 
1.955859E+00, 3.881911E-04 
6.875385E+00, 1.607911E-05 
8.742197E+00, 9.116294E-06 
2.768747E+00, 2.780916E-04 
8.788623E+00, 5.109168E-06 
7.163290E+00, 1.746893E-05 
3.119472E+00, 1.326196E-04 
3.527241E-01, 3.814455E-04 
1.745029E+00, 2.927438E-04 
5.118393E+00, 1.099749E-04 
1.434226E+00, 3.845542E-04 
9.027077E+00, 2.512904E-06 
1.324879E+00, 2.251416E-04 
6.771343E+00, 2.207892E-05 
4.693787E+00, 1.473172E-04 
8.600504E+00, 6.475755E-06 
7.141148E+00, 2.186633E-05 
4.654571E+00, 1.091032E-04 
9.254989E-01, 2.652789E-04 
8.855344E+00, 4.493548E-06 
5.724703E+00, 7.065846E-05 
9.814039E+00, 2.626777E-06 
1.008743E+01, 1.178562E-06 
6.711005E+00, 5.979882E-05 
8.200951E+00, 7.521977E-06 
4.629495E+00, 1.367199E-04 
5.471680E+00, 7.649740E-05 
1.813465E+00, 4.066423E-04 
6.657346E+00, 5.066359E-05 
9.104466E-01, 2.219245E-04 
9.591537E+00, 2.210814E-06 
1.877802E+00, 1.983800E-04 
8.952458E+00, 3.171773E-06 
4.827336E+00, 1.466726E-04 
9.864055E+00, 9.052504E-07 
8.118327E+00, 1.905747E-05 
5.834956E+00, 1.154941E-04 
3.740577E+00, 2.480916E-04 
9.103472E+00, 4.355687E-06 
1.899213E-01, 1.073597E-03 
4.623213E+00, 1.654509E-04 
8.609308E+00, 7.670603E-06 
1.592393E+00, 2.486555E-04 
1.271055E+00, 1.956552E-04 
5.759901E+00, 7.335852E-05 
2.618221E+00, 3.427669E-04 
8.226785E+00, 5.470600E-06 
9.641816E+00, 4.112305E-06 
2.456786E+00, 3.060648E-04 
3.582555E+00, 1.604065E-04 
5.149754E-01, 6.590270E-04 
2.730315E+00, 3.715691E-04 
7.933397E+00, 1.280633E-05 
3.910314E+00, 2.056754E-04 
9.283471E+00, 3.392232E-06 
9.801698E+00, 2.202993E-06 
1.245910E+00, 3.273044E-04 
8.250626E+00, 1.436553E-05 
5.168778E-01, 3.471561E-04 
1.012062E+01, 7.600818E-07 
8.285560E-01, 3.629771E-04 
1.976645E+00, 4.504104E-04 
7.159065E+00, 3.321059E-05 
6.250070E+00, 5.509278E-05 
1.122374E+00, 4.395680E-04 
9.502053E+00, 4.451680E-06 
9.644157E+00, 1.849861E-06 
7.718909E+00, 2.725975E-05 
3.136611E+00, 1.763599E-04 
2.300991E+00, 1.656953E-04 
3.567061E+00, 3.500787E-04 
1.564859E+00, 2.282977E-04 
3.571668E+00, 2.203038E-04 
1.153757E+00, 2.310277E-04 
1.010254E+01, 5.623761E-07 
3.818921E+00, 1.136477E-04 
2.998019E+00, 4.129363E-04 
3.260525E+00, 2.785008E-04 
-1.948979E-01, 2.832399E-04 
6.759218E+00, 5.736286E-05 
7.528634E-01, 3.864078E-04 
8.152178E+00, 9.459673E-06 
9.822623E+00, 1.213899E-06 
7.082990E+00, 2.737560E-05 
1.622148E+00, 3.099653E-04 
9.915238E+00, 7.799109E-07 
5.687414E+00, 9.642720E-05 
1.140731E+00, 3.087833E-04 
7.477771E+00, 2.417440E-05 
8.699293E+00, 3.241398E-06 
3.844947E+00, 1.322292E-04 
1.711458E+00, 3.846471E-04 
8.165412E+00, 1.117616E-05 
7.504827E+00, 3.728170E-05 
3.306703E+00, 2.196997E-04 
5.864652E+00, 3.294804E-05 
7.201389E+00, 3.282752E-05 
3.249830E-01, 2.637352E-04 
1.007831E+01, 5.293388E-07 
6.561366E+00, 2.206401E-05 
5.998721E+00, 4.378261E-05 
5.943452E+00, 8.364460E-05 
9.422942E+00, 2.456148E-06 
8.039735E+00, 9.228709E-06 
2.953655E+00, 1.586028E-04 
8.676939E+00, 5.208934E-06 
4.309851E+00, 9.840145E-05 
8.501267E+00, 6.356223E-06 
8.761579E+00, 6.752856E-06 
4.343724E+00, 2.707019E-04 
4.545686E+00, 1.469717E-04 
4.923511E+00, 1.033951E-04 
6.784323E+00, 3.389461E-05 
2.208470E+00, 2.430583E-04 
2.308519E+00, 3.095067E-04 
5.938524E+00, 5.610574E-05 
1.238633E+00, 1.877772E-04 
8.905109E-01, 2.366055E-04 
3.197180E+00, 1.428037E-04 
6.241729E+00, 2.656100E-05 
8.669832E+00, 7.912632E-06 
4.698344E+00, 9.715056E-05 
6.624640E+00, 4.179664E-05 
9.533065E+00, 1.223319E-06 
6.498831E+00, 4.628468E-05 
3.604184E-01, 4.466302E-04 
6.400753E+00, 4.773023E-05 
9.875758E+00, 8.693444E-07 
9.938939E+00, 1.289863E-06 
9.608390E+00, 1.244766E-06 
1.421477E+00, 2.659093E-04 
4.546564E+00, 1.207241E-04 
7.154724E+00, 2.799749E-05 
6.958347E+00, 3.160789E-05 
3.914630E+00, 2.370819E-04 
2.371941E-01, 3.982654E-04 
9.968696E+00, 7.781855E-07 
1.110296E+00, 1.832367E-04 
7.523600E+00, 1.323976E-05 
1.168914E+00, 2.317217E-04 
4.234816E+00, 1.822967E-04 
6.210669E+00, 3.986826E-05 
3.517478E+00, 2.126122E-04 
9.997738E+00, 1.078483E-06 
8.262963E+00, 1.564328E-05 
8.196136E+00, 8.309758E-06 
2.630513E+00, 2.513758E-04 
3.283917E+00, 2.535471E-04 
5.629926E+00, 4.847888E-05 
4.762783E+00, 7.822286E-05 
8.606789E+00, 5.970824E-06 
9.714199E+00, 8.680559E-07 
1.732430E+00, 2.498513E-04 
5.326740E+00, 6.823636E-05 
6.185873E+00, 4.495389E-05 
9.621788E+00, 1.767641E-06 
5.413413E+00, 8.274999E-05 
1.830619E+00, 3.630802E-04 
3.000838E+00, 2.310134E-04 
1.895714E+00, 3.847933E-04 
2.153227E+00, 2.983446E-04 
4.036843E+00, 2.195142E-04 
7.592514E-01, 3.477405E-04 
1.004931E+01, 8.836531E-07 
9.365787E+00, 2.379093E-06 
3.725562E-01, 3.983188E-04 
5.797926E+00, 7.585028E-05 
1.896187E-01, 5.806945E-04 
7.225840E+00, 1.873134E-05 
6.377447E+00, 5.667289E-05 
1.771948E+00, 3.060017E-04 
6.158418E+00, 3.992879E-05 
3.242282E+00, 1.913282E-04 
4.752042E+00, 6.163677E-05 
5.589043E+00, 5.232950E-05 
3.010267E+00, 2.765034E-04 
3.843182E+00, 1.249873E-04 
2.150833E+00, 1.294239E-04 
9.549742E+00, 2.536018E-06 
9.232139E+00, 2.618835E-06 
1.032944E+01, 4.839597E-07 
4.494929E+00, 1.288135E-04 
1.939036E+00, 2.820488E-04 
8.818434E+00, 2.667350E-06 
7.458106E-01, 3.062250E-04 
2.249055E+00, 3.312052E-04 
3.679921E+00, 1.935503E-04 
8.359207E+00, 1.175109E-05 
1.030062E+00, 1.368392E-04 
9.585645E+00, 1.324408E-06 
2.997019E+00, 2.265051E-04 
1.551073E+00, 3.313907E-04 
7.592319E+00, 1.925742E-05 
8.559009E+00, 6.551801E-06 
1.443336E+00, 2.937555E-04 
8.114422E+00, 1.222952E-05 
4.075450E+00, 1.493356E-04 
5.547029E+00, 6.928031E-05 
6.724822E+00, 3.316666E-05 
1.051649E+01, 4.922756E-07 
6.299563E+00, 3.639439E-05 
8.026435E-01, 3.331742E-04 
3.103964E+00, 2.669020E-04 
6.210023E+00, 6.551803E-05 
1.071931E+01, 5.185556E-07 
3.012675E+00, 2.379272E-04 
4.940041E+00, 9.809702E-05 
4.009656E+00, 1.513583E-04 
4.817019E+00, 9.695692E-05 
4.909397E+00, 1.264373E-04 
1.179837E-01, 3.176241E-04 
1.262421E+00, 2.657479E-04 
5.066026E+00, 7.688824E-05 
6.774221E+00, 4.518860E-05 
7.468210E+00, 1.720893E-05 
1.445650E+00, 3.251814E-04 
1.732558E+00, 4.262618E-04 
9.695614E-01, 4.381340E-04 
9.172203E+00, 4.038389E-06 
7.891417E-01, 2.372926E-04 
3.299098E+00, 1.618993E-04 
3.860885E+00, 1.854698E-04 
4.793364E+00, 9.819565E-05 
1.003670E+01, 1.141619E-06 
6.244411E+00, 4.511718E-05 
1.044451E+01, 9.449152E-07 
4.215490E+00, 1.020994E-04 
7.408583E+00, 2.199558E-05 
8.461844E+00, 8.759359E-06 
1.018002E+00, 4.186838E-04 
7.703470E+00, 2.253136E-05 
6.257581E-01, 3.578936E-04 
6.469458E+00, 4.335201E-05 
1.208501E+00, 3.284150E-04 
7.930204E+00, 1.203902E-05 
1.777109E+00, 3.184578E-04 
7.955470E+00, 1.781574E-05 
5.082559E-01, 3.058876E-04 
6.862521E-01, 5.078930E-04 
7.160895E+00, 3.273132E-05 
5.762652E+00, 6.789968E-05 
7.960051E+00, 1.084557E-05 
8.711258E+00, 6.397022E-06 
5.853051E+00, 8.171081E-05 
3.633317E+00, 2.941448E-04 
4.941414E+00, 8.032654E-05 
7.261230E+00, 2.479456E-05 
1.724311E+00, 4.433318E-04 
5.419569E+00, 8.870676E-05 
4.748575E+00, 5.571275E-05 
6.938419E+00, 4.081569E-05 
8.749465E+00, 7.237041E-06 
2.607031E+00, 1.965705E-04 
1.910813E+00, 2.458578E-04 
1.257580E+00, 2.652789E-04 
9.681465E+00, 3.600309E-06 
6.159815E+00, 5.521214E-05 
1.091459E+01, 1.067483E-06 
5.497317E-01, 3.965439E-04 
1.008244E+01, 7.547020E-07 
9.309453E+00, 4.779086E-06 
6.154127E+00, 5.158270E-05 
1.031211E+01, 5.973955E-07 
5.496367E-01, 2.779598E-04 
9.282493E+00, 3.771256E-06 
2.981804E+00, 2.037700E-04 
9.117444E+00, 9.929251E-07 
6.526543E+00, 2.763788E-05 
6.966015E+00, 3.073422E-05 
1.605296E+00, 3.836899E-04 
8.610962E+00, 8.361291E-06 
2.883914E+00, 1.860860E-04 
3.816252E-01, 4.379690E-04 
3.801178E+00, 2.115904E-04 
9.165954E+00, 2.529551E-06 
8.199135E+00, 9.885533E-06 
8.384299E+00, 1.356869E-05 
9.054795E+00, 6.372658E-06 
-2.988985E+00, 2.288486E-02 
7.766456E+00, 1.495797E-05 
8.104159E+00, 8.309758E-06 
3.321092E+00, 1.493986E-04 
3.435647E+00, 1.618993E-04 
4.904083E-01, 4.993868E-04 
8.699653E+00, 8.454852E-06 
2.248298E+00, 4.487500E-04 
8.581608E+00, 5.898231E-06 
2.532417E+00, 2.403150E-04 
2.681591E+00, 1.975669E-04 
5.393350E+00, 7.594835E-05 
8.472257E+00, 8.759912E-06 
2.299232E+00, 2.837798E-04 
9.765755E+00, 1.395575E-06 
4.131407E+00, 1.131495E-04 
1.032080E+01, 1.520164E-06 
4.928918E+00, 4.979123E-05 
6.395004E+00, 4.260235E-05 
7.209789E+00, 2.083557E-05 
6.037060E+00, 5.325823E-05 
7.790422E+00, 3.284846E-05 
7.019843E+00, 2.703597E-05 
7.030331E+00, 3.868107E-05 
7.972994E+00, 1.342095E-05 
1.788865E+00, 3.815153E-04 
3.775871E+00, 1.904111E-04 
8.963461E+00, 4.448849E-06 
5.184551E+00, 8.289402E-05 
9.217758E+00, 5.397394E-06 
6.824399E+00, 3.292377E-05 
3.519425E+00, 1.355763E-04 
6.823581E+00, 5.383960E-05 
2.706085E+00, 2.329145E-04 
5.625928E+00, 5.051417E-05 
7.985356E+00, 1.349888E-05 
1.633245E+00, 4.109285E-04 
5.843577E+00, 8.531314E-05 
8.682060E+00, 4.847504E-06 
5.255332E+00, 7.065846E-05 
9.634672E+00, 9.052504E-07 
1.182590E+00, 4.008144E-04 
5.825148E+00, 8.015489E-05 
9.207026E+00, 4.744921E-06 
4.523227E+00, 9.684172E-05 
9.651551E+00, 1.855944E-06 
5.706124E+00, 1.213442E-04 
4.002012E+00, 1.868370E-04 
9.344010E+00, 3.386844E-06 
3.014596E-01, 4.208529E-04 
7.333139E+00, 2.463773E-05 
8.266891E+00, 8.635853E-06 
-3.975142E+00, 1.984158E-02 
4.229912E+00, 2.339870E-04 
8.411140E+00, 1.248907E-05 
1.576425E+00, 3.408010E-04 
4.330152E+00, 1.821116E-04 
8.777768E+00, 5.430818E-06 
5.391092E+00, 6.956135E-05 
5.733258E+00, 5.038943E-05 
5.002905E+00, 1.318536E-04 
8.868735E+00, 5.280998E-06 
7.990559E-01, 4.801522E-04 
6.546698E+00, 4.332915E-05 
7.824882E+00, 2.009554E-05 
-1.010210E-01, 2.969800E-04 
5.550540E+00, 6.580501E-05 
1.029338E+00, 2.451927E-04 
8.020003E-01, 4.993868E-04 
9.727944E+00, 2.488077E-06 
3.786577E+00, 2.403096E-04 
5.033208E+00, 1.094442E-04 
8.034177E+00, 1.398916E-05 
2.948465E+00, 2.575055E-04 
6.524994E-01, 3.471182E-04 
9.791177E+00, 7.353684E-07 
2.226304E+00, 2.496637E-04 
5.723867E+00, 5.888132E-05 
8.160318E+00, 1.035048E-05 
9.365788E+00, 2.193300E-06 
9.448433E-02, 5.837961E-04 
8.658717E+00, 5.311696E-06 
2.715417E+00, 2.499396E-04 
8.617543E+00, 9.524841E-06 
1.066996E+01, 1.336300E-06 
1.177839E+00, 3.593323E-04 
1.815923E-01, 2.613443E-04 
1.882643E+00, 4.041330E-04 
9.016445E+00, 3.296166E-06 
2.909342E+00, 1.910995E-04 
7.507371E+00, 1.255655E-05 
5.264189E+00, 6.898690E-05 
2.473188E+00, 1.620007E-04 
4.033435E+00, 2.369084E-04 
6.222806E+00, 7.391410E-05 
7.523098E+00, 3.561252E-05 
2.930898E+00, 2.461006E-04 
1.004528E+01, 1.042888E-06 
1.381913E+00, 2.133733E-04 
5.882137E+00, 5.995531E-05 
6.612497E+00, 5.660703E-05 
7.478427E+00, 2.082318E-05 
6.102212E-01, 4.971612E-04 
4.137538E+00, 1.731510E-04 
7.494351E+00, 3.217457E-05 
8.680746E-01, 4.384200E-04 
3.400678E+00, 2.247949E-04 
5.792058E+00, 8.105267E-05 
4.738712E+00, 1.004465E-04 
5.828522E+00, 5.837443E-05 
7.348043E+00, 2.304826E-05 
4.103333E+00, 9.202684E-05 
7.641277E+00, 2.138028E-05 
6.615670E+00, 4.332915E-05 
7.419203E-01, 3.330407E-04 
5.670356E+00, 2.509777E-05 
7.968861E+00, 1.500904E-05 
3.554941E+00, 2.849068E-04 
7.199218E+00, 2.360361E-05 
8.676441E+00, 5.832278E-06 
7.542394E-01, 4.641014E-04 
8.865084E+00, 4.222223E-06 
6.760797E+00, 3.507792E-05 
8.190645E+00, 1.423096E-05 
8.152841E+00, 8.825361E-06 
8.969758E+00, 4.796038E-06 
2.960678E+00, 2.312532E-04 
5.562268E-01, 2.969800E-04 
9.111115E+00, 6.384480E-06 
1.042089E+01, 4.858801E-07 
5.266932E+00, 9.574093E-05 
6.702491E+00, 4.135528E-05 
7.289530E+00, 2.286827E-05 
7.462197E+00, 1.855266E-05 
2.190223E+00, 3.140998E-04 
6.194223E+00, 5.598878E-05 
3.562984E+00, 1.589025E-04 
6.393903E+00, 2.844852E-05 
9.621102E+00, 2.966805E-06 
7.707150E+00, 1.642507E-05 
7.436086E+00, 8.903195E-06 
-2.534389E-02, 2.513815E-04 
5.828467E+00, 4.172566E-05 
8.724332E+00, 5.770641E-06 
7.580049E+00, 3.768481E-05 
3.225741E+00, 2.686715E-04 
5.628036E+00, 9.028152E-05 
4.680504E-01, 3.346976E-04 
5.275322E+00, 1.140634E-04 
5.991589E+00, 7.313965E-05 
8.325395E+00, 1.075814E-05 
7.695650E+00, 3.195260E-05 
5.218658E+00, 9.848219E-05 
1.212192E+00, 2.422276E-04 
1.974512E-01, 7.224736E-05 
6.801315E+00, 1.691370E-05 
2.574793E+00, 2.350192E-04 
6.888340E+00, 4.605065E-05 
1.000423E+01, 1.034241E-06 
4.058962E+00, 1.321459E-04 
5.316355E-01, 4.205825E-04 
1.800712E+00, 3.633096E-04 
3.456844E+00, 2.686702E-04 
5.914406E+00, 6.121746E-05 
8.915078E+00, 2.573387E-06 
6.385451E+00, 2.621872E-05 
9.487845E+00, 2.061099E-06 
2.529042E+00, 2.057504E-04 
7.803603E+00, 1.001946E-05 
6.976684E+00, 8.039557E-06 
7.484161E+00, 2.621226E-05 
6.445551E+00, 4.666597E-05 
1.443629E+00, 3.968522E-04 
9.059705E+00, 2.694204E-06 
5.998114E-01, 4.188885E-04 
1.241667E-01, 5.231810E-04 
7.930111E+00, 1.324018E-05 
6.770624E+00, 2.945580E-05 
6.485938E-01, 3.867673E-04 
-4.580025E+00, 1.884300E-02 
8.840218E+00, 5.846188E-06 
9.329508E+00, 3.002432E-06 
5.448759E+00, 8.216312E-05 
3.363620E+00, 2.888267E-04 
3.055880E+00, 1.717242E-04 
5.299822E+00, 4.933535E-05 
4.173293E+00, 1.715197E-04 
2.616254E+00, 3.230411E-04 
7.069637E+00, 3.365743E-05 
1.401023E+00, 4.787643E-04 
5.723989E+00, 5.841609E-05 
3.681990E+00, 1.902398E-04 
1.654327E+00, 3.652482E-04 
1.969432E-01, 1.775805E-04 
2.753607E+00, 4.143516E-04 
6.135500E+00, 4.157716E-05 
9.442753E-01, 5.066673E-04 
5.301213E+00, 7.257029E-05 
1.750598E-01, 2.456332E-04 
2.374452E+00, 1.841738E-04 
3.863428E-01, 4.901883E-04 
3.243934E+00, 2.284592E-04 
2.741508E+00, 2.567363E-04 
3.352894E+00, 1.661287E-04 
5.816633E+00, 6.847729E-05 
7.807430E+00, 1.347006E-05 
4.132891E+00, 2.381859E-04 
2.256068E+00, 2.899565E-04 
2.499905E+00, 3.351488E-04 
5.221529E+00, 7.173776E-05 
5.879967E+00, 6.680086E-05 
-2.755340E+00, 1.831098E-02 
5.161181E+00, 4.812259E-05 
5.277056E+00, 9.681480E-05 
9.108788E+00, 2.111198E-06 
6.014751E+00, 7.538688E-05 
7.341290E+00, 1.945070E-05 
2.748550E+00, 2.140324E-04 
6.793411E-01, 4.250903E-04 
4.960203E+00, 6.699928E-05 
3.944356E+00, 1.101268E-04 
5.176491E+00, 5.337651E-05 
4.157715E+00, 1.439237E-04 
1.012505E+01, 1.686082E-06 
9.493463E+00, 2.876220E-06 
3.317403E+00, 2.933655E-04 
5.733860E+00, 5.119103E-05 
1.050000E+01, 9.889329E-07 
2.731360E+00, 2.171607E-04 
8.072989E+00, 1.605578E-05 
5.099679E+00, 5.918982E-05 
3.277456E+00, 1.517126E-04 
5.217089E+00, 1.105249E-04 
1.858483E+00, 2.318621E-04 
5.056698E-01, 5.522655E-04 
6.272966E+00, 4.714003E-05 
1.841877E+00, 4.544688E-04 
2.102361E+00, 2.761033E-04 
7.087657E+00, 3.367153E-05 
6.826571E+00, 4.130343E-05 
8.405675E+00, 1.636715E-05 
8.518815E+00, 6.387112E-06 
5.423230E+00, 8.826654E-05 
2.603378E+00, 2.751181E-04 
4.454497E-01, 1.660305E-03 
3.462428E+00, 1.997056E-04 
2.950478E+00, 1.340537E-04 
8.548200E+00, 9.689838E-06 
5.880130E+00, 5.255036E-05 
7.287386E+00, 2.874066E-05 
6.870221E+00, 3.575431E-05 
6.037505E+00, 8.246863E-05 
1.987195E+00, 3.344256E-05 
4.293048E+00, 1.333700E-04 
6.997639E+00, 3.748054E-05 
4.989869E-01, 4.239285E-04 
3.109476E+00, 1.537913E-04 
9.193005E-01, 4.126083E-04 
8.071016E+00, 1.459341E-05 
6.226280E+00, 2.338236E-05 
3.214668E+00, 1.801637E-04 
1.521990E+00, 5.251836E-04 
4.201893E+00, 1.485494E-04 
2.345226E+00, 2.571065E-04 
4.497855E+00, 1.334254E-04 
2.011296E+00, 2.306020E-04 
6.885808E+00, 2.849126E-05 
5.881385E-01, 5.460715E-04 
6.141311E+00, 3.319784E-05 
6.956306E+00, 2.515243E-05 
4.773239E+00, 7.364861E-05 
5.748270E+00, 5.599558E-05 
9.069526E+00, 4.606910E-06 
6.129108E+00, 2.331680E-05 
6.277996E+00, 2.577551E-05 
5.765842E+00, 2.780859E-05 
1.628466E+00, 3.439692E-04 
1.080445E+01, 6.617051E-07 
5.312801E+00, 1.048673E-04 
2.878979E+00, 1.580502E-04 
6.217560E+00, 3.910686E-05 
8.267312E+00, 6.218658E-06 
5.603497E+00, 8.491247E-05 
9.404295E+00, 3.762630E-06 
1.797026E+00, 2.990331E-04 
-2.623693E+00, 1.834998E-02 
4.548177E+00, 9.445233E-05 
1.566067E-01, 5.403842E-04 
4.039109E+00, 2.158259E-04 
4.368747E+00, 9.920050E-05 
7.049415E+00, 4.590699E-05 
9.105465E+00, 5.016326E-06 
3.425730E+00, 2.036984E-04 
7.823150E+00, 1.447606E-05 
1.047833E+00, 3.932077E-04 
7.351615E+00, 2.783029E-05 
6.685304E+00, 3.248579E-05 
1.293358E+00, 2.960620E-04 
1.229608E+00, 3.490639E-04 
6.858599E+00, 3.828230E-05 
6.294766E-01, 7.541400E-04 
8.354906E+00, 1.426594E-05 
2.868015E+00, 1.635407E-04 
4.516817E+00, 1.069616E-04 
6.359343E+00, 7.052058E-05 
9.432416E+00, 2.275857E-06 
1.034649E+01, 1.595060E-06 
3.159176E+00, 2.591274E-04 
7.156471E+00, 6.324821E-05 
5.424187E+00, 7.880902E-05 
1.862417E+00, 2.400394E-04 
-2.038642E-02, 5.393067E-04 
5.074405E+00, 9.018492E-05 
1.562896E+00, 2.907590E-04 
1.533266E+00, 2.198916E-04 
5.110018E+00, 7.567990E-05 
5.795706E+00, 9.199943E-05 
5.258754E+00, 9.086358E-05 
3.139891E+00, 2.144200E-04 
7.104977E+00, 1.536711E-05 
7.252150E+00, 2.180355E-05 
9.318447E+00, 2.712309E-06 
3.102726E+00, 2.168415E-04 
6.847862E+00, 3.544461E-05 
1.051846E+01, 7.629351E-07 
2.656351E+00, 2.690691E-04 
6.066877E+00, 7.207043E-05 
1.566462E+00, 4.032547E-04 
2.804248E+00, 3.091462E-04 
4.101762E-01, 4.497014E-04 
6.735469E+00, 2.503557E-05 
4.302614E+00, 1.383793E-04 
9.665917E+00, 3.839363E-06 
4.714885E-01, 2.899872E-04 
5.261931E+00, 7.257029E-05 
6.128927E+00, 6.999334E-05 
4.322357E+00, 1.394342E-04 
3.013022E+00, 2.366350E-04 
4.144500E+00, 1.276662E-04 
4.643882E+00, 5.245846E-05 
3.002642E+00, 1.221574E-04 
5.480129E+00, 9.419450E-05 
6.347612E+00, 6.096028E-05 
1.827617E+00, 3.320463E-04 
8.465535E+00, 5.208934E-06 
3.771571E+00, 8.089670E-05 
6.523953E+00, 5.547067E-05 
4.873594E+00, 1.137778E-04 
5.664720E+00, 6.847286E-05 
2.672452E+00, 2.445171E-04 
9.264585E+00, 2.747060E-06 
3.692831E+00, 2.170396E-04 
3.933478E+00, 1.538593E-04 
4.637669E-01, 5.311496E-04 
7.967543E+00, 1.128987E-05 
3.688935E+00, 1.902398E-04 
5.821418E+00, 5.789455E-05 
8.845676E+00, 6.047468E-06 
5.937437E+00, 2.521713E-05 
1.445009E+00, 3.459966E-04 
6.605487E+00, 4.733679E-05 
1.439416E+00, 2.862110E-04 
9.030509E+00, 6.647213E-06 
1.011716E+01, 1.244766E-06 
9.887492E+00, 1.540120E-06 
2.723908E+00, 1.931649E-04 
4.920334E+00, 9.672938E-05 
9.779832E+00, 6.907103E-07 
1.857899E+00, 2.642377E-04 
1.898349E+00, 3.289290E-04 
-6.097919E-02, 4.733724E-04 
8.859802E+00, 8.036859E-06 
3.601791E+00, 1.245435E-04 
6.361903E+00, 6.378227E-05 
3.029268E+00, 1.394646E-04 
8.684032E+00, 5.611604E-06 
7.311740E+00, 2.330480E-05 
7.422829E+00, 2.536425E-05 
9.641357E+00, 1.858095E-06 
2.809730E+00, 1.735058E-04 
4.410707E+00, 1.057631E-04 
9.729101E+00, 1.055040E-06 
7.880553E+00, 2.005549E-05 
5.416247E-01, 1.838161E-04 
6.784607E+00, 3.768699E-05 
7.813212E+00, 1.268709E-05 
7.768931E+00, 1.524871E-05 
8.189577E+00, 1.761473E-05 
2.609885E+00, 2.058381E-04 
8.392574E+00, 1.493570E-05 
7.111112E+00, 2.186633E-05 
7.971427E+00, 1.715624E-05 
5.712475E+00, 7.547465E-05 
1.026300E+01, 6.944826E-07 
6.199122E+00, 4.660419E-05 
3.068140E+00, 2.932704E-04 
6.685187E+00, 3.224780E-05 
9.865388E+00, 1.175610E-06 
3.373562E+00, 3.323215E-04 
5.401345E+00, 4.139083E-05 
4.815709E+00, 7.639244E-05 
8.198613E+00, 1.826283E-05 
2.839509E+00, 2.098380E-04 
1.086052E+00, 1.777719E-04 
2.077208E+00, 3.679705E-04 
5.946571E+00, 7.843258E-05 
6.599793E+00, 4.507632E-05 
4.529747E+00, 1.935356E-04 
5.838048E+00, 4.606321E-05 
9.642708E+00, 1.744944E-06 
6.059753E-01, 2.042677E-04 
6.333008E+00, 3.893250E-05 
4.971387E+00, 1.013291E-04 
1.356983E-01, 2.903472E-04 
8.812419E+00, 4.110138E-06 
1.121792E+00, 2.657479E-04 
8.914605E+00, 4.705087E-06 
3.247867E+00, 1.897201E-04 
2.556766E+00, 2.693505E-04 
5.084864E+00, 8.528949E-05 
2.351024E+00, 2.969084E-04 
9.571238E+00, 1.661262E-06 
2.320368E+00, 2.703996E-04 
8.081900E+00, 1.023139E-05 
8.039392E+00, 1.339052E-05 
3.564934E+00, 1.815456E-04 
7.460920E+00, 1.911675E-05 
5.903941E+00, 7.356081E-05 
5.925886E+00, 5.796275E-05 
3.360224E+00, 2.662945E-04 
1.528838E+00, 4.178563E-04 
4.823499E+00, 1.406725E-04 
1.717569E+00, 3.590083E-04 
9.318205E+00, 4.421628E-06 
1.310395E+00, 2.450944E-04 
7.294253E+00, 2.459566E-05 
8.781895E+00, 8.819672E-06 
1.643339E+00, 4.657438E-04 
3.065063E+00, 1.827680E-04 
5.283798E+00, 7.606528E-05 
5.638812E+00, 9.399305E-05 
4.691380E+00, 8.511899E-05 
6.768612E+00, 5.196264E-05 
1.504621E+00, 4.837994E-04 
3.516243E+00, 1.857719E-04 
8.887787E+00, 5.356032E-06 
7.935018E+00, 9.118424E-06 
4.596088E+00, 9.785955E-05 
2.960407E+00, 2.344018E-04 
2.282475E+00, 2.635837E-04 
7.662794E+00, 2.344322E-05 
7.778453E+00, 1.995049E-05 
5.450643E+00, 9.953610E-05 
8.061648E+00, 1.198610E-05 
5.219320E+00, 9.708657E-05 
4.363895E+00, 1.161008E-04 
1.880275E+00, 4.418301E-04 
9.786261E+00, 7.073369E-07 
1.084983E+00, 2.889895E-04 
6.086191E+00, 5.737577E-05 
6.131147E+00, 6.900688E-05 
4.869452E+00, 1.086542E-04 
3.924429E+00, 9.850031E-05 
8.595412E+00, 4.763984E-06 
5.108548E+00, 7.962721E-05 
9.090645E-01, 3.308476E-04 
1.259020E+00, 2.442065E-04 
3.614193E+00, 1.139271E-04 
6.499309E+00, 3.266338E-05 
6.264389E+00, 2.672095E-05 
7.121486E+00, 1.165140E-05 
7.550870E+00, 3.185145E-05 
4.113103E+00, 1.386224E-04 
8.811878E+00, 6.136987E-06 
1.636821E+00, 3.824602E-04 
5.138103E+00, 7.137218E-05 
8.836178E+00, 6.804861E-06 
9.659730E+00, 9.581345E-07 
1.003995E+01, 1.161543E-06 
9.529698E-01, 4.855555E-04 
9.460229E+00, 2.316997E-06 
1.764060E+00, 2.260122E-04 
2.655354E+00, 1.874309E-04 
2.536263E+00, 1.782761E-04 
8.982414E+00, 5.048595E-06 
5.075931E+00, 6.501470E-05 
8.852776E+00, 3.391952E-06 
4.432856E+00, 1.636565E-04 
-1.130146E-01, 8.688312E-03 
3.480673E+00, 2.567718E-04 
6.032357E+00, 5.368924E-05 
2.545336E+00, 2.349108E-04 
8.640151E+00, 4.117214E-06 
7.744686E+00, 1.360995E-05 
9.787603E+00, 9.290473E-07 
8.276866E+00, 1.001946E-05 
1.588106E+00, 2.714183E-04 
8.799819E+00, 6.528653E-06 
6.140799E+00, 7.550828E-05 
9.734393E+00, 1.317158E-06 
8.621591E+00, 3.749650E-06 
5.674861E+00, 4.342731E-05 
8.125261E+00, 1.150345E-05 
8.238038E+00, 6.076034E-06 
5.354458E-01, 3.471561E-04 
8.573268E+00, 1.052746E-05 
-2.059875E+00, 1.764922E-02 
6.127541E+00, 3.029909E-05 
1.439943E+00, 2.286745E-04 
9.728243E+00, 2.610077E-06 
3.048119E+00, 8.675290E-05 
1.246933E+00, 3.292382E-04 
1.014581E+01, 5.573323E-07 
4.585203E+00, 9.274433E-05 
5.595021E+00, 8.768811E-05 
8.288430E+00, 1.463223E-05 
3.793547E+00, 1.809141E-04 
5.796150E+00, 4.263882E-05 
1.314395E+00, 3.661431E-04 
1.336953E+00, 3.529418E-04 
6.062043E+00, 6.063954E-05 
8.373541E+00, 1.296023E-05 
1.894289E+00, 3.786420E-04 
4.548871E+00, 1.670534E-04 
1.757687E+00, 4.203498E-04 
2.413243E+00, 3.088762E-04 
1.914236E+00, 3.688652E-04 
9.236564E+00, 3.169024E-06 
2.846123E+00, 1.986287E-04 
3.640872E+00, 2.209927E-04 
4.070092E+00, 1.507446E-04 
4.512966E+00, 1.101930E-04 
4.337073E+00, 1.524016E-04 
7.399925E+00, 1.943076E-05 
6.539998E+00, 2.848526E-05 
1.051114E+01, 4.819894E-07 
3.397047E+00, 1.739049E-04 
7.479401E+00, 1.777308E-05 
3.649556E+00, 1.737755E-04 
9.241791E+00, 3.091215E-06 
2.457527E+00, 2.835449E-04 
7.566902E+00, 2.525292E-05 
3.042062E+00, 1.501328E-04 
3.884984E+00, 1.605799E-04 
2.318450E+00, 3.055458E-04 
6.448110E+00, 5.541829E-05 
8.907493E-01, 2.630453E-04 
8.231185E+00, 8.759912E-06 
9.639350E+00, 2.962769E-06 
6.926077E+00, 2.696525E-05 
9.062296E+00, 2.904201E-06 
9.784326E+00, 9.273856E-07 
2.825047E+00, 1.739049E-04 
4.266722E+00, 1.526235E-04 
7.020793E+00, 5.551705E-05 
4.938964E+00, 5.369624E-05 
6.538817E+00, 5.067278E-05 
4.230236E+00, 1.148289E-04 
3.348439E+00, 1.518796E-04 
7.634399E+00, 1.574511E-05 
2.097468E+00, 2.473938E-04 
4.318845E+00, 1.168752E-04 
8.243689E-01, 2.925345E-04 
4.584913E+00, 1.243441E-04 
6.228964E+00, 5.175383E-05 
6.874590E+00, 3.645222E-05 
4.377358E+00, 2.013193E-04 
6.710822E+00, 6.641901E-05 
2.402604E+00, 1.585415E-04 
4.955725E+00, 8.693689E-05 
3.066378E+00, 2.015229E-04 
6.273625E+00, 4.608258E-05 
7.770211E+00, 1.765081E-05 
6.122071E+00, 5.531104E-05 
9.281493E+00, 3.158891E-06 
8.583246E+00, 7.566735E-06 
4.517730E+00, 9.640235E-05 
8.071912E+00, 2.601527E-05 
5.751571E+00, 7.069058E-05 
3.673352E+00, 2.238687E-04 
8.942959E+00, 2.667350E-06 
7.922812E+00, 1.583860E-05 
4.484598E+00, 1.092783E-04 
5.724164E+00, 6.619572E-05 
4.386966E+00, 1.106700E-04 
1.645619E+00, 4.175534E-04 
3.151261E+00, 1.617535E-04 
2.752216E+00, 1.691228E-04 
3.030992E+00, 2.744157E-04 
7.298281E+00, 3.262984E-05 
4.120879E+00, 1.605799E-04 
2.474605E+00, 2.703996E-04 
3.173069E-01, 2.147194E-03 
9.125858E+00, 1.573988E-06 
6.532818E+00, 3.403852E-05 
7.188720E+00, 2.939259E-05 
1.338236E+00, 3.353187E-04 
4.871068E+00, 5.121837E-05 
5.726310E+00, 9.176887E-05 
6.299202E+00, 5.973223E-05 
1.050517E+01, 1.433116E-06 
8.542583E+00, 9.514156E-06 
3.260484E+00, 3.502259E-04 
3.158195E+00, 1.676664E-04 
5.527851E+00, 5.809182E-05 
8.117308E+00, 1.413956E-05 
7.579572E+00, 2.964346E-05 
8.462805E+00, 1.541937E-05 
1.002758E+01, 8.910573E-07 
3.613794E+00, 9.649105E-05 
7.166528E+00, 2.391144E-05 
3.833051E+00, 2.247196E-04 
8.916245E+00, 6.752204E-06 
2.021045E+00, 3.684263E-04 
5.724224E+00, 6.043702E-05 
3.766883E+00, 1.376315E-04 
5.983829E+00, 6.657775E-05 
8.187823E+00, 9.611581E-06 
7.702711E+00, 2.822804E-05 
9.442472E+00, 1.317158E-06 
7.573729E+00, 2.235773E-05 
3.845712E+00, 1.391118E-04 
8.190977E+00, 7.445126E-06 
4.723193E+00, 6.208839E-05 
5.551222E+00, 7.774129E-05 
1.732034E+00, 1.756013E-04 
9.391345E-01, 2.918259E-04 
5.925611E+00, 7.089978E-05 
1.139374E+00, 1.520958E-04 
3.405689E+00, 2.043461E-04 
5.396664E+00, 3.803987E-05 
8.063961E+00, 1.064732E-05 
1.019232E+01, 4.520214E-07 
7.687147E+00, 1.850470E-05 
1.034454E+01, 5.124597E-07 
1.070301E+01, 7.400999E-07 
2.945559E+00, 2.324287E-04 
2.560907E+00, 2.220492E-04 
1.462863E+00, 4.313276E-04 
1.047158E+01, 5.977602E-07 
5.498603E+00, 5.875655E-05 
7.812916E+00, 1.953667E-05 
9.112322E+00, 3.959060E-06 
6.824765E+00, 2.996952E-05 
9.442020E+00, 1.013225E-06 
4.024458E+00, 1.814471E-04 
4.256241E+00, 1.399331E-04 
3.437452E-01, 4.214378E-04 
5.124123E+00, 7.268673E-05 
5.879091E+00, 5.714159E-05 
6.046419E+00, 5.266782E-05 
8.095527E+00, 1.189465E-05 
3.726974E+00, 2.493178E-04 
2.762342E+00, 3.556058E-04 
1.637761E+00, 3.704365E-04 
9.699376E+00, 7.353749E-07 
9.374003E+00, 4.625491E-06 
2.723243E-01, 1.073597E-03 
3.394831E+00, 2.318177E-04 
5.523865E-01, 1.388624E-03 
2.971075E+00, 1.971908E-04 
6.980084E+00, 3.770557E-05 
1.307486E+00, 3.403738E-04 
5.568475E+00, 5.599817E-05 
8.332645E+00, 1.213136E-05 
9.883417E+00, 1.034241E-06 
1.501895E+00, 5.636880E-05 
5.991761E+00, 4.483923E-05 
9.833660E+00, 1.152603E-06 
6.997506E+00, 1.041779E-05 
5.994655E+00, 6.466094E-05 
1.191872E+00, 4.688797E-04 
3.906422E+00, 7.734580E-05 
4.798269E+00, 1.273365E-04 
2.488129E+00, 1.540238E-04 
2.568268E+00, 2.220492E-04 
3.253397E+00, 1.689976E-04 
6.655745E+00, 2.924130E-05 
4.490385E+00, 2.982734E-04 
2.284997E+00, 1.869649E-04 
7.830409E+00, 1.357439E-05 
4.353433E+00, 1.962315E-04 
3.797437E+00, 3.216989E-04 
3.285669E-01, 6.158033E-04 
7.875986E+00, 1.146729E-05 
1.728144E+00, 2.675405E-04 
8.457092E+00, 1.292998E-05 
4.147467E+00, 1.513583E-04 
2.762231E+00, 3.380687E-04 
7.873602E+00, 1.506239E-05 
8.728001E+00, 4.152956E-06 
2.693756E+00, 2.150904E-04 
9.072242E+00, 3.621002E-06 
6.363858E+00, 4.785263E-05 
6.738267E+00, 4.560857E-05 
6.764161E+00, 3.894239E-05 
5.341017E+00, 6.681190E-05 
4.327378E+00, 1.616410E-04 
6.776571E+00, 2.901863E-05 
1.061869E+00, 1.666464E-04 
1.111603E+01, 9.628350E-07 
6.627365E+00, 4.105874E-05 
8.679793E+00, 4.576846E-06 
8.082741E+00, 1.864200E-05 
8.810668E+00, 6.346161E-06 
4.333126E+00, 2.427240E-04 
2.182228E+00, 2.432285E-04 
2.395170E+00, 2.872435E-04 
9.911788E+00, 9.273856E-07 
9.270384E+00, 2.126022E-06 
9.554885E+00, 1.661262E-06 
1.624616E+00, 2.327107E-04 
9.297668E+00, 3.738228E-06 
6.860122E+00, 3.219637E-05 
3.448471E-01, 4.128720E-04 
8.826946E+00, 5.083383E-06 
1.949935E-01, 4.993868E-04 
5.161604E+00, 7.635915E-05 
8.841428E+00, 4.380573E-06 
2.308878E+00, 2.785631E-04 
4.576454E+00, 1.386742E-04 
3.146030E+00, 1.465561E-04 
5.004558E+00, 1.142545E-04 
1.963894E+00, 3.797837E-04 
7.924375E+00, 2.036352E-05 
6.697292E+00, 2.817413E-05 
9.740118E+00, 7.725102E-07 
3.342728E-02, 1.489032E-02 
3.546504E+00, 1.430724E-04 
7.065481E-01, 2.980767E-04 
3.483709E+00, 2.859490E-04 
6.825120E-01, 4.993868E-04 
1.220332E+00, 2.422276E-04 
-1.326455E+00, 1.506664E-02 
6.751405E+00, 2.119929E-05 
9.079645E+00, 1.954774E-06 
8.970380E+00, 6.523975E-06 
2.030633E+00, 4.008103E-04 
3.514955E+00, 8.280326E-05 
6.300637E+00, 5.809245E-05 
2.515250E+00, 3.109268E-04 
6.817436E+00, 2.780859E-05 
3.121218E+00, 2.237008E-04 
8.059097E+00, 1.608860E-05 
4.913648E+00, 5.369624E-05 
8.734482E+00, 9.921070E-06 
8.153465E+00, 5.141023E-06 
2.146336E+00, 2.405984E-04 
1.477419E+00, 2.423711E-04 
2.345766E+00, 1.440462E-04 
4.087531E+00, 9.362761E-05 
6.085409E+00, 6.763262E-05 
3.337804E+00, 1.976342E-04 
3.682055E+00, 9.034911E-05 
3.025144E-01, 6.981425E-04 
3.452448E+00, 1.246350E-04 
5.526396E+00, 6.807940E-05 
2.921628E+00, 2.205141E-04 
8.533277E-02, 5.703937E-04 
5.836261E+00, 4.599417E-05 
1.499330E+00, 2.246149E-04 
2.008345E+00, 2.967051E-04 
3.444697E-01, 5.939600E-04 
8.039754E+00, 1.272481E-05 
7.823412E+00, 2.532289E-05 
1.013246E+00, 3.464130E-04 
5.685157E-01, 3.547699E-04 
6.105253E+00, 3.393157E-05 
7.851794E+00, 1.291629E-05 
5.735982E+00, 6.316885E-05 
3.999421E+00, 1.002537E-04 
1.494924E+00, 2.937555E-04 
2.101461E+00, 1.700693E-04 
4.581231E+00, 1.316249E-04 
3.771177E+00, 5.942079E-05 
5.007408E+00, 1.164205E-04 
1.775862E+00, 3.702145E-04 
6.741848E+00, 7.619850E-05 
9.405560E+00, 3.273201E-06 
6.659330E+00, 4.232823E-05 
7.270933E+00, 8.039557E-06 
-7.913835E-01, 1.635570E-02 
7.246143E+00, 1.558441E-05 
1.773521E+00, 3.360097E-04 
6.264548E+00, 4.305296E-05 
4.197200E+00, 1.949617E-04 
3.443152E+00, 1.840537E-04 
7.033034E+00, 4.239646E-05 
9.771407E+00, 1.670102E-06 
3.355465E+00, 1.801048E-04 
5.133921E+00, 8.117771E-05 
7.165688E+00, 1.958969E-05 
3.988432E+00, 9.930196E-05 
7.232702E+00, 1.905516E-05 
5.470240E+00, 6.743535E-05 
5.566156E+00, 6.956135E-05 
4.615607E+00, 7.816627E-05 
9.992048E-01, 4.001351E-04 
2.294932E-01, 4.421336E-04 
8.931726E+00, 4.222223E-06 
3.866962E+00, 2.199280E-04 
3.867383E+00, 1.280718E-04 
-3.038065E+00, 1.923981E-02 
2.084880E+00, 3.153413E-04 
2.184561E+00, 2.711485E-04 
2.229344E+00, 1.634631E-04 
9.337465E+00, 2.522532E-06 
2.427864E+00, 1.874309E-04 
1.212481E+00, 2.053313E-04 
3.471649E+00, 1.531469E-04 
3.078102E+00, 1.786735E-04 
8.207527E+00, 1.095192E-05 
7.411841E+00, 3.536398E-05 
9.306543E+00, 2.939834E-06 
5.099837E+00, 9.081852E-05 
4.756422E+00, 7.032394E-05 
7.695216E+00, 1.175109E-05 
8.681850E+00, 3.391952E-06 
3.568627E+00, 1.863942E-04 
3.865815E+00, 1.914126E-04 
6.620953E+00, 3.151556E-05 
1.703073E+00, 1.438319E-04 
4.149360E+00, 1.605799E-04 
5.761646E+00, 4.606321E-05 
6.696773E-01, 2.918259E-04 
1.034313E+01, 6.835919E-07 
6.170931E+00, 4.873437E-05 
4.161437E+00, 1.607193E-04 
9.064449E+00, 1.055040E-06 
6.871202E+00, 2.653050E-05 
8.750613E+00, 4.311703E-06 
3.341325E+00, 2.528166E-04 
6.404138E+00, 4.240126E-05 
1.824919E+00, 2.103048E-04 
1.059047E+01, 5.941320E-07 
6.085212E+00, 7.800145E-05 
8.121122E+00, 1.419432E-05 
3.721402E+00, 1.918041E-04 
7.511713E+00, 1.604800E-05 
7.643041E+00, 1.771236E-05 
-1.392528E-01, 1.132960E-03 
2.051430E+00, 2.400611E-04 
6.365883E-01, 4.348828E-04 
7.533537E+00, 2.314349E-05 
4.314126E+00, 1.831790E-04 
1.755805E+00, 4.505336E-04 
2.710492E+00, 2.831298E-04 
9.996500E+00, 6.432880E-07 
1.013816E+01, 1.279107E-06 
1.333689E+00, 3.258077E-04 
6.253427E+00, 4.190620E-05 
5.861289E-01, 2.496934E-04 
3.309835E+00, 3.051032E-04 
6.609172E+00, 4.508664E-05 
7.211442E+00, 3.752123E-05 
6.591409E+00, 5.008972E-05 
1.770476E+00, 3.193593E-04 
5.695067E+00, 5.119103E-05 
1.104449E+01, 1.404554E-06 
1.046579E+01, 5.743534E-07 
2.912276E+00, 2.275175E-04 
7.517260E+00, 1.276668E-05 
2.035995E+00, 3.238682E-04 
5.745550E+00, 4.392388E-05 
1.159927E+00, 3.140124E-04 
2.291868E+00, 2.618639E-04 
5.314682E+00, 7.990863E-05 
2.971523E+00, 1.921977E-04 
7.246934E+00, 2.366631E-05 
2.502005E+00, 3.368606E-04 
4.943988E+00, 7.185242E-05 
3.229562E+00, 2.755824E-04 
4.051763E+00, 1.432900E-04 
3.174268E+00, 1.308112E-04 
1.021053E+01, 6.051160E-07 
1.898469E+00, 3.621060E-04 
9.380694E+00, 2.308495E-06 
7.862571E+00, 1.898134E-05 
-5.795101E-02, 2.185430E-04 
4.802533E+00, 5.479875E-05 
9.127886E+00, 2.899558E-06 
6.711132E+00, 1.854758E-05 
4.728841E-01, 1.155958E-03 
6.990777E+00, 1.799442E-05 
8.693843E+00, 5.356032E-06 
1.836695E-01, 1.588121E-04 
1.542460E+00, 2.873277E-04 
1.090922E+01, 4.418062E-07 
2.878061E-01, 6.943122E-04 
9.922940E+00, 1.061709E-06 
4.633634E+00, 1.187500E-04 
5.461901E-01, 3.471561E-04 
9.850200E+00, 9.621793E-07 
6.649357E+00, 2.904508E-05 
7.041164E+00, 4.295799E-05 
3.335056E+00, 1.709252E-04 
7.239181E+00, 2.304826E-05 
5.275787E+00, 8.741018E-05 
4.985240E+00, 9.582777E-05 
2.770001E+00, 2.082322E-04 
2.653818E+00, 1.986861E-04 
9.145022E+00, 6.140732E-06 
7.156167E+00, 2.262905E-05 
7.075613E+00, 3.858375E-05 
1.170152E+00, 1.777719E-04 
6.239794E+00, 6.728280E-05 
8.236333E+00, 1.278376E-05 
1.038666E+01, 7.738000E-07 
9.917134E+00, 6.673912E-07 
9.756474E+00, 1.381421E-06 
4.401120E+00, 1.659517E-04 
6.279544E+00, 5.410833E-05 
2.040210E+00, 2.403150E-04 
5.554664E+00, 6.466094E-05 
6.975596E+00, 3.033521E-05 
4.460503E+00, 1.381823E-04 
7.407907E+00, 2.666191E-05 
6.902527E+00, 4.256043E-05 
8.089339E+00, 9.563824E-06 
4.162462E-01, 6.312750E-04 
1.018868E+01, 1.271360E-06 
3.842305E+00, 2.338430E-04 
5.075149E+00, 5.980540E-05 
4.990075E+00, 9.352604E-05 
7.242213E+00, 2.920859E-05 
4.293807E+00, 1.421255E-04 
7.584221E+00, 1.689858E-05 
7.547302E+00, 2.262874E-05 
2.511244E+00, 2.058381E-04 
5.944924E+00, 7.582470E-05 
7.255965E+00, 1.583860E-05 
3.857445E+00, 1.604495E-04 
1.211627E+00, 3.334592E-04 
3.529141E-01, 4.993868E-04 
1.105940E+01, 9.021126E-07 
4.666355E+00, 1.215604E-04 
5.259900E+00, 1.286277E-04 
5.963512E+00, 2.774670E-05 
5.623125E+00, 6.830016E-05 
7.883627E+00, 1.560567E-05 
5.145755E+00, 9.985395E-05 
8.602749E+00, 5.667788E-06 
4.400114E+00, 1.188416E-04 
8.202393E+00, 1.754534E-05 
5.364377E+00, 8.666413E-05 
2.478099E+00, 2.344042E-04 
9.107534E+00, 3.353523E-06 
5.148860E+00, 6.033093E-05 
1.870787E+00, 3.031195E-04 
2.374965E+00, 2.729511E-04 
8.813343E+00, 5.016326E-06 
7.795238E+00, 1.951741E-05 
6.114118E+00, 6.113976E-05 
9.123751E+00, 2.667350E-06 
4.086027E+00, 9.095440E-05 
5.010088E+00, 1.091032E-04 
3.427921E-01, 2.994172E-04 
3.723543E+00, 1.608482E-04 
1.015875E+01, 7.571777E-07 
9.554903E+00, 9.929251E-07 
9.668399E+00, 2.525181E-06 
1.541118E+00, 4.544074E-04 
9.783796E+00, 4.261149E-06 
9.277690E+00, 3.367703E-06 
6.422261E+00, 4.205417E-05 
3.246826E+00, 3.030859E-04 
2.111884E+00, 2.141153E-04 
2.139827E+00, 2.462766E-04 
5.931101E+00, 5.899140E-05 
9.420186E+00, 1.732647E-06 
8.586582E+00, 3.731598E-06 
8.977348E+00, 2.876026E-06 
9.236182E+00, 2.750423E-06 
3.408869E-01, 3.817149E-04 
1.279132E+00, 1.729209E-04 
6.054732E+00, 5.009764E-05 
1.141928E+00, 3.485651E-04 
3.810115E+00, 1.868370E-04 
1.938078E+00, 4.059705E-04 
1.648484E+00, 2.424707E-04 
2.008200E+00, 2.093694E-04 
4.607956E+00, 9.698302E-05 
8.444398E+00, 1.586000E-05 
2.332407E+00, 3.349829E-04 
6.944437E+00, 2.567156E-05 
2.742391E+00, 1.659937E-04 
5.634832E-01, 1.216152E-04 
3.608780E+00, 2.246183E-04 
5.164147E-01, 3.211444E-04 
7.035622E+00, 2.331680E-05 
4.826257E+00, 9.958787E-05 
9.672532E+00, 5.623761E-07 
6.810021E+00, 4.583136E-05 
-6.651395E-03, 3.471561E-04 
4.156596E-01, 4.940714E-04 
4.459095E+00, 1.368941E-04 
8.458268E+00, 1.530022E-05 
5.682523E+00, 7.184991E-05 
2.476512E+00, 3.057913E-04 
5.539541E+00, 6.544797E-05 
4.179891E+00, 1.312374E-04 
7.744042E+00, 1.960866E-05 
8.029508E+00, 1.186592E-05 
5.879351E+00, 7.964590E-05 
6.191584E+00, 4.376510E-05 
7.110462E+00, 2.463773E-05 
4.264497E+00, 1.481330E-04 
2.647852E+00, 1.580502E-04 
4.298802E+00, 1.596174E-04 
4.142331E+00, 1.645257E-04 
1.669326E+00, 3.737200E-04 
3.641450E+00, 1.935503E-04 
3.893089E+00, 1.647517E-04 
8.472843E+00, 6.827908E-06 
9.889217E+00, 5.824089E-07 
6.542975E+00, 5.634827E-05 
2.570619E+00, 1.997535E-04 
5.976492E+00, 4.749025E-05 
1.202885E+00, 1.974917E-04 
8.334830E+00, 6.472669E-06 
9.689111E-01, 5.412546E-04 
2.503048E+00, 3.436583E-04 
8.971082E+00, 7.903255E-06 
4.913084E+00, 1.736963E-04 
3.238800E+00, 2.305517E-04 
8.105861E+00, 1.309821E-05 
1.722353E+00, 3.332928E-04 
3.922249E-01, 4.098433E-04 
6.387753E-01, 1.789736E-04 
1.421696E-01, 1.132960E-03 
1.477949E-01, 3.058876E-04 
4.777767E+00, 1.450613E-04 
5.978018E+00, 7.105721E-05 
3.748596E+00, 1.792024E-04 
8.394166E+00, 5.799117E-06 
2.029333E+00, 3.078611E-04 
3.218985E+00, 2.222893E-04 
5.291463E+00, 8.575688E-05 
5.010446E+00, 8.843159E-05 
5.904166E+00, 6.779931E-05 
9.787464E+00, 1.150902E-06 
5.544053E+00, 7.173776E-05 
1.033081E+01, 8.059794E-07 
3.748385E+00, 1.914126E-04 
5.046580E+00, 1.065760E-04 
5.360339E+00, 9.943152E-05 
2.660688E+00, 1.786735E-04 
7.281478E+00, 8.079954E-06 
-5.434437E+00, 1.831214E-02 
5.232930E+00, 9.330896E-05 
5.821437E+00, 3.315762E-05 
1.006031E+01, 9.918086E-07 
4.358141E+00, 1.048940E-04 
1.169674E+00, 2.798503E-04 
7.721716E+00, 9.716198E-06 
5.510880E+00, 6.073062E-05 
7.273699E+00, 2.097318E-05 
8.165567E+00, 1.622759E-05 
1.434721E+00, 3.257408E-04 
2.968696E+00, 2.407268E-04 
3.486524E-01, 4.993868E-04 
4.239464E+00, 1.015383E-04 
2.955846E+00, 3.529911E-04 
6.512096E+00, 2.742752E-05 
5.835929E+00, 6.349693E-05 
3.558221E+00, 1.779908E-04 
1.665622E+00, 5.998532E-05 
1.609940E+00, 2.576300E-04 
8.716621E+00, 9.514156E-06 
1.684363E-01, 5.939600E-04 
3.283873E+00, 1.841163E-04 
9.573581E-01, 2.903279E-04 
2.952650E+00, 2.647430E-04 
5.670822E-01, 2.546141E-04 
1.065002E+01, 5.884240E-07 
6.679120E+00, 2.825730E-05 
1.029074E+01, 9.154798E-07 
2.730523E+00, 2.956815E-04 
3.097369E-01, 4.067146E-04 
1.012580E+01, 6.449315E-07 
1.748183E+00, 3.140902E-04 
9.068694E+00, 5.516180E-06 
7.663975E-01, 2.138969E-04 
3.416576E+00, 1.573889E-04 
-1.464997E-01, 4.160440E-04 
8.261411E+00, 7.445126E-06 
3.702482E+00, 2.119002E-04 
5.450349E+00, 8.829895E-05 
8.697932E+00, 6.376028E-06 
2.681040E+00, 1.883172E-04 
2.697766E+00, 2.838355E-04 
1.012235E+01, 7.530875E-07 
5.803010E+00, 8.577334E-05 
2.454912E-01, 5.939600E-04 
9.205958E+00, 2.712309E-06 
9.787933E+00, 1.375212E-06 
6.135022E-02, 2.969800E-04 
-1.329267E-01, 6.641220E-03 
-2.773339E-02, 2.969800E-04 
4.278161E-01, 3.471561E-04 
3.723604E-01, 3.058876E-04 
3.405529E-01, 3.058876E-04 
9.810071E+00, 1.844780E-06 
2.053844E-01, 6.181886E-04 
9.391950E+00, 3.055956E-06 
1.835545E+00, 1.796284E-04 
2.355969E-01, 4.993868E-04 
9.887947E+00, 9.976142E-07 
2.798662E-01, 4.993868E-04 
2.915126E-01, 1.735781E-04 
5.488652E-01, 3.471561E-04 
4.897345E-01, 3.058876E-04 
1.995890E+00, 5.998532E-05 
6.065872E-02, 2.826923E-04 
9.612727E+00, 2.414156E-06 
9.792331E+00, 6.944826E-07 
8.607258E+00, 5.470600E-06 
5.830145E-01, 3.995750E-04 
7.227783E+00, 1.649033E-05 
3.432412E-01, 2.655748E-04 
5.966612E-01, 4.646606E-04 
7.426414E-01, 5.101986E-04 
8.193874E-01, 3.303703E-04 
9.133462E+00, 9.484891E-06 
8.978773E-01, 4.843775E-04 
7.579526E+00, 1.608746E-05 
5.373714E-01, 4.073610E-04 
7.906533E+00, 1.742428E-05 
8.228930E+00, 1.283855E-05 
7.180613E-01, 3.405585E-04 
5.900019E+00, 6.847286E-05 
8.276495E-01, 3.083610E-04 
5.377166E-01, 3.433910E-04 
1.092225E+00, 1.877772E-04 
7.676719E+00, 1.911472E-05 
7.419397E+00, 3.300492E-05 
8.536376E-01, 4.360291E-04 
2.769839E+00, 1.717242E-04 
1.157374E+00, 2.343621E-04 
8.016672E+00, 1.099307E-05 
8.684249E+00, 4.482019E-06 
1.598444E+00, 3.092951E-04 
6.732154E+00, 2.799749E-05 
1.506468E+00, 3.529287E-04 
1.258433E+00, 3.607970E-04 
5.468000E-01, 7.224736E-05 
1.276967E+00, 4.032301E-04 
8.047819E+00, 1.216249E-05 
1.248316E+00, 3.580690E-04 
1.546775E+00, 2.298723E-04 
1.430876E+00, 2.210504E-04 
1.658703E+00, 5.340262E-04 
7.648351E+00, 2.677040E-05 
1.535851E-01, 2.832399E-04 
3.188995E-01, 2.832399E-04 
2.915859E-02, 2.832399E-04 
5.652703E-03, 2.969800E-04 
1.535174E-01, 2.832399E-04 
2.181281E-01, 2.832399E-04 
-1.203824E-02, 2.832399E-04 
-5.575136E-02, 2.832399E-04 
3.089775E-02, 2.513815E-04 
3.651091E-01, 2.185430E-04 
1.291901E-01, 2.091737E-04 
8.046979E-02, 1.775805E-04 
1.407709E-01, 1.735781E-04 
-4.242377E-02, 1.646896E-04 
-1.234717E-01, 8.082807E-05 
-2.297272E-01, 1.588121E-04 
3.929501E-01, 4.128720E-04 
6.508460E-01, 4.067146E-04 
7.347772E-01, 1.932672E-04 
8.213235E-01, 2.496934E-04 
7.562809E-01, 2.496934E-04 
6.241173E-01, 2.630453E-04 
6.430875E-01, 2.419024E-04 
6.774761E-01, 2.372926E-04 
7.470791E-01, 2.042677E-04 
8.849995E-01, 2.138969E-04 
6.894031E-01, 1.932672E-04 
7.266718E-01, 1.932672E-04 
9.039070E-01, 1.789736E-04 
9.825902E-01, 2.563041E-04 
1.020052E+00, 2.406764E-04 
1.105110E+00, 2.234096E-04 
1.130500E+00, 1.974917E-04 
1.064843E+00, 1.832367E-04 
1.086544E+00, 1.666464E-04 
1.118469E+00, 8.210050E-05 
1.056509E+00, 1.453795E-04 
1.022033E+00, 1.428269E-04 
1.217629E+00, 1.416769E-04 
1.058657E+00, 1.368392E-04 
1.102322E+00, 2.677604E-04 
1.299022E+00, 2.219245E-04 
1.516733E+00, 2.471425E-04 
1.302473E+00, 2.310277E-04 
1.258038E+00, 2.251416E-04 
1.186910E+00, 2.246149E-04 
1.680764E+00, 2.710710E-04 
1.422361E+00, 2.154740E-04 
1.248559E+00, 2.133733E-04 
1.678824E+00, 2.850829E-04 
1.770292E+00, 2.401923E-04 
1.561443E+00, 2.314651E-04 
1.718425E+00, 2.282977E-04 
2.190891E+00, 2.458578E-04 
2.168801E+00, 2.146435E-04 
2.488389E+00, 1.969052E-04 
2.491160E+00, 1.782761E-04 
2.312537E+00, 1.753843E-04 
2.386300E+00, 2.329145E-04 
2.653997E+00, 2.057504E-04 
2.199077E+00, 1.883172E-04 
2.644760E+00, 1.620007E-04 
2.419364E+00, 1.590407E-04 
2.547917E+00, 1.425291E-04 
2.863973E+00, 2.147551E-04 
2.841390E+00, 1.986861E-04 
2.515068E+00, 1.965705E-04 
2.611086E+00, 1.931649E-04 
2.713029E+00, 1.809423E-04 
2.668790E+00, 1.796144E-04 
2.441791E+00, 1.790753E-04 
2.857085E+00, 1.680173E-04 
2.676889E+00, 1.565959E-04 
2.820054E+00, 2.465992E-04 
2.866043E+00, 1.659937E-04 
2.805268E+00, 1.615016E-04 
3.054817E+00, 1.501328E-04 
2.990415E+00, 1.394646E-04 
3.255205E+00, 1.465561E-04 
3.045907E+00, 1.355763E-04 
3.371166E+00, 1.326196E-04 
3.217657E+00, 1.308112E-04 
3.358907E+00, 1.306582E-04 
3.628546E+00, 1.297815E-04 
3.419092E+00, 1.475119E-04 
3.653222E+00, 1.698216E-04 
3.725361E+00, 1.326603E-04 
3.681987E+00, 1.265826E-04 
3.810645E+00, 1.249873E-04 
3.706935E+00, 1.199778E-04 
3.603923E+00, 1.139271E-04 
3.585050E+00, 1.546988E-04 
4.099997E+00, 1.141862E-04 
3.939852E+00, 1.136477E-04 
3.768456E+00, 1.130837E-04 
3.950888E+00, 1.075672E-04 
3.961399E+00, 9.879433E-05 
4.049621E+00, 9.457192E-05 
3.810542E+00, 9.077282E-05 
3.682513E+00, 9.052605E-05 
3.965283E+00, 9.034911E-05 
3.866755E+00, 8.089670E-05 
3.828438E+00, 7.734939E-05 
4.230237E+00, 1.579199E-04 
4.190899E+00, 1.062218E-04 
3.730616E+00, 9.504439E-05 
4.178128E+00, 9.362761E-05 
3.891501E+00, 1.376315E-04 
4.150360E+00, 1.164906E-04 
4.307267E+00, 9.640235E-05 
4.521881E+00, 8.809345E-05 
4.593099E+00, 8.576194E-05 
4.591353E+00, 8.106381E-05 
4.423098E+00, 7.822286E-05 
4.471920E+00, 1.004465E-04 
4.910798E+00, 8.537967E-05 
4.616504E+00, 7.688541E-05 
4.566738E+00, 7.032394E-05 
4.915286E+00, 6.719408E-05 
4.581377E+00, 6.134674E-05 
5.076232E+00, 9.358586E-05 
5.051096E+00, 6.501470E-05 
5.020468E+00, 5.376453E-05 
5.437486E+00, 5.044899E-05 
5.137103E+00, 4.933535E-05 
5.061789E+00, 4.812259E-05 
1.896731E+00, 1.159310E-04 
1.799413E+00, 1.159310E-04 
5.360951E+00, 6.949127E-05 
4.763433E+00, 5.843753E-05 
5.554070E+00, 7.990863E-05 
5.552996E+00, 7.573647E-05 
5.626299E+00, 5.599817E-05 
5.775524E+00, 6.544797E-05 
5.555456E+00, 5.414359E-05 
5.653926E+00, 5.232950E-05 
5.610828E+00, 5.038943E-05 
5.988866E+00, 6.657775E-05 
5.524938E+00, 5.789455E-05 
6.263854E+00, 6.174653E-05 
6.228543E+00, 5.266782E-05 
5.928350E+00, 4.873437E-05 
6.076182E+00, 4.483923E-05 
6.101821E+00, 4.133036E-05 
6.317219E+00, 3.862702E-05 
6.276229E+00, 3.393157E-05 
6.465246E+00, 3.124456E-05 
6.546313E+00, 2.934269E-05 
6.236371E+00, 2.844852E-05 
6.312782E+00, 2.656100E-05 
6.474102E+00, 2.621872E-05 
6.492097E+00, 2.610844E-05 
6.780127E+00, 2.708144E-05 
6.824962E+00, 2.537299E-05 
6.713166E+00, 2.207892E-05 
6.847320E+00, 2.206401E-05 
6.524264E+00, 2.194728E-05 
6.867085E+00, 2.119929E-05 
7.131022E+00, 2.389812E-05 
6.669076E+00, 2.384225E-05 
7.110719E+00, 2.366631E-05 
7.239895E+00, 2.286827E-05 
7.179021E+00, 2.003099E-05 
7.010660E+00, 1.882821E-05 
7.040141E+00, 1.799442E-05 
7.041065E+00, 2.335975E-05 
7.371536E+00, 1.671533E-05 
7.231426E+00, 1.610688E-05 
7.312076E+00, 1.965718E-05 
7.236855E+00, 1.558441E-05 
7.237539E+00, 1.497498E-05 
7.377551E+00, 2.040470E-05 
7.448113E+00, 2.004096E-05 
7.312167E+00, 1.911675E-05 
7.415961E+00, 1.657459E-05 
7.594026E+00, 1.604800E-05 
7.734110E+00, 1.743327E-05 
7.588767E+00, 1.347006E-05 
7.557730E+00, 1.203902E-05 
7.920545E+00, 2.005549E-05 
7.733114E+00, 1.869344E-05 
7.823871E+00, 1.864200E-05 
7.810239E+00, 1.524871E-05 
7.750747E+00, 1.506239E-05 
8.588722E+00, 1.010896E-05 
8.441483E+00, 8.759359E-06 
8.383802E+00, 8.415364E-06 
8.281036E+00, 6.346161E-06 
8.592662E+00, 5.832278E-06 
8.271129E+00, 5.799117E-06 
8.273002E+00, 5.054478E-06 
8.537858E+00, 9.940462E-06 
8.606092E+00, 5.908253E-06 
8.430983E+00, 5.898231E-06 
8.507906E+00, 5.618466E-06 
8.538870E+00, 5.611604E-06 
8.536371E+00, 5.005499E-06 
9.059425E+00, 4.863561E-06 
8.622178E+00, 4.165708E-06 
8.813105E+00, 4.110138E-06 
9.058789E+00, 5.440359E-06 
8.965577E+00, 4.742445E-06 
8.930397E+00, 3.241398E-06 
9.128327E+00, 2.747060E-06 
9.383153E+00, 2.224091E-06 
9.239768E+00, 2.210814E-06 
9.169600E+00, 2.197203E-06 
9.337837E+00, 2.193300E-06 
9.161059E+00, 2.153864E-06 
9.553291E+00, 2.525181E-06 
9.578180E+00, 2.113713E-06 
9.315590E+00, 1.457662E-06 
9.555921E+00, 1.978320E-06 
9.448137E+00, 1.411356E-06 
1.074765E+00, 4.105025E-05 
8.753221E-01, 4.105025E-05 
9.835234E+00, 1.686082E-06 
1.005828E+01, 1.375212E-06 
9.796418E+00, 1.329897E-06 
9.778061E+00, 1.174920E-06 
9.525655E+00, 1.286694E-06 
9.649902E+00, 9.621793E-07 
9.680363E+00, 9.290473E-07 
9.982267E+00, 8.693444E-07 
1.000364E+01, 8.680559E-07 
9.879862E+00, 9.273856E-07 
9.548637E+00, 7.353749E-07 
1.025049E+01, 6.907103E-07 
9.916820E+00, 1.123387E-06 
1.010624E+01, 7.571777E-07 
3.560316E-02, 2.020702E-05 
1.713243E+00, 1.122677E-05 
1.795248E+00, 2.245355E-05 
1.613253E+00, 2.245355E-05 
1.360804E+00, 2.245355E-05 
2.119378E-02, 2.020702E-05 
1.846042E+00, 2.245355E-05 
1.323516E+00, 2.245355E-05 
1.591235E+00, 2.245355E-05 
1.693085E+00, 2.245355E-05 
1.609620E-01, 2.020702E-05 
-2.102601E-01, 2.020702E-05 
1.687805E+00, 1.122677E-05 
