9.930763E+00, 7.164540E-07 
7.101824E+00, 2.051794E-05 
9.201954E+00, 3.659381E-06 
4.335240E+00, 1.654522E-04 
2.683898E+00, 2.996327E-04 
4.830081E-01, 2.473854E-04 
4.545805E+00, 1.237810E-04 
1.864265E+00, 2.686745E-04 
1.172806E+01, 1.318520E-06 
5.326646E+00, 9.435183E-05 
7.825035E+00, 1.878684E-05 
7.881625E+00, 1.767264E-05 
1.445935E+00, 3.605504E-04 
2.074834E+00, 4.249369E-04 
8.331048E+00, 1.306796E-05 
1.038964E+01, 1.583163E-06 
5.313988E-01, 2.813526E-04 
4.956715E+00, 1.215987E-04 
1.297630E+00, 3.139856E-04 
4.727466E+00, 1.931425E-04 
-4.311036E+00, 1.798236E-02 
-1.809236E+00, 1.325774E-02 
9.645732E+00, 6.928795E-07 
5.818540E+00, 6.355768E-05 
9.294937E+00, 4.617155E-06 
1.104113E+01, 9.562249E-07 
1.124873E+00, 4.710482E-04 
2.498944E+00, 3.887486E-04 
6.677241E+00, 4.576009E-05 
5.459880E+00, 9.820484E-05 
5.465379E+00, 7.429687E-05 
6.134172E+00, 8.943352E-05 
4.593947E-01, 2.895725E-04 
2.839672E+00, 4.800477E-04 
4.740781E+00, 1.165806E-04 
6.255343E+00, 7.724388E-05 
4.021181E+00, 1.528662E-04 
7.082357E+00, 4.220222E-05 
1.657050E-01, 4.008057E-04 
8.440131E-01, 4.771582E-04 
4.179040E+00, 1.748983E-04 
6.849340E+00, 4.744117E-05 
6.090029E-01, 3.356774E-04 
-3.145076E+00, 1.308078E-02 
5.016302E+00, 1.261496E-04 
9.810994E+00, 2.299019E-06 
6.200393E+00, 5.290616E-05 
2.078131E-01, 3.076411E-04 
7.925837E-01, 2.803604E-04 
9.269486E+00, 4.564249E-06 
1.005558E+00, 2.972788E-04 
4.372342E+00, 1.081958E-04 
9.663025E+00, 1.303242E-06 
2.366347E+00, 3.130139E-04 
7.554286E+00, 1.954771E-05 
1.972537E+00, 4.886250E-04 
8.078496E+00, 9.920750E-06 
4.975861E+00, 1.377686E-04 
8.268857E-02, 1.079181E-03 
4.801203E+00, 1.841840E-04 
3.030460E-01, 2.895725E-04 
8.252532E+00, 8.913515E-06 
6.249722E+00, 4.699873E-05 
8.413941E+00, 1.099019E-05 
7.706654E+00, 4.879030E-05 
9.471079E+00, 1.178347E-06 
7.103673E+00, 4.759666E-05 
6.490078E+00, 3.987173E-05 
3.437491E+00, 2.340574E-04 
2.384630E-01, 5.939496E-04 
9.129355E+00, 5.149382E-06 
9.672181E-01, 4.472149E-04 
2.684131E+00, 4.845037E-04 
9.469835E+00, 4.377986E-06 
1.011049E+01, 6.748942E-07 
1.002620E+01, 1.033815E-06 
3.507146E+00, 2.301940E-04 
2.962168E-01, 2.831171E-04 
8.025064E+00, 1.721932E-05 
6.791812E-01, 4.416687E-04 
6.788388E+00, 2.680478E-05 
4.172125E+00, 1.928327E-04 
6.330017E+00, 4.864148E-05 
9.630620E+00, 8.886210E-07 
9.583820E+00, 7.996875E-07 
1.075023E+01, 7.627416E-07 
1.035086E+01, 1.473596E-06 
7.234499E+00, 4.035922E-05 
5.748482E+00, 1.101161E-04 
1.528452E+00, 4.875904E-04 
6.687841E+00, 4.679398E-05 
3.229738E+00, 2.332642E-04 
1.872829E-01, 4.763168E-04 
9.479515E+00, 1.661600E-06 
8.829186E+00, 9.525763E-06 
6.378783E+00, 4.621944E-05 
7.938450E+00, 1.847633E-05 
7.659526E+00, 1.889551E-05 
8.878493E+00, 4.066604E-06 
3.308438E+00, 2.547422E-04 
1.484062E+00, 3.129479E-04 
2.587872E+00, 2.462486E-04 
5.482188E+00, 7.331243E-05 
1.009818E+01, 7.164540E-07 
5.377475E+00, 1.046980E-04 
5.684692E+00, 8.670206E-05 
6.279436E+00, 7.331207E-05 
1.731665E+00, 3.122363E-04 
2.272516E+00, 1.948634E-04 
5.590954E+00, 8.546122E-05 
7.937854E+00, 1.414025E-05 
1.638022E+00, 3.965531E-04 
7.008357E+00, 3.412740E-05 
1.325072E+00, 4.080637E-04 
4.151576E+00, 2.736441E-04 
8.465203E+00, 6.782640E-06 
7.643992E+00, 1.758889E-05 
4.448340E-01, 3.642621E-04 
5.413632E+00, 6.498497E-05 
1.685772E+00, 2.716516E-04 
8.972751E+00, 2.998117E-06 
7.842366E+00, 1.847633E-05 
5.839893E+00, 8.604177E-05 
8.855378E+00, 6.032706E-06 
1.222508E+00, 4.779553E-04 
6.275978E+00, 5.893074E-05 
7.094085E+00, 2.768925E-05 
8.629081E+00, 9.955484E-06 
4.307876E+00, 1.643303E-04 
2.421947E-02, 4.763168E-04 
1.030148E+00, 3.940113E-04 
7.414512E+00, 1.664187E-05 
8.361587E+00, 8.609743E-06 
5.486736E+00, 2.098184E-04 
6.560569E+00, 5.040363E-05 
1.026128E+00, 5.504864E-04 
7.817354E+00, 1.625051E-05 
7.257124E+00, 2.225950E-05 
8.231893E+00, 9.820676E-06 
3.518376E+00, 1.281244E-04 
2.794295E+00, 2.872167E-04 
5.302720E+00, 8.429940E-05 
8.281186E+00, 9.908272E-06 
7.516543E+00, 1.666126E-05 
4.152824E+00, 1.673605E-04 
5.135294E+00, 1.582733E-04 
3.644479E+00, 2.415047E-04 
8.354826E+00, 1.573268E-05 
8.966899E+00, 6.657052E-06 
6.915280E+00, 2.525581E-05 
1.647287E+00, 2.586267E-04 
2.536507E+00, 3.095787E-04 
6.561742E+00, 5.080073E-05 
1.196815E+00, 4.662096E-04 
3.336658E+00, 3.030012E-04 
2.878330E+00, 4.122900E-04 
7.008625E+00, 3.372420E-05 
6.031509E+00, 5.666423E-05 
8.025693E+00, 7.036924E-06 
5.126517E+00, 3.652497E-05 
1.902342E-01, 1.447863E-04 
7.399604E+00, 3.186041E-05 
7.846834E+00, 2.089559E-05 
4.162506E+00, 1.177053E-04 
7.828664E+00, 1.479928E-05 
1.269407E+00, 2.269480E-04 
9.246521E+00, 9.348198E-07 
2.188438E+00, 3.226424E-04 
8.286809E-01, 5.177993E-04 
8.843752E+00, 4.774082E-06 
3.886153E+00, 2.592038E-04 
5.110728E+00, 2.141878E-04 
6.722601E+00, 3.779367E-05 
6.583897E+00, 6.025278E-05 
4.952836E+00, 1.125319E-04 
2.493990E+00, 4.708739E-04 
5.501293E+00, 6.289420E-05 
8.748964E+00, 7.939854E-06 
4.260841E+00, 1.483264E-04 
3.346568E+00, 2.523720E-04 
6.353401E-01, 3.099479E-04 
4.999807E+00, 6.308200E-05 
7.559919E+00, 2.367223E-05 
4.847774E-01, 4.568942E-04 
4.993768E+00, 1.405462E-04 
7.167823E+00, 1.650058E-05 
4.917163E+00, 1.116412E-04 
8.276261E-01, 3.706063E-04 
5.371749E+00, 9.057421E-05 
2.014528E+00, 2.605342E-04 
5.129444E+00, 8.694559E-05 
4.206106E+00, 2.014523E-04 
3.005534E+00, 4.996099E-04 
5.536788E+00, 7.515340E-05 
4.912998E+00, 1.646446E-04 
3.020772E+00, 2.336313E-04 
1.929560E+00, 3.452547E-04 
3.133629E+00, 5.285613E-04 
6.736792E+00, 6.165894E-05 
9.185751E+00, 5.660258E-06 
4.194420E+00, 1.535894E-04 
8.471341E+00, 8.667020E-06 
3.209518E+00, 2.338408E-04 
8.329362E+00, 1.023734E-05 
6.923576E+00, 5.912039E-05 
7.424160E+00, 2.349397E-05 
9.833066E+00, 6.718816E-07 
3.506048E+00, 4.522677E-04 
1.396045E+00, 2.685137E-04 
4.105208E+00, 1.645490E-04 
6.580415E+00, 3.447662E-05 
1.883426E+00, 3.403017E-04 
8.819478E-02, 4.838169E-04 
9.257673E+00, 4.695543E-06 
9.825671E+00, 1.178685E-06 
1.012177E+00, 1.849950E-05 
9.309119E+00, 4.615539E-06 
7.975418E+00, 1.966228E-05 
8.227984E+00, 1.261080E-05 
5.987461E+00, 6.400111E-05 
1.617457E+00, 3.413774E-04 
3.819304E-01, 3.579327E-04 
5.244687E+00, 8.585077E-05 
8.093737E+00, 1.440232E-05 
9.395208E+00, 3.816434E-06 
8.527153E-01, 3.643816E-04 
6.599358E+00, 4.533217E-05 
2.834539E+00, 2.282666E-04 
3.060244E+00, 2.449953E-04 
5.348698E+00, 7.929289E-05 
-3.610717E+00, 1.654005E-02 
6.529633E+00, 4.937308E-05 
8.044829E+00, 1.347158E-05 
1.621184E-01, 1.415956E-03 
7.346776E+00, 3.803238E-05 
8.544365E-01, 2.186952E-04 
5.589031E+00, 1.172720E-04 
9.656496E-01, 3.930621E-04 
2.769723E+00, 1.714933E-04 
2.248833E+00, 3.130139E-04 
1.219453E-01, 5.791451E-04 
9.151549E+00, 5.262849E-06 
8.635134E+00, 1.106085E-05 
3.947736E+00, 1.368572E-04 
8.372321E+00, 1.525889E-05 
4.509433E+00, 1.118297E-04 
9.419257E+00, 1.833238E-06 
2.333514E+00, 3.523266E-04 
2.380511E+00, 3.958153E-04 
1.517215E+00, 2.425850E-04 
4.473272E+00, 1.488113E-04 
3.868881E+00, 2.433792E-04 
6.516997E+00, 4.024239E-05 
9.769076E+00, 8.669859E-07 
7.119969E+00, 3.137515E-05 
4.298744E+00, 1.255899E-04 
2.646045E+00, 5.025828E-04 
-2.000595E+00, 1.445931E-02 
-3.466939E+00, 1.835799E-02 
7.875436E+00, 1.786395E-05 
4.523607E+00, 1.555434E-04 
8.618919E+00, 7.450038E-06 
3.124089E+00, 1.671368E-04 
1.928216E+00, 4.336688E-04 
9.414254E-02, 2.004028E-04 
6.352480E+00, 4.696303E-05 
4.073655E+00, 2.383112E-04 
6.055168E+00, 5.474941E-05 
4.662709E+00, 2.049760E-04 
1.020002E+01, 6.148060E-07 
8.087273E+00, 9.019975E-06 
7.642564E+00, 1.873526E-05 
6.229956E+00, 4.218149E-05 
1.446924E+00, 3.321681E-04 
1.027270E+01, 8.241865E-07 
2.057748E+00, 4.968241E-04 
1.583676E+00, 3.613381E-04 
1.526007E+00, 2.741091E-04 
7.313514E+00, 2.186309E-05 
6.145490E+00, 6.506345E-05 
5.537651E+00, 7.438115E-05 
6.604709E+00, 3.443233E-05 
6.363272E+00, 4.359114E-05 
2.981686E+00, 2.216090E-04 
5.257024E+00, 7.703908E-05 
1.006986E+01, 1.346152E-06 
3.444802E+00, 2.444987E-04 
4.354917E+00, 1.702436E-04 
4.369435E+00, 1.343427E-04 
5.846657E+00, 1.104760E-04 
8.009355E+00, 1.290186E-05 
2.906184E-01, 5.953960E-05 
5.187824E+00, 6.255167E-05 
9.180820E+00, 5.130483E-06 
4.655144E+00, 1.574893E-04 
9.169603E+00, 1.178685E-06 
2.343485E+00, 3.194854E-04 
4.581601E+00, 1.934527E-04 
9.224487E+00, 3.976529E-06 
1.738179E+00, 3.867306E-04 
9.032631E+00, 5.418093E-06 
8.370360E+00, 1.069981E-05 
2.626085E+00, 4.200516E-04 
1.245098E+00, 3.094599E-04 
5.387688E+00, 7.197726E-05 
6.338165E+00, 4.304863E-05 
5.512611E+00, 7.514622E-05 
4.049031E+00, 2.195690E-04 
8.942424E+00, 5.238408E-06 
4.939299E+00, 1.316848E-04 
1.943704E+00, 4.036790E-04 
5.790002E+00, 7.481209E-05 
1.188727E+00, 4.788103E-04 
1.937727E+00, 2.944821E-04 
4.364117E+00, 2.247135E-04 
6.028182E+00, 6.314790E-05 
7.001773E+00, 2.833554E-05 
6.972212E+00, 3.741976E-05 
7.281043E+00, 4.476531E-05 
9.598298E+00, 1.549725E-06 
9.059455E+00, 6.651608E-06 
3.763068E+00, 1.412709E-04 
4.406384E+00, 1.488708E-04 
4.967587E+00, 1.093822E-04 
3.020576E+00, 2.085832E-04 
9.398495E+00, 1.833238E-06 
7.101519E+00, 1.515883E-05 
3.300331E+00, 1.903719E-04 
1.937828E+00, 3.038840E-04 
7.149498E+00, 3.097860E-05 
3.142120E+00, 2.461428E-04 
5.588741E+00, 6.925118E-05 
3.657782E+00, 2.069052E-04 
7.758802E-01, 3.742605E-04 
1.270951E+00, 4.454537E-04 
7.381479E+00, 2.106414E-05 
7.607848E+00, 2.342437E-05 
1.001392E+01, 5.863951E-07 
1.350946E+00, 2.871289E-04 
4.124074E+00, 1.726157E-04 
8.814997E-01, 4.576389E-04 
7.409960E+00, 3.501795E-05 
4.527644E+00, 1.728056E-04 
2.277537E+00, 4.069889E-04 
8.489695E+00, 9.079442E-06 
8.752715E+00, 5.084390E-06 
4.750741E+00, 8.864083E-05 
8.418240E-01, 2.416802E-04 
8.168083E+00, 8.302465E-06 
4.492579E+00, 2.271540E-04 
8.244662E+00, 1.162380E-05 
9.156917E+00, 4.780514E-06 
6.701164E+00, 3.902167E-05 
6.135035E+00, 6.233744E-05 
5.805970E+00, 7.784885E-05 
4.998728E+00, 1.324177E-04 
3.947080E+00, 3.981732E-04 
5.737001E+00, 7.883278E-05 
3.464221E+00, 1.776993E-04 
5.699570E+00, 7.929289E-05 
2.692020E-01, 2.142488E-04 
3.258162E+00, 2.591611E-04 
5.770438E+00, 7.620628E-05 
7.603380E+00, 3.406756E-05 
5.383689E+00, 9.728295E-05 
5.815634E+00, 1.138147E-04 
7.609461E+00, 1.673046E-05 
1.426009E+00, 4.675551E-04 
6.121428E+00, 4.975912E-05 
5.162756E-01, 3.315447E-04 
2.215924E+00, 2.777901E-04 
4.460930E+00, 1.664379E-04 
5.296338E+00, 5.927160E-05 
9.162269E+00, 4.598580E-06 
9.358469E+00, 2.002314E-06 
3.645319E+00, 2.832551E-04 
6.516014E+00, 5.969657E-05 
2.307474E+00, 4.176878E-04 
8.977487E+00, 5.029903E-06 
1.784697E+00, 2.879685E-04 
1.222699E+00, 2.766821E-04 
9.381863E+00, 2.764961E-06 
6.428097E+00, 5.567040E-05 
1.697577E+00, 3.150352E-04 
1.230517E+00, 3.220286E-04 
2.102202E+00, 3.101373E-04 
9.134783E+00, 9.172674E-06 
5.805900E+00, 1.195272E-04 
7.166041E+00, 2.485571E-05 
7.700847E+00, 2.309402E-05 
1.970470E+00, 2.486449E-04 
8.613450E+00, 8.327242E-06 
4.056525E+00, 1.106395E-04 
7.582523E+00, 1.439885E-05 
1.851501E+00, 2.786959E-04 
9.197791E+00, 4.398522E-06 
5.380026E+00, 7.264163E-05 
6.889519E+00, 3.595002E-05 
3.767939E+00, 1.534507E-04 
8.420179E+00, 9.026329E-06 
3.555205E+00, 2.584414E-04 
1.005986E+01, 8.968375E-07 
9.948800E+00, 5.127034E-07 
3.899836E+00, 1.890564E-04 
8.170485E+00, 1.536799E-05 
1.293832E+00, 4.397690E-04 
4.973772E+00, 2.399295E-04 
8.866913E+00, 3.802290E-06 
8.401785E+00, 7.174961E-06 
9.543873E+00, 2.033302E-06 
5.869697E+00, 7.357552E-05 
9.391516E+00, 3.422473E-06 
6.427738E+00, 6.049692E-05 
4.900340E+00, 1.657608E-04 
5.234487E+00, 5.927160E-05 
1.600260E+00, 4.568180E-04 
9.273299E+00, 1.335548E-06 
3.102675E+00, 3.156508E-04 
2.530855E+00, 4.159917E-04 
4.452377E+00, 1.164632E-04 
1.005765E+01, 6.722210E-07 
3.146325E-01, 4.228269E-04 
1.008738E+01, 7.033543E-07 
5.370329E+00, 1.120326E-04 
1.017645E+01, 8.606255E-07 
4.354426E+00, 1.390755E-04 
3.177611E+00, 2.690323E-04 
-6.644895E-01, 1.493490E-02 
3.471942E+00, 2.741193E-04 
8.150615E+00, 1.015339E-05 
1.373935E+00, 2.956025E-04 
5.039393E+00, 1.804850E-04 
5.848621E+00, 5.163539E-05 
3.637534E+00, 3.257396E-04 
7.341927E+00, 2.626902E-05 
8.938158E+00, 4.066604E-06 
6.612829E+00, 3.502201E-05 
3.438316E+00, 2.405343E-04 
8.320466E+00, 1.419503E-05 
4.179911E+00, 1.294793E-04 
2.623779E+00, 3.235781E-04 
6.360042E-01, 3.315447E-04 
3.121571E-01, 1.983956E-04 
4.463070E+00, 7.746571E-05 
8.324098E+00, 1.109695E-05 
7.781333E+00, 2.233185E-05 
6.270567E+00, 6.533513E-05 
7.699149E+00, 1.605646E-05 
7.391808E+00, 1.480304E-05 
2.293337E+00, 2.995732E-04 
3.006138E+00, 2.592570E-04 
2.207520E+00, 2.505662E-04 
7.019447E+00, 3.282060E-05 
8.530487E+00, 1.031815E-05 
3.533752E+00, 3.488226E-04 
3.474666E+00, 3.701971E-04 
2.590415E+00, 3.902808E-04 
5.886081E+00, 7.209614E-05 
3.730784E+00, 2.640343E-04 
7.542785E+00, 2.083496E-05 
5.695491E+00, 8.429940E-05 
1.028979E+00, 3.272262E-04 
5.780354E-02, 4.086287E-04 
6.882965E+00, 4.961235E-05 
3.511049E+00, 1.880789E-04 
9.041118E+00, 4.801664E-06 
7.784022E+00, 1.434992E-05 
1.506367E+00, 3.485454E-04 
7.504712E+00, 2.657602E-05 
4.085773E+00, 1.757785E-04 
7.235177E+00, 3.031766E-05 
2.342224E+00, 4.536490E-04 
4.374039E+00, 1.297505E-04 
6.949189E+00, 3.112261E-05 
7.846622E+00, 1.294359E-05 
4.573296E+00, 1.986357E-04 
1.499284E+00, 3.437912E-04 
7.019235E+00, 2.291023E-05 
2.259699E+00, 2.517622E-04 
2.555954E+00, 5.492974E-04 
1.490905E+00, 2.611217E-04 
8.761433E+00, 1.019632E-05 
7.678639E+00, 9.477956E-06 
8.934987E+00, 6.794695E-06 
4.907757E+00, 1.158088E-04 
7.190560E+00, 2.626902E-05 
1.109885E+01, 9.732416E-07 
8.049894E+00, 1.286811E-05 
9.387426E+00, 2.353634E-06 
9.571743E+00, 1.770619E-06 
6.351074E+00, 4.973849E-05 
5.150746E+00, 1.214913E-04 
7.875847E+00, 1.671465E-05 
6.623722E+00, 5.138862E-05 
6.952289E+00, 1.972188E-05 
7.608337E+00, 1.843929E-05 
3.387213E+00, 2.548673E-04 
2.317471E+00, 3.140283E-04 
8.958657E+00, 9.466029E-06 
3.438490E+00, 1.675313E-04 
9.556480E+00, 4.164370E-06 
1.297913E+00, 2.663488E-04 
9.175274E+00, 4.015536E-06 
2.081336E+00, 3.903252E-04 
2.024147E+00, 2.449529E-04 
1.130865E+00, 3.211081E-04 
8.748988E+00, 4.494212E-06 
7.619481E+00, 1.175247E-05 
1.006564E+00, 4.245596E-04 
6.783791E+00, 4.180696E-05 
7.188959E-01, 3.841186E-04 
8.055541E+00, 1.301653E-05 
2.014444E+00, 4.757098E-04 
5.808665E+00, 6.495631E-05 
3.190910E+00, 2.582070E-04 
1.049517E+00, 3.058713E-04 
7.232808E+00, 3.386474E-05 
5.570144E+00, 1.180165E-04 
2.842840E+00, 2.996327E-04 
5.785399E-01, 5.540033E-04 
3.990713E+00, 2.063716E-04 
3.497026E+00, 2.155579E-04 
7.549593E+00, 1.074629E-05 
2.015748E+00, 3.322705E-04 
8.997332E+00, 7.576229E-06 
7.830082E-01, 3.769344E-04 
1.685668E+00, 4.738832E-04 
6.978039E+00, 2.183247E-05 
8.282369E+00, 1.048924E-05 
9.095672E+00, 7.206036E-06 
1.015537E+01, 1.757803E-06 
1.002286E+01, 1.386225E-06 
4.842040E+00, 1.943096E-04 
4.890333E+00, 1.533102E-04 
3.609218E+00, 2.564598E-04 
9.813238E+00, 7.300474E-07 
8.745004E+00, 8.567654E-06 
3.955328E+00, 1.574427E-04 
4.179384E-01, 2.925410E-04 
9.294781E+00, 4.166752E-06 
7.085397E+00, 1.778041E-05 
2.419321E-01, 4.763168E-04 
9.834428E+00, 1.381760E-06 
6.433714E+00, 5.844759E-05 
3.438113E+00, 2.410306E-04 
5.160667E-01, 5.224840E-04 
9.777184E+00, 1.276601E-06 
7.624148E-02, 3.160147E-04 
4.254600E+00, 2.364260E-04 
3.716317E+00, 2.329738E-04 
6.463526E+00, 4.937308E-05 
1.257774E+00, 2.576863E-04 
8.743398E-01, 4.155143E-04 
6.192818E+00, 9.444217E-05 
8.593963E+00, 7.330879E-06 
3.936427E+00, 2.600070E-04 
4.503868E+00, 1.588697E-04 
6.231661E+00, 6.876183E-05 
4.176426E+00, 1.418602E-04 
2.748494E+00, 3.298368E-04 
6.715341E-01, 3.281502E-04 
8.500854E+00, 7.560275E-06 
9.878357E+00, 7.807950E-07 
7.547817E+00, 1.676926E-05 
5.340371E+00, 1.303646E-04 
6.827428E+00, 4.411811E-05 
2.305519E+00, 3.357254E-04 
1.571579E+00, 4.119369E-04 
7.610834E+00, 1.011160E-05 
8.351602E+00, 8.344658E-06 
6.907572E+00, 2.225950E-05 
8.180865E+00, 1.093110E-05 
9.406126E+00, 2.392816E-06 
1.031325E+01, 9.731678E-07 
5.109282E+00, 1.591159E-04 
1.682422E+00, 1.044956E-04 
7.708714E+00, 3.661959E-05 
9.412547E+00, 3.314030E-06 
-8.356509E-02, 3.727566E-04 
5.822861E+00, 9.646083E-05 
8.225842E+00, 2.120260E-05 
7.584328E+00, 2.081426E-05 
7.182839E+00, 2.754625E-05 
7.359840E+00, 1.778041E-05 
3.138929E+00, 3.491458E-04 
6.857644E+00, 4.078215E-05 
3.147088E+00, 3.070753E-04 
9.977655E+00, 5.186837E-07 
9.083534E+00, 3.333525E-06 
5.940654E+00, 6.388643E-05 
9.506452E+00, 1.798286E-06 
8.872795E+00, 4.336297E-06 
8.291961E+00, 1.016384E-05 
2.787737E+00, 2.861244E-04 
2.809189E+00, 2.542354E-04 
2.864354E+00, 1.878466E-04 
5.815497E+00, 6.451418E-05 
5.102154E+00, 1.190933E-04 
4.144707E+00, 1.660687E-04 
8.380559E+00, 7.607376E-06 
8.180756E+00, 9.748048E-06 
4.678667E+00, 9.549413E-05 
1.906650E+00, 2.517791E-04 
8.543342E+00, 7.604581E-06 
9.106855E+00, 6.525466E-06 
3.254570E+00, 3.601788E-04 
4.098514E+00, 1.480082E-04 
7.461463E+00, 2.890898E-05 
7.593413E+00, 4.209286E-05 
9.743588E+00, 1.092918E-06 
9.884172E+00, 5.863951E-07 
8.526922E+00, 8.773046E-06 
6.121277E+00, 5.646495E-05 
1.258525E+00, 4.240919E-04 
1.147941E+01, 1.285745E-06 
6.385550E+00, 1.105064E-04 
4.709902E+00, 8.522158E-05 
9.129866E-01, 4.054981E-04 
1.453665E+00, 3.176078E-04 
4.111179E+00, 1.616274E-04 
9.225882E+00, 2.132077E-06 
9.865911E+00, 9.329527E-07 
8.557937E+00, 1.427744E-05 
7.743849E+00, 1.627983E-05 
5.700108E+00, 1.063015E-04 
2.967719E+00, 2.433895E-04 
1.276446E+00, 4.177057E-04 
1.015198E+01, 8.177146E-07 
5.765294E+00, 8.747666E-05 
4.859761E+00, 2.608354E-04 
6.818520E+00, 2.760369E-05 
5.584481E+00, 5.965963E-05 
3.172723E+00, 1.594149E-04 
7.723737E+00, 1.124367E-05 
4.669746E+00, 1.679067E-04 
1.027392E+01, 9.511238E-07 
7.706068E+00, 1.258613E-05 
1.558307E+00, 2.674649E-04 
4.661429E+00, 9.779231E-05 
6.686058E+00, 4.752431E-05 
7.679934E+00, 1.383571E-05 
1.358607E+00, 5.152344E-04 
5.278201E+00, 5.694105E-05 
1.926997E+00, 4.907843E-04 
6.597963E+00, 6.077514E-05 
6.229485E-01, 3.661350E-04 
5.550806E+00, 7.159998E-05 
7.217017E+00, 4.420458E-05 
5.196431E+00, 8.592455E-05 
1.653910E+00, 3.249557E-04 
7.862284E+00, 1.136870E-05 
6.350397E+00, 7.777783E-05 
6.953658E+00, 4.507060E-05 
6.028977E+00, 5.857463E-05 
7.442164E+00, 2.457237E-05 
1.439309E+00, 3.661350E-04 
7.799765E+00, 3.062055E-05 
8.150706E-01, 5.071509E-04 
9.332550E+00, 2.542195E-06 
2.658557E+00, 3.258547E-04 
7.381181E+00, 1.873526E-05 
8.605219E+00, 5.888178E-06 
6.211248E+00, 5.425859E-05 
5.477419E+00, 9.641633E-05 
2.677197E+00, 4.617964E-04 
6.084047E+00, 8.511140E-05 
3.094768E+00, 2.190852E-04 
6.009342E+00, 5.333174E-05 
2.236359E+00, 2.310564E-04 
3.905093E+00, 2.266892E-04 
2.233801E+00, 3.642515E-04 
2.043055E+00, 3.764883E-04 
4.943902E+00, 1.340695E-04 
7.055829E-03, 4.501504E-03 
8.144381E+00, 9.994362E-06 
1.843764E+00, 3.167710E-04 
1.741257E+00, 5.099047E-04 
5.865400E+00, 6.890922E-05 
9.533148E+00, 1.861810E-06 
7.247897E+00, 3.204865E-05 
8.108532E+00, 1.774414E-05 
1.284593E+00, 3.023724E-04 
9.305193E+00, 7.615352E-06 
7.219933E+00, 2.722182E-05 
4.414589E+00, 1.493198E-04 
9.772064E+00, 6.718816E-07 
7.768259E+00, 2.011706E-05 
7.085537E+00, 3.696093E-05 
3.444377E+00, 4.165069E-04 
5.953074E+00, 8.439019E-05 
2.402036E+00, 3.328785E-04 
5.216790E-01, 3.741896E-04 
9.551792E+00, 1.337681E-06 
7.106801E+00, 3.016756E-05 
9.340729E+00, 4.681219E-06 
5.589307E+00, 7.523090E-05 
5.707178E+00, 5.376525E-05 
5.774735E+00, 5.418582E-05 
2.234389E+00, 2.870651E-04 
6.350021E+00, 4.469357E-05 
4.278747E+00, 1.633260E-04 
5.760220E+00, 6.436071E-05 
8.530415E+00, 9.026329E-06 
3.377771E+00, 2.484625E-04 
8.925535E+00, 4.981719E-06 
6.227146E+00, 6.601655E-05 
3.273079E+00, 3.583297E-04 
8.603180E+00, 6.743052E-06 
7.069644E-01, 3.556687E-04 
8.615964E+00, 8.142848E-06 
3.016727E+00, 2.286475E-04 
9.531416E+00, 2.632841E-06 
8.910989E+00, 6.980348E-06 
2.025630E+00, 3.768001E-04 
8.862725E+00, 4.899173E-06 
7.266345E-01, 2.902088E-04 
6.462700E+00, 7.136877E-05 
8.745151E+00, 7.530341E-06 
4.428746E+00, 1.387888E-04 
-1.031300E+00, 1.423642E-02 
7.459181E-01, 2.674693E-04 
4.887398E+00, 1.011393E-04 
7.819967E+00, 1.583124E-05 
2.164167E+00, 3.183142E-04 
3.324151E+00, 2.582070E-04 
2.302456E+00, 5.283497E-04 
7.480917E+00, 2.266680E-05 
2.605848E+00, 2.851900E-04 
2.222600E+00, 2.053438E-04 
9.658780E+00, 8.669859E-07 
5.598444E+00, 1.136131E-04 
9.760781E+00, 7.996875E-07 
4.079121E+00, 1.758916E-04 
7.345570E+00, 1.515883E-05 
3.468082E+00, 2.502907E-04 
9.909214E+00, 6.661011E-07 
1.235551E+00, 3.036079E-04 
1.337933E+00, 4.567604E-04 
5.678187E+00, 8.078399E-05 
6.793623E+00, 3.792438E-05 
1.054238E+00, 4.573723E-04 
5.676962E+00, 9.111884E-05 
1.368403E+00, 2.553486E-04 
4.167596E+00, 2.069706E-04 
2.531261E+00, 2.540382E-04 
3.860045E+00, 1.495877E-04 
2.953737E+00, 3.855224E-04 
4.189114E+00, 1.002928E-04 
3.351189E+00, 3.360657E-04 
2.635505E+00, 3.155174E-04 
7.212625E+00, 2.429227E-05 
5.405680E+00, 1.084078E-04 
2.668311E+00, 3.722628E-04 
4.596083E+00, 1.241633E-04 
4.235821E+00, 1.504127E-04 
6.778983E+00, 1.734967E-05 
8.206522E+00, 1.152857E-05 
2.359186E+00, 3.034855E-04 
6.139234E+00, 6.764421E-05 
1.895595E+00, 2.965582E-04 
9.622815E+00, 1.642039E-06 
1.834169E+00, 3.239712E-04 
4.225827E+00, 1.941538E-04 
1.832649E+00, 3.076650E-04 
8.929142E-01, 3.304073E-04 
7.223215E+00, 1.837360E-05 
5.117549E+00, 1.226444E-04 
5.417599E+00, 1.147562E-04 
8.927644E+00, 5.712147E-06 
8.286455E+00, 1.332479E-05 
8.843673E+00, 4.857324E-06 
7.039435E+00, 2.622530E-05 
6.896616E+00, 4.090603E-05 
9.318549E+00, 2.388387E-06 
2.134750E+00, 3.106002E-04 
6.168962E+00, 7.307210E-05 
1.452612E+00, 3.415879E-04 
1.572703E+00, 3.662777E-04 
7.939572E+00, 1.882370E-05 
7.130976E+00, 2.722182E-05 
6.230771E+00, 5.835314E-05 
5.514185E+00, 1.095532E-04 
5.544167E+00, 7.603661E-05 
5.603198E+00, 1.222655E-04 
6.412438E+00, 3.921413E-05 
3.464328E+00, 1.694139E-04 
3.783868E+00, 2.068434E-04 
4.913981E+00, 1.961028E-04 
3.434949E+00, 2.655092E-04 
4.187190E+00, 1.836139E-04 
7.046988E+00, 2.692259E-05 
3.398919E+00, 2.414186E-04 
5.793849E+00, 1.052242E-04 
3.859247E+00, 2.042812E-04 
6.633367E+00, 4.671437E-05 
3.045956E+00, 1.777877E-04 
1.175558E+00, 3.393797E-04 
1.002348E+00, 4.291921E-04 
1.533977E+00, 4.048810E-04 
1.775861E+00, 3.261165E-04 
9.223117E+00, 2.565968E-06 
4.430451E+00, 1.296655E-04 
1.035550E+01, 1.011422E-06 
9.136831E+00, 2.769687E-06 
7.942251E+00, 1.309608E-05 
5.973405E+00, 1.057062E-04 
7.512969E+00, 1.726471E-05 
1.484583E+00, 3.405839E-04 
6.797765E+00, 3.648771E-05 
7.056852E+00, 6.700247E-05 
2.327076E+00, 2.995732E-04 
5.675648E+00, 1.437109E-04 
5.015326E+00, 1.827242E-04 
5.398213E-01, 2.157907E-04 
4.229200E+00, 8.922953E-05 
4.305976E+00, 2.982819E-04 
3.217530E+00, 2.874627E-04 
8.465379E-01, 3.300243E-04 
6.023134E+00, 8.736053E-05 
8.977085E+00, 8.344658E-06 
9.315842E+00, 3.274253E-06 
7.475259E+00, 2.395140E-05 
8.108452E+00, 1.309608E-05 
6.800163E+00, 2.754436E-05 
6.574405E+00, 5.226348E-05 
2.426080E-01, 2.837663E-04 
8.313210E+00, 1.495730E-05 
5.514038E+00, 9.963381E-05 
8.291277E+00, 7.607376E-06 
3.912987E+00, 2.550933E-04 
3.731031E+00, 2.259739E-04 
2.199608E+00, 2.885532E-04 
9.136531E+00, 5.378846E-06 
8.307797E-01, 4.949996E-04 
3.628065E+00, 2.443426E-04 
6.079404E+00, 4.856596E-05 
3.020849E-01, 1.868598E-04 
3.905178E+00, 2.500699E-04 
1.388042E+00, 2.627559E-04 
3.568387E+00, 2.160532E-04 
4.100823E+00, 2.677656E-04 
6.527714E+00, 6.361740E-05 
-4.426337E+00, 1.425743E-02 
1.220577E+00, 5.148728E-04 
4.667864E+00, 1.282562E-04 
7.544935E-01, 3.750756E-04 
5.417038E+00, 5.018873E-05 
9.973173E+00, 7.300474E-07 
7.963112E+00, 1.344773E-05 
8.922612E+00, 9.768894E-06 
1.843185E+00, 5.304594E-04 
5.807637E+00, 9.338535E-05 
7.459798E-01, 5.261178E-04 
4.863032E+00, 1.914151E-04 
4.886372E+00, 2.256996E-04 
9.295207E+00, 1.405805E-06 
9.727907E+00, 1.542937E-06 
7.798009E+00, 1.311035E-05 
9.377334E+00, 3.099449E-06 
8.837751E+00, 8.108037E-06 
1.321556E+00, 4.492824E-04 
2.859825E+00, 2.427864E-04 
1.599249E+00, 5.141719E-04 
4.959396E+00, 1.672857E-04 
3.709966E+00, 2.293030E-04 
2.924069E+00, 3.673434E-04 
2.303223E+00, 5.069102E-04 
6.594208E+00, 6.476024E-05 
1.235466E+00, 3.035032E-04 
4.083517E+00, 2.023310E-04 
2.564015E+00, 3.339892E-04 
3.739269E+00, 2.356783E-04 
2.271205E+00, 4.114102E-04 
5.002912E+00, 5.686674E-05 
8.540502E-01, 4.540178E-04 
1.003162E+01, 8.949447E-07 
7.775025E-01, 3.139704E-04 
1.261371E+00, 2.945217E-04 
8.440267E+00, 7.249708E-06 
2.887203E-01, 3.913623E-04 
1.696352E+00, 3.046982E-04 
2.969643E+00, 1.734766E-04 
4.577713E+00, 9.779231E-05 
6.216567E+00, 6.267776E-05 
6.893588E+00, 3.428459E-05 
6.239963E+00, 3.559193E-05 
7.112123E+00, 2.890898E-05 
3.499298E+00, 2.882413E-04 
3.288299E+00, 3.047877E-04 
9.154912E+00, 1.449500E-06 
7.014568E-01, 2.684137E-04 
8.559290E+00, 7.264662E-06 
7.726276E+00, 2.126907E-05 
9.515047E+00, 1.953815E-06 
3.603972E+00, 1.603047E-04 
5.162583E+00, 1.500729E-04 
9.444537E+00, 3.725084E-06 
2.315589E+00, 2.358883E-04 
9.543349E+00, 2.167055E-06 
7.341039E+00, 2.638273E-05 
9.819394E+00, 1.693212E-06 
4.658021E-02, 5.044889E-04 
3.896262E+00, 2.995728E-04 
3.299830E+00, 1.469727E-04 
4.757660E-01, 3.975158E-04 
2.961786E+00, 2.837802E-04 
1.129756E+00, 3.351761E-04 
-3.173340E-01, 4.278073E-04 
8.212813E+00, 1.134777E-05 
1.957906E-01, 1.704723E-04 
4.582297E-01, 2.925410E-04 
4.878574E+00, 8.947849E-05 
2.430880E+00, 5.027036E-04 
7.451240E+00, 2.379597E-05 
6.928596E-01, 4.708267E-04 
6.177628E+00, 3.651838E-05 
8.326741E+00, 1.186346E-05 
3.421295E+00, 2.753309E-04 
6.780334E-01, 4.543344E-04 
7.410280E+00, 1.520774E-05 
7.123936E+00, 5.171840E-05 
4.511803E+00, 1.454251E-04 
6.914343E+00, 3.825189E-05 
5.621385E+00, 3.571098E-05 
3.484452E+00, 1.705157E-04 
5.572536E+00, 1.075135E-04 
5.681472E+00, 9.772504E-05 
6.319553E+00, 5.190568E-05 
4.219419E+00, 1.082012E-04 
5.282161E+00, 1.496532E-04 
5.523460E+00, 1.219920E-04 
8.737832E+00, 9.587535E-06 
1.877699E+00, 3.999799E-04 
3.133481E+00, 2.495154E-04 
3.396339E+00, 4.624218E-04 
5.987648E+00, 9.292174E-05 
8.869525E+00, 8.552203E-06 
5.431790E+00, 7.234888E-05 
4.893018E+00, 1.382283E-04 
4.523592E+00, 9.789765E-05 
9.271847E+00, 3.609296E-06 
4.919307E+00, 1.086098E-04 
4.230744E+00, 9.819630E-05 
7.784297E+00, 2.619939E-05 
6.538158E+00, 3.139973E-05 
5.971333E+00, 1.280830E-04 
7.182063E+00, 1.408883E-05 
4.982041E+00, 1.049805E-04 
8.145032E+00, 1.594524E-05 
1.928144E+00, 4.907107E-04 
8.849476E+00, 5.426984E-06 
8.181488E+00, 1.605323E-05 
3.482302E+00, 1.982447E-04 
6.580411E+00, 3.555453E-05 
7.425647E+00, 2.271195E-05 
8.503220E+00, 1.439536E-05 
9.202452E+00, 2.687545E-06 
3.896567E+00, 1.654522E-04 
3.948226E+00, 1.699586E-04 
8.311034E+00, 6.140012E-06 
1.208159E+00, 4.333028E-04 
8.288464E+00, 9.908198E-06 
8.979694E+00, 4.695734E-06 
2.598411E+00, 2.569145E-04 
7.515516E+00, 2.018418E-05 
6.413729E+00, 2.976468E-05 
2.986460E+00, 3.634493E-04 
4.248917E+00, 2.091928E-04 
7.857343E+00, 1.390328E-05 
6.877923E+00, 4.722349E-05 
2.429542E+00, 3.354960E-04 
3.551627E+00, 3.971754E-04 
2.813286E+00, 2.737700E-04 
9.918745E-01, 4.645149E-04 
4.487853E+00, 1.452088E-04 
5.218525E+00, 1.457942E-04 
6.996120E+00, 5.249753E-05 
6.891194E+00, 4.054192E-05 
8.604429E+00, 8.791681E-06 
5.558366E+00, 8.430639E-05 
7.656138E+00, 1.385428E-05 
5.889638E+00, 9.097380E-05 
3.348166E+00, 4.239895E-04 
1.633263E+00, 3.163637E-04 
8.013483E+00, 1.036274E-05 
3.656580E+00, 2.149220E-04 
4.530677E+00, 2.259019E-04 
7.459159E+00, 3.602942E-05 
6.049007E+00, 1.095121E-04 
8.357599E+00, 1.194694E-05 
2.357807E+00, 3.224712E-04 
4.323423E+00, 1.696029E-04 
4.685416E+00, 2.397411E-04 
9.161608E+00, 4.078551E-06 
7.145785E+00, 2.638536E-05 
4.993883E+00, 1.503607E-04 
9.117067E+00, 2.640022E-06 
3.502223E+00, 3.734723E-04 
3.143311E+00, 2.379183E-04 
6.913453E+00, 6.415157E-05 
8.717468E+00, 7.709117E-06 
3.637418E+00, 3.017218E-04 
9.025441E+00, 3.391320E-06 
8.939300E+00, 4.609981E-06 
4.533563E+00, 1.722121E-04 
-4.041581E+00, 2.117790E-02 
2.502239E+00, 4.546030E-04 
4.201101E+00, 3.203485E-04 
5.382263E+00, 7.895191E-05 
1.253175E+00, 4.890936E-04 
5.742911E+00, 7.023852E-05 
1.569711E-02, 3.661350E-04 
2.680493E+00, 5.005217E-04 
6.269521E+00, 1.323468E-04 
8.969510E+00, 4.124893E-06 
5.568419E+00, 9.514572E-05 
2.095731E+00, 3.937986E-04 
4.475424E+00, 1.343427E-04 
7.076116E+00, 2.942415E-05 
4.189354E+00, 1.093859E-04 
1.972107E+00, 2.908245E-04 
7.755330E-01, 4.008057E-04 
2.546253E+00, 2.985063E-04 
5.772024E+00, 8.128686E-05 
7.854855E+00, 2.203259E-05 
7.972010E+00, 1.841942E-05 
8.781782E-01, 2.269701E-04 
7.507577E+00, 1.119661E-05 
5.416468E+00, 7.784885E-05 
2.905439E+00, 4.494108E-04 
3.655128E+00, 2.404896E-04 
5.119440E+00, 9.457678E-05 
1.198097E+00, 2.922223E-04 
1.360809E+00, 3.953244E-04 
1.630662E+00, 3.419184E-04 
3.537100E+00, 2.703637E-04 
1.427017E+00, 3.953671E-04 
1.061869E+00, 6.382727E-04 
6.669773E+00, 1.541572E-05 
8.294950E-01, 3.971676E-04 
3.470212E-01, 4.656381E-04 
6.769254E+00, 5.602479E-05 
1.060043E+00, 3.349053E-04 
1.032175E+00, 6.173014E-04 
6.441913E+00, 4.518591E-05 
1.421210E+00, 3.358459E-04 
4.380459E+00, 1.422138E-04 
2.277748E+00, 3.487405E-04 
3.743040E+00, 3.307429E-04 
1.463892E+00, 3.398640E-04 
7.479648E+00, 1.118186E-05 
9.352253E+00, 6.859749E-07 
3.510412E+00, 3.145608E-04 
8.505879E+00, 1.354159E-05 
2.727449E+00, 4.822547E-04 
3.278790E+00, 2.897985E-04 
4.790734E-01, 3.150490E-04 
2.400310E+00, 4.256151E-04 
5.153621E+00, 8.770409E-05 
8.752206E+00, 6.050169E-06 
5.296514E+00, 7.623908E-05 
8.349079E+00, 1.197570E-05 
3.825185E+00, 2.227048E-04 
5.764366E+00, 8.881955E-05 
8.498804E+00, 1.301653E-05 
5.801365E+00, 1.119070E-04 
2.788199E+00, 2.868771E-04 
2.368402E+00, 3.299402E-04 
1.794859E+00, 2.266468E-04 
5.669741E+00, 7.553140E-05 
8.064731E+00, 1.857725E-05 
6.651397E+00, 7.112016E-05 
2.452766E+00, 3.577989E-04 
7.210938E+00, 1.508378E-05 
1.232209E-01, 2.473854E-04 
7.125554E+00, 4.403336E-05 
1.805202E+00, 3.603250E-04 
4.727998E+00, 1.490651E-04 
8.003475E-01, 4.474851E-04 
4.783358E+00, 1.084363E-04 
7.346418E+00, 2.054777E-05 
3.988997E+00, 1.621068E-04 
5.153543E+00, 1.119342E-04 
9.504698E+00, 3.194784E-06 
9.172539E+00, 3.824666E-06 
4.299200E+00, 1.878075E-04 
9.198364E+00, 2.961113E-06 
5.085650E+00, 8.926339E-05 
1.213612E+00, 3.450253E-04 
4.793622E+00, 2.380619E-04 
5.902685E+00, 9.476821E-05 
6.914922E+00, 4.950696E-05 
1.050498E+01, 1.463134E-06 
2.030728E+00, 3.642621E-04 
8.411615E+00, 1.330519E-05 
4.908026E+00, 9.789765E-05 
9.603004E+00, 4.245632E-06 
5.318374E+00, 1.011393E-04 
1.004951E+01, 1.293073E-06 
4.376649E+00, 1.776002E-04 
4.353379E+00, 1.187225E-04 
1.772371E+00, 2.681661E-04 
7.804699E+00, 1.070267E-05 
5.756388E+00, 7.620628E-05 
7.661207E+00, 2.438096E-05 
1.498338E+00, 3.983806E-04 
7.918359E-01, 2.564948E-04 
7.660523E+00, 2.547985E-05 
4.729808E+00, 1.679067E-04 
1.168121E+00, 2.650496E-04 
2.798555E+00, 1.999261E-04 
5.309158E+00, 1.103737E-04 
3.770744E+00, 2.192525E-04 
1.013400E+01, 6.718816E-07 
8.443732E+00, 9.743121E-06 
7.842149E+00, 1.116592E-05 
1.935771E+00, 2.699610E-04 
8.501907E+00, 8.832865E-06 
6.320894E+00, 9.316778E-05 
4.940586E+00, 2.671533E-04 
8.421255E+00, 8.109483E-06 
6.776910E+00, 6.576403E-05 
5.901385E+00, 1.233805E-04 
4.302606E-01, 4.421908E-04 
1.451409E+00, 3.211081E-04 
9.266950E+00, 3.417094E-06 
7.272971E+00, 2.712432E-05 
8.827951E+00, 8.555342E-06 
1.689808E+00, 4.857073E-04 
9.005149E+00, 4.617155E-06 
1.524959E+00, 4.774373E-04 
-8.024636E-02, 5.356221E-05 
5.363978E+00, 8.926339E-05 
7.513554E+00, 2.153992E-05 
2.713353E+00, 2.118076E-04 
6.722962E+00, 4.162446E-05 
8.215942E+00, 1.045033E-05 
8.124153E+00, 1.984150E-05 
3.839153E+00, 1.101899E-04 
2.052689E+00, 4.485960E-04 
4.648703E+00, 1.705157E-04 
3.101569E+00, 4.215802E-04 
4.830768E+00, 1.430012E-04 
2.081772E+00, 4.896751E-04 
2.373947E+00, 3.437912E-04 
9.723602E-01, 1.849950E-05 
5.704092E+00, 7.703908E-05 
2.523598E+00, 3.211008E-04 
9.122287E+00, 3.017586E-06 
8.062513E+00, 1.768375E-05 
5.993369E+00, 6.493579E-05 
7.117940E-01, 2.403014E-04 
3.514059E+00, 3.056819E-04 
5.983743E+00, 6.153234E-05 
6.753667E-01, 2.308470E-04 
5.815608E+00, 6.877450E-05 
5.903194E+00, 8.271498E-05 
7.805612E+00, 1.168310E-05 
3.601200E+00, 2.343645E-04 
4.571360E+00, 1.262502E-04 
3.202188E+00, 4.666930E-04 
9.799458E+00, 6.456870E-07 
2.584724E-02, 5.850820E-04 
2.883146E+00, 4.558797E-04 
3.308159E+00, 2.136777E-04 
5.877742E+00, 6.502277E-05 
8.124035E+00, 1.197570E-05 
6.073963E+00, 4.912874E-05 
7.058109E+00, 1.449254E-05 
4.677875E+00, 1.021995E-04 
4.846849E+00, 2.144681E-04 
9.061514E+00, 3.669776E-06 
2.702413E+00, 2.613803E-04 
4.142831E+00, 1.459193E-04 
7.048919E+00, 2.539169E-05 
4.058455E+00, 1.785524E-04 
1.620343E+00, 3.238773E-04 
5.699364E+00, 8.881955E-05 
6.395057E+00, 6.586552E-05 
6.405831E+00, 8.194922E-05 
6.931797E+00, 3.969634E-05 
4.088405E+00, 2.014523E-04 
7.442977E+00, 2.759796E-05 
8.817807E+00, 4.695543E-06 
9.805952E+00, 1.804648E-06 
7.356777E+00, 1.272468E-05 
7.947838E-01, 3.450253E-04 
4.388571E-01, 2.959719E-04 
4.947564E+00, 1.591736E-04 
3.862174E+00, 2.156306E-04 
5.131077E+00, 1.270554E-04 
2.428394E+00, 3.623778E-04 
2.133736E+00, 3.014848E-04 
1.054047E+01, 6.148060E-07 
4.286234E+00, 1.700334E-04 
3.936754E+00, 1.637829E-04 
2.059792E+00, 3.113137E-04 
6.405243E-01, 2.991176E-04 
1.971672E+00, 3.745403E-04 
6.203435E+00, 5.842403E-05 
6.054437E+00, 7.553140E-05 
3.974122E+00, 1.916685E-04 
1.949885E+00, 3.047877E-04 
5.263937E+00, 1.217402E-04 
6.528456E+00, 3.614827E-05 
2.284181E+00, 3.485210E-04 
7.322965E-01, 3.250754E-04 
7.885494E+00, 1.141510E-05 
4.935889E+00, 1.763210E-04 
9.854021E+00, 1.655130E-06 
2.210774E+00, 2.844619E-04 
1.345893E+00, 2.570997E-04 
-1.132062E+00, 1.488372E-02 
3.651804E+00, 1.677408E-04 
2.943280E+00, 3.411825E-04 
4.207242E+00, 2.125045E-04 
1.632224E+00, 3.836231E-04 
6.768122E+00, 5.285789E-05 
1.359313E+00, 2.932556E-04 
2.937062E+00, 2.415281E-04 
3.592450E-01, 3.237172E-04 
3.447019E+00, 2.162355E-04 
1.569895E-01, 3.233079E-04 
8.667407E+00, 8.142848E-06 
6.586621E+00, 7.567730E-05 
3.274697E+00, 3.226162E-04 
8.642260E+00, 7.682388E-06 
2.782815E+00, 3.889415E-04 
1.848898E+00, 4.722770E-04 
6.566832E+00, 5.926900E-05 
1.096518E+00, 3.931671E-04 
4.192886E+00, 3.244679E-04 
9.717192E+00, 2.036658E-06 
2.720093E+00, 2.591584E-04 
7.961699E+00, 2.175359E-05 
3.619288E-01, 3.967912E-04 
5.088383E+00, 1.355148E-04 
6.852006E+00, 4.448263E-05 
6.749051E+00, 4.043197E-05 
6.288468E-01, 5.435753E-04 
5.528357E+00, 1.209150E-04 
2.950512E+00, 4.124739E-04 
1.232627E+00, 5.477290E-04 
1.954907E+00, 3.496398E-04 
8.932238E+00, 3.665259E-06 
3.154680E+00, 1.597326E-04 
3.274931E+00, 1.669946E-04 
6.883651E+00, 3.282060E-05 
7.452518E+00, 2.525581E-05 
3.596234E+00, 2.719600E-04 
1.063569E+00, 3.372983E-04 
1.328142E+00, 2.805182E-04 
8.496550E+00, 8.469127E-06 
3.061857E-01, 2.488766E-04 
1.329918E+00, 4.129595E-04 
4.502235E+00, 1.200237E-04 
9.877692E+00, 2.127329E-06 
4.356699E+00, 2.480683E-04 
5.435720E+00, 1.030629E-04 
1.231168E+00, 3.525595E-04 
8.830205E+00, 8.156291E-06 
1.204006E+00, 4.944028E-04 
2.085285E+00, 2.018576E-04 
1.259127E+00, 4.494701E-04 
6.439382E+00, 4.957064E-05 
4.221647E+00, 2.402935E-04 
5.209504E+00, 9.121815E-05 
6.177486E+00, 6.482552E-05 
8.300095E+00, 1.761112E-05 
2.576927E+00, 3.310272E-04 
1.197722E+00, 2.612391E-05 
8.651590E-01, 2.719289E-04 
9.822182E+00, 8.993380E-07 
9.624011E+00, 1.103391E-06 
1.612594E+00, 5.097847E-04 
1.925727E+00, 3.369485E-04 
5.237526E+00, 3.442943E-05 
1.009949E+01, 1.276601E-06 
4.069883E+00, 1.300035E-04 
9.658202E+00, 2.236251E-06 
2.827607E+00, 3.183142E-04 
8.251214E+00, 1.590108E-05 
7.177794E+00, 3.134380E-05 
6.543543E+00, 4.238294E-05 
9.073421E+00, 5.028314E-06 
1.342203E+00, 3.753103E-04 
9.139621E+00, 4.409906E-06 
1.204621E+00, 3.058713E-04 
5.956193E-01, 2.976980E-05 
7.325737E+00, 2.861394E-05 
6.031658E+00, 6.678263E-05 
1.939577E+00, 2.861244E-04 
6.394216E+00, 5.646495E-05 
5.410813E+00, 1.153041E-04 
1.184081E+00, 3.175538E-04 
3.515953E+00, 3.101431E-04 
2.862433E+00, 3.404142E-04 
6.034847E+00, 5.159383E-05 
2.343743E+00, 2.629693E-04 
2.782266E+00, 3.065844E-04 
5.122228E+00, 1.137335E-04 
6.433822E+00, 5.076647E-05 
4.516892E+00, 1.101817E-04 
5.694291E+00, 6.182181E-05 
3.501308E+00, 3.873718E-04 
4.802820E+00, 7.885395E-05 
4.105635E+00, 1.595939E-04 
1.018256E+00, 2.686880E-04 
7.224071E-01, 3.150490E-04 
2.302986E+00, 2.675660E-04 
6.960125E+00, 2.654970E-05 
8.150176E-02, 2.364643E-04 
6.556880E+00, 6.318152E-05 
8.138034E+00, 1.220363E-05 
8.614993E+00, 1.004987E-05 
4.025217E+00, 2.599129E-04 
7.205326E+00, 2.678197E-05 
1.012526E+01, 1.818476E-06 
9.624842E+00, 2.540398E-06 
5.767456E+00, 5.026030E-05 
1.008480E+01, 7.247543E-07 
6.875310E-01, 3.844296E-04 
1.042438E+01, 8.565956E-07 
7.691292E+00, 2.020403E-05 
8.188627E-01, 4.496812E-04 
1.647046E+00, 5.606168E-04 
9.109916E+00, 3.725019E-06 
1.860050E+00, 3.897604E-04 
4.358077E+00, 1.496958E-04 
9.893927E+00, 1.393628E-06 
2.226804E+00, 4.002168E-04 
8.409863E+00, 1.369902E-05 
7.893605E+00, 1.666126E-05 
9.537208E+00, 1.902955E-06 
7.890125E+00, 2.713850E-05 
3.095037E+00, 3.660955E-04 
9.032416E+00, 6.683171E-06 
4.713544E+00, 2.811897E-04 
9.976276E-01, 5.131721E-04 
9.270803E+00, 1.893029E-06 
9.572504E+00, 1.490632E-06 
6.763120E+00, 3.957490E-05 
9.093384E+00, 8.598883E-07 
4.591036E+00, 1.540469E-04 
2.106798E+00, 2.660487E-04 
7.062258E-01, 3.623158E-04 
5.218590E+00, 1.728359E-04 
2.733465E+00, 3.663566E-04 
7.152726E-01, 2.845745E-04 
8.417560E+00, 1.043874E-05 
1.007103E+01, 1.197105E-06 
3.578914E+00, 1.491202E-04 
6.836511E+00, 8.488285E-05 
7.726588E+00, 1.636010E-05 
7.618093E+00, 1.000538E-05 
1.029567E+01, 1.562256E-06 
4.674109E-01, 3.248222E-04 
6.276448E+00, 8.314980E-05 
2.167602E+00, 3.691393E-04 
5.433331E+00, 1.021852E-04 
5.198229E+00, 1.395679E-04 
3.267800E+00, 3.018464E-04 
6.749841E+00, 6.003841E-05 
5.705597E+00, 6.585874E-05 
2.884053E+00, 4.625469E-04 
6.703824E+00, 7.505676E-05 
2.519180E+00, 4.781282E-04 
6.721777E+00, 3.857600E-05 
8.890232E+00, 9.836988E-06 
7.978936E+00, 1.615596E-05 
8.401146E+00, 1.254497E-05 
1.756729E+00, 2.465934E-04 
9.114467E+00, 5.182350E-06 
5.249469E+00, 1.559649E-04 
6.157634E+00, 8.725604E-05 
6.114258E+00, 7.810205E-05 
7.837548E+00, 2.083688E-05 
7.282371E+00, 2.445521E-05 
4.592967E+00, 7.544253E-05 
6.747391E+00, 3.945146E-05 
8.228457E+00, 1.504867E-05 
3.923963E+00, 1.356452E-04 
1.031564E+00, 2.479395E-04 
2.302876E+00, 3.530193E-04 
7.551483E+00, 1.349075E-05 
6.113554E+00, 8.062582E-05 
5.498451E+00, 7.550803E-05 
2.547560E+00, 2.695036E-04 
8.641017E+00, 4.394167E-06 
6.396341E+00, 5.317191E-05 
9.906673E+00, 1.316170E-06 
5.889817E+00, 4.878954E-05 
9.102195E+00, 2.586396E-06 
9.167053E-01, 3.823813E-04 
1.679131E-01, 2.444174E-04 
2.619516E+00, 1.928688E-04 
1.435046E+00, 4.687222E-04 
7.846330E+00, 1.387288E-05 
7.356085E+00, 2.431856E-05 
3.443422E+00, 2.523720E-04 
3.927839E+00, 1.646578E-04 
9.136876E+00, 4.563935E-06 
4.011362E+00, 2.654861E-04 
9.991397E+00, 6.937214E-07 
7.133254E+00, 2.153750E-05 
9.271072E+00, 4.767894E-06 
1.486470E+00, 3.675386E-04 
5.654769E+00, 1.285082E-04 
-7.915385E-01, 1.781949E-02 
2.797305E+00, 3.945278E-04 
9.062758E+00, 4.637632E-06 
8.229736E+00, 1.249533E-05 
2.853425E+00, 2.846064E-04 
5.055532E+00, 1.950967E-04 
-2.192964E-02, 4.763168E-04 
-1.270703E+00, 1.713968E-02 
2.187737E+00, 3.480069E-04 
1.565568E+00, 2.288912E-04 
7.677280E+00, 1.911828E-05 
8.829054E+00, 5.183177E-06 
8.299469E+00, 3.333525E-06 
5.006403E+00, 1.414290E-04 
3.321036E+00, 2.614150E-04 
8.882667E-01, 4.993179E-04 
1.905131E-01, 4.883257E-04 
4.165256E+00, 2.063338E-04 
1.284777E+00, 3.753103E-04 
1.134162E+00, 3.181076E-04 
2.708396E-01, 2.895725E-04 
2.083623E+00, 2.343048E-04 
2.438069E+00, 3.632721E-04 
5.477281E+00, 6.761379E-05 
3.753822E+00, 3.257886E-04 
9.707587E+00, 6.751096E-07 
2.842293E+00, 4.721877E-04 
7.886814E+00, 9.079486E-06 
2.106726E+00, 2.505662E-04 
7.514530E+00, 2.163341E-05 
5.268659E+00, 5.611875E-05 
5.074421E+00, 1.867973E-04 
6.714375E+00, 3.088052E-05 
2.900299E-01, 2.327991E-04 
7.759054E+00, 1.613873E-05 
6.936527E+00, 3.724021E-05 
4.433709E+00, 2.399054E-04 
6.265722E+00, 4.405062E-05 
6.521880E+00, 5.138862E-05 
5.326085E+00, 7.623908E-05 
8.534539E-01, 2.972788E-04 
4.979745E+00, 1.804041E-04 
2.343315E+00, 2.440473E-04 
9.725308E+00, 1.404170E-06 
1.924456E+00, 4.842668E-04 
7.125071E+00, 1.027388E-05 
1.318883E+00, 4.369023E-04 
4.579568E+00, 2.524359E-04 
8.501247E+00, 8.174847E-06 
4.456615E-01, 3.661350E-04 
6.315128E+00, 4.366494E-05 
7.041419E+00, 5.249753E-05 
7.759312E+00, 2.233678E-05 
3.906323E+00, 2.408583E-04 
6.821257E+00, 3.585775E-05 
9.180095E+00, 4.695734E-06 
2.508007E+00, 4.576090E-04 
3.960390E+00, 2.410306E-04 
2.186546E+00, 2.437545E-04 
1.679060E+00, 4.496944E-04 
7.598203E+00, 2.004528E-05 
6.176805E+00, 4.992144E-05 
4.363250E+00, 2.216342E-04 
1.722562E+00, 3.357632E-04 
8.450051E-01, 4.219937E-04 
8.239382E+00, 1.455302E-05 
9.729179E+00, 1.576991E-06 
1.027723E+01, 6.984355E-07 
2.455929E+00, 2.895918E-04 
3.428845E+00, 2.871190E-04 
7.958332E+00, 2.634878E-05 
4.301033E+00, 2.327161E-04 
8.080219E+00, 1.348913E-05 
6.548450E+00, 3.839437E-05 
2.469950E+00, 3.298873E-04 
1.052102E+01, 6.869276E-07 
4.899607E+00, 1.998153E-04 
6.589805E+00, 8.362257E-05 
4.323922E+00, 1.226789E-04 
1.628242E+00, 4.221544E-04 
3.072587E+00, 3.258547E-04 
8.356970E+00, 1.344750E-05 
6.475240E+00, 3.565828E-05 
2.134982E+00, 4.329442E-04 
1.561306E+00, 2.841169E-04 
5.419283E+00, 1.120241E-04 
3.486428E+00, 2.492074E-04 
9.736834E-01, 3.605533E-04 
3.211857E+00, 3.774199E-04 
7.969569E+00, 1.438019E-05 
2.568807E+00, 4.650781E-04 
7.472003E-01, 4.719315E-04 
1.912995E+00, 4.981051E-04 
3.277374E+00, 2.555223E-04 
7.993961E+00, 1.940854E-05 
9.905619E+00, 7.199693E-07 
3.663219E+00, 2.192525E-04 
9.796176E+00, 2.640022E-06 
4.095472E-01, 1.736948E-04 
9.095237E-01, 4.810118E-04 
4.606039E+00, 1.062257E-04 
7.068002E+00, 8.674834E-06 
5.524085E+00, 6.900114E-05 
6.064505E+00, 6.360409E-05 
7.632567E+00, 7.851533E-06 
4.180100E+00, 1.597098E-04 
9.805764E+00, 1.294015E-06 
6.865795E+00, 4.744721E-05 
9.090178E+00, 3.438812E-06 
6.929211E+00, 3.360552E-05 
2.981325E+00, 2.107881E-04 
4.830733E+00, 1.157214E-04 
1.719735E+00, 3.140283E-04 
9.525421E+00, 2.306934E-06 
8.076161E+00, 2.490348E-05 
7.663990E+00, 2.528652E-05 
8.134177E+00, 6.320555E-06 
5.172096E+00, 1.215960E-04 
7.841932E+00, 1.412597E-05 
5.391603E+00, 9.729236E-05 
6.521828E+00, 5.571269E-05 
7.512885E+00, 1.215955E-05 
3.781588E+00, 2.083957E-04 
8.594408E+00, 7.146979E-06 
3.668486E+00, 2.749187E-04 
8.794907E+00, 8.445602E-06 
3.198299E-01, 3.403017E-04 
6.726276E+00, 4.670222E-05 
9.686962E+00, 7.164540E-07 
2.865238E+00, 3.110294E-04 
7.904987E+00, 1.678268E-05 
3.923329E+00, 2.874627E-04 
3.366384E+00, 4.307618E-04 
7.327278E+00, 1.151573E-05 
3.958531E+00, 2.132866E-04 
3.233235E-01, 4.782088E-04 
8.801912E+00, 7.859867E-06 
5.879146E+00, 4.841924E-05 
2.944425E+00, 3.620366E-04 
6.301220E+00, 6.388643E-05 
5.329815E+00, 9.562415E-05 
7.619194E+00, 1.641395E-05 
7.288863E+00, 2.788390E-05 
4.548396E+00, 1.017066E-04 
3.062964E+00, 2.771375E-04 
9.878486E+00, 2.393138E-06 
6.726559E+00, 5.948872E-05 
8.444167E+00, 1.134777E-05 
7.209507E-01, 4.366468E-04 
1.022831E+01, 1.515217E-06 
7.878608E+00, 1.186344E-05 
4.694525E-01, 5.067710E-04 
5.384711E+00, 1.132467E-04 
8.609735E-02, 2.438102E-04 
4.458433E+00, 1.081958E-04 
3.082360E+00, 4.090804E-04 
9.516789E+00, 1.257446E-06 
4.504487E+00, 1.681826E-04 
8.929381E+00, 7.499579E-06 
6.069221E+00, 8.628741E-05 
1.446091E+00, 2.612391E-05 
6.258430E+00, 5.965963E-05 
2.428312E+00, 3.034855E-04 
8.028584E+00, 2.326593E-05 
1.029801E+01, 8.235582E-07 
9.695326E+00, 1.799511E-06 
7.659458E+00, 1.169368E-05 
1.113254E+01, 6.733808E-07 
9.737356E+00, 9.465145E-07 
7.953897E+00, 1.816796E-05 
2.971779E+00, 2.912021E-04 
9.679549E+00, 5.528166E-07 
3.061692E+00, 3.986408E-04 
8.429877E+00, 8.174847E-06 
7.763857E+00, 2.208565E-05 
4.763398E+00, 9.078099E-05 
9.182220E+00, 6.498494E-06 
7.051992E+00, 4.938078E-05 
9.035775E+00, 5.256390E-06 
6.921233E+00, 3.519883E-05 
6.487286E+00, 4.533217E-05 
7.603850E+00, 1.286267E-05 
3.829190E+00, 2.383112E-04 
1.079331E+01, 7.280640E-07 
4.965879E-01, 5.290332E-04 
6.661517E+00, 3.969634E-05 
4.989534E+00, 2.114302E-04 
6.465628E-01, 4.863456E-04 
8.374425E+00, 1.450958E-05 
-6.606666E-02, 3.671251E-04 
-2.094815E-01, 3.315447E-04 
8.198716E+00, 1.171987E-05 
5.082403E+00, 1.321961E-04 
5.688816E+00, 8.404943E-05 
2.391087E+00, 5.308372E-04 
6.020502E+00, 7.318480E-05 
1.611067E+00, 2.718924E-04 
4.650139E+00, 1.364050E-04 
1.025263E+01, 7.255488E-07 
2.067192E+00, 3.104225E-04 
1.014041E+01, 1.108119E-06 
8.287730E+00, 1.824292E-05 
4.446918E+00, 1.239912E-04 
7.706828E+00, 2.218579E-05 
1.846906E+00, 4.806758E-04 
6.802180E+00, 4.722349E-05 
5.538926E+00, 3.144710E-05 
6.195073E+00, 7.165484E-05 
1.215735E+00, 5.363045E-04 
1.450881E+00, 3.718618E-04 
9.239977E-01, 2.966239E-04 
1.510113E+00, 3.408813E-04 
3.076657E+00, 3.038840E-04 
1.882887E+00, 3.977317E-04 
3.996596E+00, 1.646563E-04 
2.418338E+00, 1.999261E-04 
8.953819E+00, 4.166752E-06 
1.596656E+00, 4.675089E-04 
2.074554E+00, 4.613152E-04 
5.263385E+00, 1.071467E-04 
4.660961E+00, 2.362144E-04 
7.855629E+00, 2.188236E-05 
1.557070E+00, 2.536376E-04 
-3.253230E-01, 1.016959E-02 
6.507475E+00, 5.005837E-05 
1.540630E+00, 3.122363E-04 
6.498155E+00, 3.956782E-05 
8.096404E-01, 3.706063E-04 
1.506771E+00, 2.940999E-04 
1.008231E+01, 6.456870E-07 
5.858164E+00, 1.180297E-04 
5.493576E+00, 6.663714E-05 
3.958147E+00, 3.664246E-04 
9.933608E+00, 7.169296E-07 
3.424292E+00, 4.016712E-04 
1.041454E+01, 7.810914E-07 
9.068071E+00, 7.321093E-06 
6.527996E+00, 5.022590E-05 
1.694236E+00, 3.256051E-04 
9.034322E+00, 4.353151E-06 
-2.550080E-02, 4.226942E-04 
4.271928E+00, 2.112068E-04 
2.362640E+00, 3.394123E-04 
4.221001E-01, 2.301473E-04 
1.018116E-01, 3.409446E-04 
5.989960E+00, 8.314980E-05 
2.757272E+00, 2.917812E-04 
6.622156E+00, 7.210121E-05 
1.277186E-01, 3.750968E-04 
-2.712862E+00, 1.520141E-02 
6.682103E+00, 2.603305E-05 
6.079494E+00, 6.718294E-05 
2.183180E+00, 2.915198E-04 
5.754051E+00, 6.535439E-05 
2.191491E+00, 2.589477E-04 
1.681981E+00, 5.564175E-04 
8.003200E+00, 1.911828E-05 
5.686605E+00, 9.768110E-05 
1.025532E+01, 5.725592E-07 
1.633492E+00, 4.036510E-04 
5.303029E+00, 1.546006E-04 
8.544650E+00, 1.183942E-05 
9.286398E+00, 2.386064E-06 
2.646955E+00, 3.790289E-04 
9.572392E+00, 2.939386E-06 
9.837296E+00, 1.069796E-06 
4.019214E+00, 2.455160E-04 
6.917940E+00, 2.291023E-05 
1.346228E+00, 4.010347E-04 
3.447817E+00, 2.462885E-04 
6.870016E+00, 4.401861E-05 
3.073013E+00, 5.375894E-04 
1.868994E+00, 5.046065E-04 
9.855784E+00, 1.136933E-06 
7.446186E+00, 2.290318E-05 
7.959568E+00, 1.537845E-05 
5.793600E+00, 7.836993E-05 
2.696315E-01, 3.281502E-04 
5.157295E+00, 2.057354E-04 
6.506275E+00, 5.643318E-05 
8.555522E+00, 8.230630E-06 
1.042748E+01, 8.400769E-07 
8.689112E-01, 3.129479E-04 
2.887657E-01, 4.289760E-04 
9.270163E+00, 4.883778E-06 
9.881476E+00, 6.859749E-07 
7.951951E-01, 4.745336E-04 
1.415892E+00, 3.473897E-04 
9.150755E+00, 3.422473E-06 
4.395155E+00, 1.224400E-04 
5.297208E+00, 1.111339E-04 
6.375613E+00, 5.801275E-05 
9.956645E+00, 8.577372E-07 
2.975976E+00, 3.155259E-04 
9.190202E+00, 2.542195E-06 
1.327628E+00, 3.342921E-04 
8.539227E+00, 8.445602E-06 
9.512448E+00, 2.769687E-06 
8.614353E+00, 7.508973E-06 
1.009239E+01, 8.751796E-07 
6.315599E+00, 3.809253E-05 
3.238173E+00, 2.985701E-04 
5.529674E+00, 8.800879E-05 
9.116564E+00, 4.955335E-06 
1.264546E+00, 4.268621E-04 
3.974701E+00, 3.336918E-04 
8.767596E+00, 9.672904E-06 
3.692041E+00, 3.453101E-04 
2.093407E+00, 2.409272E-04 
5.584346E+00, 6.782853E-05 
9.869610E+00, 6.751096E-07 
3.710193E+00, 3.887252E-04 
1.783360E-01, 3.017431E-04 
1.839792E+00, 3.854745E-04 
9.486714E+00, 1.393628E-06 
6.871503E+00, 5.087499E-05 
4.207747E+00, 2.094212E-04 
1.074867E+01, 1.790465E-06 
3.078644E+00, 3.511424E-04 
2.980394E+00, 2.853640E-04 
9.749722E+00, 7.169296E-07 
8.677003E+00, 6.607386E-06 
5.406003E+00, 9.446529E-05 
2.793460E+00, 3.039109E-04 
9.552630E+00, 5.055559E-06 
2.601289E+00, 4.283793E-04 
3.478043E+00, 2.647100E-04 
4.351057E+00, 2.781831E-04 
6.431768E+00, 5.830917E-05 
4.134117E+00, 1.533102E-04 
6.946556E+00, 4.412947E-05 
5.315397E+00, 9.081298E-05 
7.647788E+00, 1.650140E-05 
3.667036E+00, 1.779789E-04 
5.035998E+00, 9.377289E-05 
4.738788E+00, 1.158988E-04 
8.629562E+00, 8.603523E-06 
5.831912E+00, 8.135572E-05 
5.089373E-01, 4.731985E-04 
8.671699E+00, 5.321476E-06 
1.010984E+00, 4.129996E-04 
4.871000E+00, 9.690016E-05 
8.778531E+00, 8.198570E-06 
6.791223E+00, 5.182862E-05 
1.472154E+00, 4.690852E-04 
7.980257E+00, 1.175247E-05 
8.170505E+00, 1.450958E-05 
4.985827E+00, 8.887550E-05 
5.325430E+00, 1.356682E-04 
1.009786E+00, 2.133737E-04 
5.805508E+00, 1.163711E-04 
6.172739E+00, 7.907094E-05 
3.329459E+00, 2.572550E-04 
8.966281E+00, 6.331089E-06 
6.476668E+00, 6.164251E-05 
2.281529E+00, 3.439436E-04 
2.734313E+00, 4.113833E-04 
7.612426E-01, 2.283321E-04 
2.037082E+00, 4.315074E-04 
2.038407E+00, 1.936181E-04 
5.132321E+00, 2.148496E-04 
7.862183E-01, 4.648688E-04 
8.759223E+00, 6.188145E-06 
7.784763E+00, 1.111675E-05 
1.026238E+01, 7.810849E-07 
5.664801E-01, 5.358166E-04 
8.498134E+00, 1.338021E-05 
8.465300E+00, 8.897343E-06 
7.507510E+00, 2.833357E-05 
7.653973E+00, 3.008838E-05 
7.799610E+00, 1.230465E-05 
4.087759E-01, 3.139856E-04 
7.735589E+00, 1.513416E-05 
6.857784E-01, 2.020674E-05 
9.115935E+00, 4.007184E-06 
2.843827E-01, 3.952826E-04 
9.385584E+00, 3.124511E-06 
5.350046E+00, 9.261576E-05 
6.979484E-01, 3.272262E-04 
4.455621E+00, 1.221276E-04 
2.182593E+00, 2.682503E-04 
1.000962E+01, 6.880769E-07 
4.826567E+00, 1.552915E-04 
7.920168E+00, 1.567587E-05 
3.795905E+00, 2.928106E-04 
5.814130E+00, 7.780894E-05 
8.541298E+00, 6.032706E-06 
1.540780E+00, 2.629945E-04 
8.244427E+00, 1.198841E-05 
9.368799E+00, 1.868801E-06 
5.530587E+00, 5.287417E-05 
4.470255E+00, 1.356005E-04 
1.180523E+00, 3.526579E-04 
2.078039E+00, 3.352454E-04 
7.618276E-01, 3.535837E-04 
1.777163E+00, 2.737904E-04 
5.243717E+00, 1.076608E-04 
2.508509E+00, 4.563525E-04 
7.853661E+00, 2.431052E-05 
3.570203E+00, 2.692155E-04 
5.901839E+00, 1.100924E-04 
8.737730E+00, 5.540936E-06 
1.463806E+00, 3.118116E-04 
7.740393E+00, 9.713070E-06 
4.760124E+00, 2.082251E-04 
3.802643E+00, 2.350825E-04 
7.825210E-01, 2.805182E-04 
6.811541E+00, 5.971958E-05 
5.495532E+00, 1.137513E-04 
1.830366E+00, 3.844038E-04 
-3.482067E-01, 4.752629E-03 
2.011754E+00, 4.463962E-04 
9.275751E+00, 2.927669E-06 
2.681971E+00, 3.856397E-04 
5.245163E+00, 8.249125E-05 
8.781293E+00, 5.013922E-06 
6.144173E+00, 5.026030E-05 
9.270820E+00, 5.351357E-06 
7.335167E+00, 3.448606E-05 
8.181425E+00, 1.107566E-05 
1.018825E+01, 5.196926E-07 
7.976851E+00, 1.272468E-05 
3.918227E+00, 2.513270E-04 
7.124940E+00, 2.887688E-05 
8.106080E+00, 1.026835E-05 
1.739815E+00, 3.712243E-04 
2.282701E+00, 2.409272E-04 
6.248722E+00, 1.076290E-04 
4.758925E+00, 1.706864E-04 
9.884134E+00, 5.863951E-07 
1.011674E+01, 1.176751E-06 
7.428151E+00, 1.156246E-05 
3.853792E+00, 1.741344E-04 
9.465831E+00, 3.680136E-06 
2.619060E+00, 4.093511E-04 
7.508024E+00, 1.786395E-05 
3.262903E+00, 2.040573E-04 
1.033878E+01, 1.138699E-06 
9.020122E+00, 6.451316E-06 
2.035401E+00, 3.923156E-04 
7.676905E+00, 2.675183E-05 
1.825125E+00, 3.577985E-04 
5.069150E+00, 1.320786E-04 
1.831198E-01, 2.655064E-04 
4.262458E+00, 1.991476E-04 
9.255923E+00, 2.306934E-06 
4.596165E+00, 1.722627E-04 
4.508085E+00, 1.106395E-04 
5.086880E+00, 1.839527E-04 
1.705001E+00, 3.868933E-04 
8.806302E+00, 3.837521E-06 
2.808721E+00, 2.973827E-04 
8.935067E+00, 6.743052E-06 
7.193878E+00, 4.137388E-05 
9.214423E+00, 5.726337E-06 
2.009460E+00, 2.227404E-04 
2.846522E+00, 3.224712E-04 
6.781847E+00, 3.914826E-05 
1.104885E+01, 5.320905E-07 
7.280426E+00, 2.053679E-05 
6.422331E+00, 6.569555E-05 
6.246267E+00, 6.633863E-05 
9.785199E+00, 1.412305E-06 
9.408522E+00, 3.976529E-06 
7.493326E+00, 3.007973E-05 
3.865917E+00, 2.700239E-04 
1.346351E+00, 2.775491E-04 
5.354128E+00, 6.327475E-05 
-3.197755E-01, 7.870560E-03 
4.926959E+00, 1.526218E-04 
1.260956E+00, 5.123951E-04 
6.065578E+00, 4.841924E-05 
6.557911E+00, 5.086745E-05 
1.411700E+00, 2.997476E-04 
6.830885E+00, 4.645830E-05 
1.491151E+00, 3.881512E-04 
6.336472E+00, 9.267733E-05 
4.230994E+00, 1.611419E-04 
8.925831E-01, 3.679999E-04 
6.292689E+00, 7.614261E-05 
6.334028E+00, 3.447662E-05 
1.679475E+00, 2.640271E-04 
7.367989E+00, 2.018418E-05 
8.828192E+00, 5.017779E-06 
3.658451E+00, 1.567533E-04 
4.017382E+00, 1.358196E-04 
7.142472E+00, 3.210553E-05 
6.397743E+00, 6.066207E-05 
8.731382E-01, 3.844296E-04 
2.591238E+00, 4.676654E-04 
4.994875E-01, 3.370099E-04 
7.411850E+00, 2.629101E-05 
6.824874E+00, 7.503799E-05 
9.778558E+00, 2.386064E-06 
7.496068E+00, 2.675314E-05 
6.620502E+00, 5.290616E-05 
5.041488E-01, 4.008057E-04 
3.217631E+00, 3.359964E-04 
4.399899E+00, 1.989387E-04 
8.909170E+00, 1.061725E-05 
2.325334E-01, 3.883352E-04 
5.073911E+00, 1.299103E-04 
4.997471E+00, 1.482206E-04 
5.991545E+00, 6.956552E-05 
1.006498E+01, 5.127034E-07 
3.331954E+00, 1.558926E-04 
4.961248E+00, 1.655862E-04 
7.793678E+00, 1.087679E-05 
2.263439E-01, 4.267407E-04 
6.949229E+00, 5.226348E-05 
5.551426E+00, 1.089319E-04 
9.639460E+00, 4.431193E-06 
8.892625E+00, 5.179009E-06 
7.621138E+00, 1.978524E-05 
3.307770E-01, 5.688345E-04 
7.755140E+00, 3.412856E-05 
8.195984E+00, 1.136870E-05 
2.414590E+00, 3.824872E-04 
4.183382E+00, 1.581205E-04 
8.132076E+00, 9.467919E-06 
1.256134E-01, 2.416802E-04 
-8.669989E-02, 5.356221E-05 
3.699712E+00, 3.218378E-04 
6.669556E+00, 4.408723E-05 
4.785654E+00, 9.357215E-05 
2.056001E+00, 2.776198E-04 
1.036529E+01, 1.246490E-06 
2.727121E+00, 1.863985E-04 
9.660992E+00, 1.405805E-06 
7.564519E+00, 1.286267E-05 
5.575714E+00, 9.729236E-05 
9.332532E+00, 1.909049E-06 
1.583148E-01, 3.466734E-04 
9.409083E+00, 9.769074E-07 
9.264733E+00, 2.508433E-06 
2.909559E+00, 2.614150E-04 
2.208273E+00, 2.679391E-04 
8.834120E+00, 5.179009E-06 
8.866928E+00, 5.965823E-06 
7.941612E+00, 2.595992E-05 
1.802727E-01, 4.330993E-04 
6.737592E+00, 4.693120E-05 
1.167445E-01, 4.284976E-04 
3.076993E+00, 2.969553E-04 
5.155434E+00, 1.685212E-04 
9.743128E+00, 6.889796E-07 
3.129449E-01, 2.213574E-04 
1.083513E+01, 1.917328E-06 
2.675745E+00, 2.645240E-04 
9.809304E+00, 2.166822E-06 
3.618584E+00, 2.602086E-04 
3.501615E-01, 3.661350E-04 
-3.408341E+00, 1.576078E-02 
3.887406E+00, 2.465389E-04 
8.503072E+00, 6.752141E-06 
6.746179E-01, 4.155875E-04 
1.778370E+00, 3.349053E-04 
6.545139E+00, 3.393796E-05 
8.222577E+00, 1.391899E-05 
7.951667E+00, 2.241557E-05 
2.691535E+00, 2.645240E-04 
7.434629E+00, 1.951347E-05 
3.979411E+00, 1.702436E-04 
2.900336E+00, 3.271192E-04 
1.170350E+00, 2.414254E-04 
1.056470E+01, 8.574258E-07 
9.943479E+00, 1.448181E-06 
7.501725E+00, 1.627983E-05 
2.996698E+00, 2.427864E-04 
5.130867E+00, 2.011599E-04 
3.906790E+00, 1.926497E-04 
6.855840E+00, 2.654970E-05 
1.198962E+00, 4.796150E-04 
6.363213E+00, 8.415178E-05 
2.530374E+00, 4.015342E-04 
7.614375E+00, 1.664187E-05 
1.037127E+01, 8.808118E-07 
2.354425E+00, 2.963543E-04 
3.956703E+00, 2.350825E-04 
6.530622E+00, 3.987173E-05 
1.174011E+00, 4.569201E-04 
7.536406E+00, 2.812783E-05 
3.530034E+00, 3.041626E-04 
1.871222E+00, 2.616839E-04 
2.161266E+00, 4.551872E-04 
5.479378E+00, 1.108178E-04 
3.878596E+00, 1.981241E-04 
4.893999E+00, 1.712681E-04 
2.692624E+00, 4.427830E-04 
2.585270E+00, 3.106163E-04 
7.951239E+00, 1.292340E-05 
1.408985E+00, 5.606268E-04 
5.681240E+00, 7.643663E-05 
5.398698E+00, 7.550803E-05 
7.108766E+00, 2.093456E-05 
2.638615E+00, 2.533351E-04 
3.097137E+00, 5.433646E-04 
5.293648E+00, 1.778541E-04 
3.370750E+00, 1.688363E-04 
3.043592E+00, 3.085413E-04 
5.789077E+00, 1.342271E-04 
5.720409E+00, 7.763393E-05 
4.388366E+00, 1.573755E-04 
6.331477E+00, 3.398758E-05 
5.049789E+00, 1.591123E-04 
2.543290E+00, 4.289332E-04 
4.238895E+00, 1.118297E-04 
6.315188E+00, 6.149457E-05 
2.188385E+00, 3.544217E-04 
5.014619E+00, 1.507694E-04 
1.945504E+00, 4.282022E-04 
5.107762E-01, 3.967912E-04 
8.677477E+00, 8.015660E-06 
6.191047E+00, 1.004030E-04 
3.926540E+00, 2.398006E-04 
8.719909E+00, 6.457735E-06 
5.678597E+00, 5.764035E-05 
5.678917E-01, 3.661350E-04 
1.711688E+00, 3.372983E-04 
8.259038E+00, 1.500911E-05 
7.070788E+00, 5.187615E-05 
8.719097E+00, 1.107491E-05 
6.726390E+00, 6.127638E-05 
2.561625E+00, 5.125658E-04 
9.051748E+00, 5.436338E-06 
8.703311E+00, 1.140042E-05 
1.038524E+01, 1.073690E-06 
4.868375E+00, 2.434797E-04 
5.459073E+00, 8.816108E-05 
2.001271E+00, 4.406758E-04 
3.659494E+00, 2.262827E-04 
8.387466E+00, 6.320555E-06 
1.008529E+01, 9.069151E-07 
6.828425E+00, 3.559193E-05 
4.704930E+00, 1.985415E-04 
2.225897E+00, 4.795573E-04 
6.196463E+00, 8.694559E-05 
1.149657E+00, 4.317698E-04 
1.778502E+00, 2.266468E-04 
2.489549E+00, 3.261880E-04 
4.834581E+00, 7.874027E-05 
8.297261E+00, 2.865816E-06 
8.853626E-01, 4.866061E-04 
1.970448E+00, 3.161292E-04 
1.800087E-01, 3.065481E-04 
4.466397E-01, 3.985680E-04 
5.978806E-01, 4.504171E-04 
4.065457E+00, 1.362140E-04 
4.364135E+00, 1.458282E-04 
5.169775E+00, 9.820484E-05 
9.505377E+00, 1.196408E-06 
1.261110E+00, 4.726772E-04 
4.354058E+00, 1.577079E-04 
6.915905E+00, 5.291322E-05 
5.941830E+00, 9.415595E-05 
6.886046E-01, 6.630894E-04 
3.026195E+00, 2.823692E-04 
4.916936E+00, 1.763243E-04 
2.380117E+00, 2.983104E-04 
3.136263E+00, 2.262827E-04 
6.891532E+00, 6.038572E-05 
8.341256E+00, 1.633327E-05 
6.656634E+00, 4.159219E-05 
3.628394E+00, 3.669472E-04 
5.486500E+00, 7.526291E-05 
8.688397E+00, 7.508973E-06 
5.310239E+00, 6.849214E-05 
4.492196E+00, 1.657574E-04 
4.980037E+00, 7.197726E-05 
3.917871E+00, 1.903719E-04 
5.902555E+00, 1.082121E-04 
9.233962E+00, 5.031121E-06 
8.670242E+00, 6.051679E-06 
1.769129E+00, 4.390829E-04 
7.649535E+00, 2.571817E-05 
4.237718E+00, 1.967358E-04 
3.829355E+00, 2.785310E-04 
9.283968E+00, 4.972238E-06 
5.786984E+00, 1.112672E-04 
5.356986E+00, 5.923320E-05 
7.726925E+00, 2.042726E-05 
2.419547E+00, 4.100044E-04 
8.221474E+00, 1.264058E-05 
8.326154E+00, 2.000357E-05 
7.045633E+00, 2.531353E-05 
8.374772E+00, 7.732414E-06 
4.054415E+00, 1.783595E-04 
4.337388E+00, 1.217768E-04 
1.873410E+00, 4.482166E-04 
3.765762E-01, 5.791451E-04 
6.392881E+00, 5.930099E-05 
1.056641E+01, 2.231409E-06 
1.144401E+01, 1.720249E-06 
4.369785E+00, 1.790050E-04 
1.117466E+00, 5.292498E-04 
3.205034E+00, 2.927913E-04 
-7.991964E-02, 2.432031E-04 
5.103517E+00, 1.310547E-04 
4.525175E+00, 1.241724E-04 
4.496022E-01, 4.567974E-04 
6.158662E+00, 7.854433E-05 
5.344127E+00, 1.235661E-04 
9.190300E+00, 1.240314E-06 
3.337981E+00, 1.774661E-04 
1.014892E+00, 5.317280E-04 
6.925804E+00, 4.006621E-05 
5.521472E+00, 1.152416E-04 
6.790356E+00, 3.521802E-05 
8.023073E+00, 1.540458E-05 
-2.306902E+00, 1.467034E-02 
8.161839E+00, 1.413005E-05 
9.247425E+00, 2.514891E-06 
9.590146E+00, 5.758460E-06 
1.197949E+00, 3.042972E-04 
3.615850E-01, 4.284976E-04 
5.808205E+00, 4.912522E-05 
2.345483E-01, 3.757334E-04 
-5.665104E+00, 1.560113E-02 
3.598500E+00, 2.894946E-04 
5.663792E+00, 8.439019E-05 
5.473872E+00, 6.007074E-05 
9.748909E+00, 5.635595E-07 
4.802402E+00, 8.922953E-05 
4.238299E+00, 9.819630E-05 
9.732361E+00, 1.334797E-06 
3.358827E+00, 2.130397E-04 
3.543941E+00, 2.469832E-04 
7.328387E-01, 5.290332E-04 
7.136183E+00, 3.374159E-05 
2.273379E+00, 3.270689E-04 
6.704365E+00, 4.045922E-05 
3.923671E+00, 2.895515E-04 
9.277610E-01, 3.118935E-04 
6.661939E+00, 6.420386E-05 
7.160057E+00, 2.968972E-05 
4.531936E+00, 1.573755E-04 
-2.878477E-01, 2.546018E-04 
4.587746E+00, 8.643056E-05 
7.229713E+00, 2.754436E-05 
8.015113E+00, 1.164385E-05 
5.706107E+00, 6.037338E-05 
-9.038199E-01, 1.548253E-02 
5.522705E+00, 9.754874E-05 
9.980654E+00, 8.949447E-07 
2.117871E+00, 5.171636E-04 
8.527449E+00, 1.072752E-05 
6.584152E-01, 4.353713E-04 
6.516264E+00, 2.985979E-05 
8.658002E+00, 6.378399E-06 
4.339337E+00, 2.165161E-04 
5.960932E+00, 9.127519E-05 
2.763062E+00, 3.664154E-04 
1.005161E+01, 6.699194E-07 
-7.134470E-01, 1.620124E-02 
7.685989E+00, 1.802133E-05 
1.902401E+00, 3.497662E-04 
2.756627E-01, 3.967912E-04 
1.625840E+00, 5.166586E-04 
1.391040E+00, 5.615243E-04 
7.618317E+00, 2.753954E-05 
8.439938E+00, 5.892034E-06 
2.098861E+00, 4.626851E-04 
7.116296E+00, 2.846553E-05 
8.447880E+00, 1.461364E-05 
1.310270E+00, 4.464960E-04 
8.283291E+00, 9.391468E-06 
4.035074E+00, 1.567533E-04 
2.162820E+00, 3.670542E-04 
5.145278E+00, 6.187109E-05 
7.430153E+00, 1.548934E-05 
8.161345E+00, 1.327618E-05 
2.304190E+00, 2.367658E-04 
7.605502E+00, 1.625051E-05 
9.277975E+00, 4.143875E-06 
1.037675E+01, 8.949447E-07 
5.294514E+00, 1.546525E-04 
4.135576E+00, 2.737700E-04 
1.503469E+00, 4.037548E-04 
5.772119E+00, 1.067735E-04 
9.441831E+00, 2.912484E-06 
7.601562E+00, 1.917467E-05 
9.221438E+00, 2.940201E-06 
2.076290E+00, 3.101373E-04 
3.767460E+00, 2.876838E-04 
2.815179E-01, 2.481370E-04 
3.209558E+00, 3.280105E-04 
8.062367E+00, 1.413005E-05 
7.530666E+00, 4.016611E-05 
8.733399E+00, 7.996987E-06 
3.257382E+00, 2.987971E-04 
4.506483E+00, 7.471997E-05 
6.961775E+00, 2.742452E-05 
9.756266E+00, 2.270605E-06 
5.301284E+00, 1.664379E-04 
2.359876E+00, 3.948049E-04 
8.973734E+00, 5.673787E-06 
9.551228E+00, 2.664613E-06 
3.496955E+00, 2.042812E-04 
7.336402E+00, 2.177299E-05 
4.237704E+00, 1.323260E-04 
8.069352E+00, 2.264859E-05 
2.143940E+00, 3.467234E-04 
7.783175E+00, 2.261171E-05 
8.315767E-01, 2.356035E-04 
6.219357E+00, 1.232267E-04 
1.774110E+00, 2.961033E-04 
7.005411E+00, 4.043909E-05 
8.241203E+00, 3.846635E-06 
3.899785E+00, 3.084198E-04 
9.386904E+00, 3.294912E-06 
1.483788E+00, 4.171356E-04 
4.694482E+00, 1.101817E-04 
9.133530E+00, 4.694959E-06 
4.904306E+00, 1.991248E-04 
1.275705E+00, 5.663871E-04 
9.074226E+00, 3.443962E-06 
2.802946E+00, 3.148183E-04 
8.672908E+00, 7.680590E-06 
8.397699E+00, 7.272319E-06 
5.817289E+00, 6.163285E-05 
1.104966E+00, 4.521427E-04 
5.184985E+00, 1.352276E-04 
1.088506E+01, 1.302062E-06 
2.668672E-01, 4.763168E-04 
4.184118E+00, 2.086370E-04 
-1.704821E-02, 4.284976E-04 
2.423914E+00, 2.437545E-04 
4.607030E-01, 4.420206E-04 
1.790319E+00, 3.535199E-04 
9.775576E+00, 9.762959E-07 
8.830914E+00, 5.977864E-06 
1.744807E+00, 3.641613E-04 
3.623884E+00, 3.979889E-04 
2.181496E+00, 2.087553E-04 
7.606461E+00, 1.999127E-05 
2.564079E+00, 4.297684E-04 
2.846757E+00, 2.085832E-04 
8.751089E+00, 8.845305E-06 
4.112953E-01, 2.969220E-04 
2.289746E+00, 3.159134E-04 
8.087344E+00, 5.017779E-06 
7.218474E+00, 2.615394E-05 
9.453994E+00, 2.446696E-06 
5.125335E+00, 1.955876E-04 
6.297214E+00, 7.757140E-05 
7.591939E+00, 1.981133E-05 
2.238311E+00, 4.396486E-04 
4.642344E+00, 1.504618E-04 
8.378685E+00, 1.004987E-05 
7.775513E+00, 1.311035E-05 
1.034661E+00, 5.774259E-04 
1.674383E+00, 3.953426E-04 
8.455827E+00, 8.143160E-06 
6.398508E+00, 4.973849E-05 
7.261018E+00, 1.449254E-05 
8.028127E+00, 1.416226E-05 
2.608421E-01, 2.508185E-04 
8.820690E+00, 6.561506E-06 
4.320565E+00, 1.120064E-04 
5.365178E+00, 1.279953E-04 
6.712207E+00, 3.222842E-05 
2.712156E+00, 2.205693E-04 
3.940102E+00, 1.959139E-04 
5.915713E+00, 7.716581E-05 
-4.808887E+00, 1.484987E-02 
4.362319E+00, 1.748983E-04 
7.764147E+00, 1.230465E-05 
7.344697E+00, 4.801187E-05 
7.079587E+00, 4.102084E-05 
7.730091E+00, 2.867319E-05 
8.141272E+00, 6.623780E-06 
1.303453E+00, 5.224781E-05 
2.316887E+00, 2.686745E-04 
5.280845E+00, 1.649678E-04 
3.885126E+00, 1.998536E-04 
2.043846E+00, 5.842598E-04 
1.759718E+00, 4.269316E-04 
7.021126E+00, 3.081083E-05 
1.172731E+00, 2.269480E-04 
7.344889E+00, 3.298799E-05 
6.294626E+00, 4.878954E-05 
2.685943E+00, 3.650059E-04 
8.732093E+00, 4.608424E-06 
5.181620E+00, 1.396636E-04 
9.947064E+00, 6.510308E-07 
7.160974E-01, 3.968834E-04 
6.868039E+00, 4.045922E-05 
8.825498E-01, 3.485454E-04 
4.304390E+00, 1.479223E-04 
3.774392E+00, 2.287653E-04 
8.740548E+00, 5.737392E-06 
5.897339E+00, 1.211729E-04 
4.282650E+00, 2.708251E-04 
6.688778E+00, 4.387345E-05 
1.041371E+01, 1.064181E-06 
7.653190E+00, 2.346386E-05 
6.209992E-01, 3.451891E-04 
7.891575E+00, 1.618437E-05 
7.246309E+00, 2.506385E-05 
4.376628E+00, 1.695265E-04 
5.145686E+00, 1.713031E-04 
4.962285E-01, 3.661350E-04 
9.412648E+00, 4.018765E-06 
9.592143E+00, 9.166190E-07 
6.537865E+00, 6.760063E-05 
8.727891E+00, 4.911852E-06 
1.599295E+00, 3.553813E-04 
8.542373E+00, 4.780514E-06 
2.900691E+00, 4.489214E-04 
1.473003E+00, 2.487825E-04 
1.119433E+00, 3.405839E-04 
3.409894E+00, 2.096614E-04 
2.818729E+00, 1.879776E-04 
5.109687E+00, 1.761533E-04 
1.875027E+00, 4.075070E-04 
8.561786E+00, 7.693270E-06 
3.157834E-01, 3.967681E-04 
3.687539E+00, 1.826572E-04 
1.340434E+00, 3.431219E-04 
4.690832E+00, 1.464588E-04 
2.407515E+00, 1.880239E-04 
5.410267E-01, 2.619874E-04 
1.029978E+01, 7.424429E-07 
5.403106E+00, 6.424627E-05 
7.556465E-01, 3.587210E-04 
4.125033E+00, 1.894125E-04 
2.439469E+00, 3.271192E-04 
2.473711E+00, 3.185722E-04 
8.146122E+00, 9.461928E-06 
1.370444E+00, 4.533888E-04 
9.721546E+00, 2.842338E-06 
7.330947E-01, 4.008057E-04 
5.449079E+00, 6.449513E-05 
9.407120E+00, 3.702443E-06 
3.669219E+00, 2.480436E-04 
9.439113E+00, 7.676392E-07 
8.368414E+00, 1.004895E-05 
8.583154E-01, 5.152789E-04 
2.759590E+00, 5.013909E-04 
3.012243E+00, 2.994880E-04 
3.385203E+00, 3.494931E-04 
5.344240E+00, 8.043820E-05 
-1.611765E+00, 1.742619E-02 
3.625739E-01, 2.621229E-04 
8.819462E+00, 4.498489E-06 
6.860875E-01, 2.895725E-04 
2.775838E+00, 3.080213E-04 
4.244521E+00, 1.358196E-04 
6.955725E+00, 7.344805E-05 
3.061989E+00, 3.469839E-04 
4.901253E+00, 9.457678E-05 
1.380573E+00, 4.004531E-04 
1.002871E+00, 3.065481E-04 
3.081525E+00, 3.185722E-04 
9.476737E+00, 4.103138E-06 
4.737203E+00, 1.220640E-04 
7.370051E+00, 3.047154E-05 
7.568473E+00, 1.151573E-05 
8.405745E-01, 4.094718E-04 
1.028499E+01, 5.411688E-07 
9.917534E-01, 5.522757E-04 
4.516292E+00, 1.022110E-04 
6.045367E+00, 6.209859E-05 
3.705436E+00, 1.661475E-04 
3.330059E+00, 2.261826E-04 
6.056080E+00, 8.837857E-05 
3.677057E+00, 2.397520E-04 
-5.837366E+00, 1.507065E-02 
6.499397E-01, 2.686880E-04 
3.167367E+00, 3.466319E-04 
8.835704E+00, 5.948819E-06 
8.305243E+00, 1.501795E-05 
7.842946E+00, 2.020964E-05 
5.004138E+00, 2.593906E-04 
4.276092E+00, 9.583427E-05 
3.496139E+00, 3.862455E-04 
4.885949E+00, 1.026121E-04 
1.003603E+01, 1.303242E-06 
3.269954E+00, 1.795162E-04 
8.823136E+00, 3.665259E-06 
2.062984E-01, 2.607729E-04 
4.264095E+00, 1.759190E-04 
3.875388E+00, 2.005814E-04 
6.726701E+00, 6.650873E-05 
2.073635E+00, 3.352454E-04 
8.322502E+00, 1.023734E-05 
9.031767E+00, 5.031121E-06 
7.386868E+00, 1.456706E-05 
8.376549E-01, 2.845745E-04 
7.811601E+00, 1.725311E-05 
9.914255E-01, 3.841561E-04 
6.454077E+00, 5.797017E-05 
9.937882E+00, 8.241865E-07 
5.424111E+00, 5.105067E-05 
2.685282E+00, 3.395627E-04 
5.769370E+00, 7.763393E-05 
-3.043269E+00, 1.594678E-02 
2.289139E+00, 2.894541E-04 
3.388098E-01, 2.438102E-04 
3.120201E+00, 3.388448E-04 
3.232239E+00, 2.480208E-04 
1.593078E+00, 4.170749E-04 
5.867641E+00, 6.683507E-05 
1.127537E+01, 1.404957E-06 
-1.305086E+00, 1.468746E-02 
1.487256E+00, 3.270689E-04 
6.425234E+00, 5.552151E-05 
2.623121E+00, 3.489670E-04 
6.864483E+00, 7.716557E-05 
7.875522E+00, 2.017219E-05 
6.027025E+00, 6.603716E-05 
6.024174E+00, 5.397099E-05 
5.872436E+00, 6.586552E-05 
8.767987E+00, 6.309820E-06 
2.281687E+00, 4.243676E-04 
9.504129E+00, 3.109245E-06 
9.034530E+00, 4.103138E-06 
7.384944E+00, 3.453275E-05 
5.867326E+00, 6.585843E-05 
6.959584E+00, 3.892078E-05 
1.769468E+00, 3.706631E-04 
3.248018E+00, 2.160532E-04 
3.013354E+00, 3.472758E-04 
7.775549E+00, 1.000538E-05 
2.985614E+00, 2.860349E-04 
2.426070E-01, 2.746201E-04 
4.146658E+00, 1.469783E-04 
1.643301E-01, 4.668499E-04 
2.459230E+00, 2.917812E-04 
4.689944E+00, 2.383115E-04 
9.049415E-01, 3.691393E-04 
2.734029E-02, 3.246451E-04 
4.598842E-01, 3.586523E-04 
3.048129E+00, 2.060807E-04 
5.547384E+00, 8.333091E-05 
2.548022E+00, 4.340127E-04 
1.845380E+00, 2.616839E-04 
4.014897E+00, 2.753741E-04 
2.741650E+00, 5.739789E-04 
1.713049E+00, 2.424213E-04 
2.531746E+00, 2.427855E-04 
4.978454E+00, 1.303228E-04 
3.711553E+00, 2.014870E-04 
8.108874E+00, 1.786198E-05 
1.021800E+00, 5.021925E-04 
7.436422E+00, 1.520774E-05 
1.053551E+01, 1.517953E-06 
9.903996E+00, 1.371403E-06 
6.139658E+00, 7.199765E-05 
8.016504E+00, 1.634969E-05 
9.643778E+00, 9.166190E-07 
2.813324E+00, 1.953905E-04 
2.950460E+00, 2.338408E-04 
8.044629E-02, 2.114897E-04 
3.033847E+00, 1.999259E-04 
-7.584312E-01, 1.261707E-02 
2.962340E+00, 3.786180E-04 
4.987063E+00, 1.228257E-04 
5.486480E+00, 9.843426E-05 
9.356614E+00, 2.127329E-06 
1.108742E+00, 4.337524E-04 
5.522399E+00, 1.184596E-04 
2.258424E+00, 3.008895E-04 
8.029507E-01, 4.187587E-04 
5.651859E+00, 1.024390E-04 
9.313543E+00, 2.640022E-06 
5.665340E+00, 1.586000E-04 
9.390771E+00, 7.164540E-07 
1.518791E+00, 3.076650E-04 
1.011781E+00, 4.308897E-04 
2.540648E+00, 3.185924E-04 
4.041036E+00, 1.890564E-04 
4.563887E+00, 1.297505E-04 
7.628972E+00, 2.202955E-05 
5.243400E+00, 1.753499E-04 
8.372418E-01, 3.175375E-04 
1.579125E-01, 4.284976E-04 
3.382565E+00, 2.533351E-04 
1.823514E+00, 3.554075E-04 
2.988800E+00, 2.811414E-04 
8.869141E+00, 6.752141E-06 
6.875619E+00, 1.508378E-05 
2.712550E+00, 2.936853E-04 
7.894064E+00, 1.615400E-05 
5.211339E+00, 1.576007E-04 
5.996615E+00, 6.877450E-05 
2.648155E+00, 3.218197E-04 
7.819582E-01, 3.099479E-04 
7.474163E+00, 3.245397E-05 
1.356146E-02, 4.763168E-04 
8.677093E+00, 1.106999E-05 
3.717013E+00, 2.371388E-04 
7.351124E-01, 2.840571E-04 
2.571632E+00, 3.349004E-04 
-1.498800E-01, 8.569953E-04 
1.819241E+00, 2.138153E-04 
7.048401E+00, 2.225950E-05 
4.218478E+00, 1.262502E-04 
8.995612E+00, 3.924237E-06 
9.976267E-01, 3.175375E-04 
4.886186E+00, 2.223091E-04 
2.522712E-01, 3.961372E-04 
2.886693E+00, 4.367921E-04 
3.680192E+00, 1.671368E-04 
1.062299E+01, 5.615676E-07 
2.978292E+00, 2.216090E-04 
7.382988E+00, 2.982016E-05 
3.940198E+00, 1.464588E-04 
7.678045E+00, 3.035476E-05 
9.747729E+00, 1.561590E-06 
1.164962E+00, 4.508813E-04 
4.366857E+00, 1.639379E-04 
2.975635E+00, 4.712734E-04 
3.166187E+00, 2.136777E-04 
8.864046E+00, 8.406054E-06 
8.893284E+00, 5.130483E-06 
3.870405E+00, 2.121249E-04 
1.050076E+00, 3.360302E-04 
9.091368E+00, 5.060634E-06 
8.856060E+00, 4.637632E-06 
6.288231E+00, 4.114569E-05 
9.319001E+00, 2.872260E-06 
6.472976E+00, 3.853837E-05 
3.363729E+00, 2.260850E-04 
2.761208E+00, 3.966699E-04 
7.497951E+00, 3.097860E-05 
5.045472E+00, 1.206139E-04 
9.589145E+00, 1.058091E-06 
6.168363E-01, 3.011437E-04 
6.562496E+00, 4.622157E-05 
7.278275E+00, 5.091554E-05 
1.839160E+00, 5.272792E-04 
1.956965E+00, 3.469839E-04 
5.259377E-01, 3.315447E-04 
6.901671E-01, 4.008057E-04 
6.893857E+00, 4.841252E-05 
3.574195E-01, 2.591114E-04 
2.057278E+00, 2.848520E-04 
7.617184E+00, 1.518238E-05 
3.313337E+00, 3.247251E-04 
2.485221E+00, 2.985063E-04 
5.799315E+00, 9.271345E-05 
6.953241E+00, 4.102084E-05 
4.113072E+00, 2.128847E-04 
8.836918E+00, 5.347366E-06 
8.992058E+00, 7.925358E-06 
7.683515E+00, 1.027388E-05 
9.591252E+00, 1.821681E-06 
6.097931E-01, 3.872363E-04 
9.127487E+00, 2.764961E-06 
7.329101E-01, 2.857098E-04 
7.426926E+00, 2.730492E-05 
5.932383E+00, 4.856596E-05 
5.934664E+00, 8.333091E-05 
3.147717E+00, 2.591611E-04 
4.418995E-01, 1.830675E-04 
5.739942E+00, 5.331455E-05 
2.898278E+00, 3.086831E-04 
7.303524E+00, 4.509097E-05 
5.398100E+00, 5.044437E-05 
6.212375E+00, 5.842403E-05 
7.803702E+00, 2.043628E-05 
6.277942E+00, 4.167880E-05 
1.019928E+01, 8.241865E-07 
4.333287E+00, 1.131703E-04 
4.619505E+00, 1.241633E-04 
2.339637E-02, 4.763168E-04 
8.115475E+00, 1.442460E-05 
3.515402E-01, 3.886240E-04 
2.632001E+00, 3.333486E-04 
1.441521E+00, 3.439945E-04 
6.049179E-01, 4.944579E-04 
-2.405342E+00, 1.548028E-02 
2.981270E+00, 2.701348E-04 
8.261478E+00, 1.567032E-05 
2.345181E+00, 5.291989E-04 
6.650842E-01, 4.033655E-04 
9.449053E+00, 1.770619E-06 
7.208788E-01, 3.661350E-04 
1.560215E+00, 3.719649E-04 
9.111095E+00, 8.713349E-06 
7.199726E+00, 2.062918E-05 
8.675027E+00, 4.903940E-06 
8.175004E+00, 9.908272E-06 
6.546393E+00, 5.567040E-05 
4.237951E+00, 7.688956E-05 
8.076723E+00, 1.360834E-05 
5.234318E+00, 1.496958E-04 
8.051375E+00, 1.171987E-05 
5.119024E+00, 1.075963E-04 
2.178337E-01, 2.391324E-04 
2.212105E+00, 2.940999E-04 
3.593476E+00, 1.999495E-04 
9.360797E+00, 3.741311E-06 
5.748879E+00, 6.044020E-05 
9.804846E+00, 1.804648E-06 
6.662017E+00, 4.295990E-05 
7.717933E+00, 1.288188E-05 
7.518197E+00, 2.029493E-05 
7.473264E+00, 3.130362E-05 
2.305569E+00, 3.113137E-04 
9.250793E+00, 4.614090E-06 
2.175796E+00, 3.579595E-04 
3.150524E+00, 2.406398E-04 
8.173102E+00, 1.344750E-05 
2.529171E+00, 3.484471E-04 
3.221290E+00, 2.250783E-04 
6.436786E+00, 4.752431E-05 
6.360639E+00, 3.741976E-05 
7.635213E+00, 1.315233E-05 
5.217277E+00, 8.507270E-05 
3.806717E+00, 2.109333E-04 
-1.795621E+00, 1.526802E-02 
4.088603E+00, 1.684999E-04 
5.478273E+00, 8.996465E-05 
6.023039E+00, 2.573919E-05 
8.483031E+00, 5.880838E-06 
1.193349E+00, 2.928263E-04 
8.909636E+00, 6.331089E-06 
7.533373E+00, 1.862013E-05 
8.511485E+00, 7.333200E-06 
3.438080E+00, 1.641356E-04 
7.098474E+00, 2.225950E-05 
9.780872E+00, 9.511238E-07 
3.672722E+00, 2.456898E-04 
4.691948E+00, 1.323193E-04 
1.004545E+01, 7.676392E-07 
6.329156E+00, 8.922797E-05 
3.027116E+00, 2.997478E-04 
9.274770E+00, 2.588030E-06 
1.029929E+01, 1.035969E-06 
9.240578E+00, 2.114066E-06 
3.186195E+00, 2.060807E-04 
2.336918E-01, 3.160147E-04 
3.877980E+00, 1.616274E-04 
2.652124E+00, 4.477628E-04 
4.210495E+00, 2.108837E-04 
8.165064E+00, 1.532276E-05 
9.512347E-01, 4.553466E-04 
2.340605E+00, 2.991009E-04 
3.877550E+00, 3.385483E-04 
5.654612E+00, 7.543219E-05 
2.633492E+00, 2.844619E-04 
9.221593E+00, 3.272613E-06 
3.065911E+00, 3.948951E-04 
8.893310E+00, 4.608424E-06 
5.961191E+00, 8.557875E-05 
5.411520E-01, 2.102962E-04 
1.848460E+00, 3.575928E-04 
2.046231E+00, 1.906066E-04 
8.919144E+00, 4.903940E-06 
5.172917E+00, 1.166913E-04 
5.669793E+00, 1.029794E-04 
1.584974E+00, 2.623184E-04 
9.145190E+00, 6.119521E-06 
5.811435E-01, 2.314392E-04 
1.571996E+00, 5.678122E-04 
6.685088E-01, 5.259857E-04 
8.224417E+00, 1.074702E-05 
4.653696E+00, 1.281380E-04 
6.300936E+00, 6.907704E-05 
9.931383E+00, 1.105633E-06 
6.710049E+00, 3.483115E-05 
1.003921E+01, 7.832859E-07 
8.299816E+00, 9.591792E-06 
5.879059E+00, 1.041573E-04 
9.573739E+00, 2.100637E-06 
2.559249E-01, 1.983956E-04 
9.715670E+00, 2.166822E-06 
1.861915E+00, 2.220106E-04 
1.068046E+00, 2.945217E-04 
3.103583E+00, 2.155579E-04 
3.846200E+00, 1.790050E-04 
1.946066E-01, 1.830675E-04 
9.875851E-01, 3.321681E-04 
2.807555E+00, 4.987633E-04 
7.813982E-01, 3.256904E-04 
6.206631E+00, 6.240277E-05 
4.088160E+00, 1.728367E-04 
9.193594E+00, 3.260114E-06 
4.736446E+00, 1.304441E-04 
8.209430E+00, 1.338817E-05 
2.796598E+00, 2.990073E-04 
1.722757E+00, 4.480213E-04 
5.493358E+00, 7.526291E-05 
3.330684E+00, 2.849493E-04 
1.131046E+00, 3.118935E-04 
2.648666E+00, 2.860349E-04 
4.282014E+00, 1.496485E-04 
4.204830E+00, 1.495030E-04 
4.304161E+00, 1.765888E-04 
6.533182E-01, 3.654164E-04 
3.053099E+00, 1.677797E-04 
5.470263E+00, 7.006856E-05 
5.833704E+00, 8.693105E-05 
8.600824E+00, 4.975946E-06 
2.427376E+00, 3.652744E-04 
3.050136E+00, 2.615903E-04 
6.542031E+00, 8.893419E-05 
8.120614E+00, 9.216849E-06 
9.312071E+00, 2.896682E-06 
2.416282E+00, 4.467134E-04 
8.303829E+00, 7.651936E-06 
7.129818E+00, 1.629517E-05 
3.945075E+00, 3.148104E-04 
5.250575E+00, 9.197150E-05 
7.653739E+00, 1.830921E-05 
8.790677E+00, 6.833487E-06 
8.665563E+00, 4.917585E-06 
5.963056E+00, 8.637695E-05 
8.982170E-01, 5.241233E-04 
2.271718E+00, 2.727462E-04 
2.924392E+00, 2.076582E-04 
2.057221E+00, 4.411753E-04 
8.531661E+00, 9.461928E-06 
4.389871E+00, 1.158088E-04 
1.698259E+00, 3.046982E-04 
3.733140E+00, 2.073171E-04 
7.389819E+00, 3.414730E-05 
3.110056E+00, 2.891884E-04 
2.351264E+00, 3.337703E-04 
8.837354E+00, 6.067318E-06 
2.105883E+00, 2.312905E-04 
6.390241E+00, 6.116123E-05 
6.990382E+00, 2.981269E-05 
1.920107E+00, 2.465934E-04 
5.609484E+00, 9.220317E-05 
5.824549E+00, 5.857463E-05 
4.794327E+00, 1.969577E-04 
9.381279E+00, 1.476084E-06 
6.547656E-01, 2.362007E-04 
5.605019E+00, 1.297049E-04 
6.005478E+00, 8.392331E-05 
1.914855E+00, 5.702309E-04 
9.834714E+00, 1.294015E-06 
2.175638E+00, 4.530307E-04 
5.914081E+00, 1.073306E-04 
9.044911E+00, 7.490175E-06 
2.094846E+00, 2.833884E-04 
4.001663E-01, 3.311790E-04 
4.600431E+00, 1.415462E-04 
1.697367E+00, 3.967594E-04 
9.678819E-01, 2.426612E-04 
2.676000E+00, 3.903564E-04 
8.833906E+00, 5.892034E-06 
2.672636E+00, 1.780733E-04 
3.863355E+00, 2.790584E-04 
9.888894E+00, 8.113149E-07 
7.613773E-01, 2.300272E-04 
4.413527E+00, 1.495030E-04 
3.561659E+00, 3.095370E-04 
6.903290E+00, 1.954771E-05 
6.358437E+00, 4.625959E-05 
7.147945E+00, 2.823227E-05 
2.698893E+00, 2.360715E-04 
7.154249E+00, 2.676146E-05 
9.291760E+00, 3.138036E-06 
3.981511E+00, 2.647177E-04 
4.976819E+00, 7.895191E-05 
9.089903E+00, 4.226456E-06 
3.973447E+00, 1.539643E-04 
9.615383E+00, 3.045301E-06 
9.940297E+00, 4.987714E-07 
7.667121E+00, 1.215955E-05 
9.639052E-01, 4.450313E-04 
3.653698E+00, 2.583902E-04 
1.006175E+01, 5.540593E-07 
1.942237E+00, 2.517791E-04 
5.496315E+00, 1.493749E-04 
3.570452E+00, 2.172451E-04 
3.725408E+00, 1.880789E-04 
6.749981E+00, 3.978711E-05 
5.959834E+00, 9.894562E-05 
4.076407E+00, 1.082012E-04 
8.889622E+00, 6.594948E-06 
8.374601E+00, 1.449741E-05 
4.201615E+00, 1.826534E-04 
3.800591E+00, 2.619651E-04 
5.947111E+00, 8.384323E-05 
5.351983E+00, 1.444562E-04 
6.863777E+00, 2.334577E-05 
6.085877E+00, 6.718294E-05 
6.584418E+00, 3.572395E-05 
2.951865E+00, 1.999070E-04 
5.083520E+00, 6.534301E-05 
7.217003E+00, 2.429227E-05 
3.979766E+00, 2.156306E-04 
9.936321E+00, 8.912018E-07 
6.652718E+00, 4.545757E-05 
4.884981E+00, 1.200237E-04 
1.148831E+00, 3.431309E-04 
6.467943E+00, 8.358626E-05 
3.499415E+00, 1.713355E-04 
5.239832E+00, 1.534502E-04 
4.679905E+00, 8.942491E-05 
9.257210E+00, 1.833238E-06 
3.073233E+00, 2.683608E-04 
9.324604E+00, 3.776012E-06 
3.559274E+00, 2.433792E-04 
2.867441E+00, 2.265059E-04 
1.218174E+00, 3.648047E-04 
2.970060E+00, 2.100671E-04 
4.817593E+00, 1.415514E-04 
8.512464E+00, 1.152857E-05 
3.666808E+00, 4.510616E-04 
5.685467E+00, 1.017445E-04 
5.109290E+00, 1.219934E-04 
1.235245E+00, 3.797338E-04 
1.374822E-01, 4.251351E-04 
2.229932E-01, 3.409446E-04 
7.351704E+00, 2.093761E-05 
6.008697E+00, 4.912522E-05 
6.785623E+00, 5.921891E-05 
8.402623E+00, 8.344658E-06 
6.326116E+00, 5.329201E-05 
3.033854E-01, 1.719465E-04 
4.592722E+00, 7.603661E-05 
8.024869E+00, 1.450063E-05 
1.788391E+00, 3.534359E-04 
3.276761E+00, 3.020577E-04 
9.195839E-01, 3.300243E-04 
3.429113E+00, 1.981241E-04 
6.709630E+00, 3.735700E-05 
9.318232E-01, 2.567715E-04 
6.958177E+00, 2.792988E-05 
6.404771E+00, 3.787972E-05 
2.787114E+00, 3.607683E-04 
4.691559E+00, 9.357215E-05 
1.021055E+00, 9.249748E-06 
8.188955E+00, 1.016384E-05 
3.850640E+00, 1.853465E-04 
1.720712E+00, 4.526057E-04 
5.251045E+00, 1.060932E-04 
9.659114E+00, 1.912333E-06 
2.074866E+00, 2.169285E-04 
2.171529E+00, 2.564669E-04 
-1.927541E-01, 1.763333E-02 
1.492230E+00, 3.502304E-04 
6.704268E-02, 4.284976E-04 
4.331309E+00, 1.903385E-04 
3.083210E+00, 2.336313E-04 
4.443201E+00, 1.355612E-04 
9.775008E+00, 1.135659E-06 
9.064628E+00, 3.588447E-06 
6.160715E+00, 7.105492E-05 
3.381805E+00, 2.760600E-04 
8.244569E+00, 8.143160E-06 
4.681317E+00, 1.104810E-04 
9.118802E+00, 5.411644E-06 
6.122790E+00, 7.234888E-05 
4.629875E+00, 9.201100E-05 
3.988811E+00, 1.264287E-04 
9.442393E+00, 2.388387E-06 
8.650394E+00, 9.432008E-06 
4.895320E+00, 1.710302E-04 
1.302189E+00, 3.913161E-04 
3.221177E+00, 2.655966E-04 
7.391975E+00, 4.265199E-05 
8.729964E+00, 8.015660E-06 
9.555814E+00, 1.360196E-06 
7.174964E-01, 3.431309E-04 
2.298441E+00, 1.179442E-04 
5.187300E+00, 1.127518E-04 
1.005406E+01, 1.058091E-06 
4.599129E+00, 2.736251E-04 
1.012852E-01, 2.381584E-04 
2.823164E+00, 2.529415E-04 
5.103029E+00, 1.407585E-04 
4.447605E+00, 1.329416E-04 
6.832040E+00, 5.135284E-05 
2.593277E+00, 4.516173E-04 
9.398284E+00, 6.350995E-07 
1.054983E+00, 3.896233E-04 
9.339413E+00, 2.697073E-06 
4.076133E+00, 2.691403E-04 
3.289855E+00, 2.390799E-04 
1.860270E+00, 4.583154E-04 
6.000625E+00, 1.421713E-04 
1.750835E+00, 4.931919E-04 
3.313490E+00, 2.786259E-04 
8.518002E+00, 8.327242E-06 
5.124588E+00, 1.097495E-04 
3.457761E+00, 3.121305E-04 
7.163575E+00, 2.788390E-05 
5.172848E+00, 1.550205E-04 
2.035282E+00, 2.988689E-04 
1.686609E+00, 3.406773E-04 
4.891036E+00, 1.336791E-04 
5.336685E+00, 1.100924E-04 
9.481294E+00, 5.485614E-06 
9.705885E+00, 8.622025E-07 
9.652513E+00, 1.729110E-06 
4.660621E+00, 2.134448E-04 
9.731451E+00, 1.550249E-06 
1.006240E+01, 9.106390E-07 
5.796793E+00, 1.005670E-04 
5.828444E+00, 9.795756E-05 
5.772372E+00, 7.011681E-05 
8.619489E-02, 2.004028E-04 
8.263286E+00, 1.378249E-05 
1.168689E-01, 3.160147E-04 
9.119186E-01, 3.318069E-04 
5.747314E+00, 5.856619E-05 
9.645795E+00, 8.669859E-07 
7.693149E+00, 1.118186E-05 
7.008554E+00, 2.054517E-05 
6.532554E+00, 6.421259E-05 
9.681579E+00, 2.143529E-06 
8.313320E+00, 1.097223E-05 
4.434657E+00, 1.002928E-04 
8.628061E-01, 4.600691E-04 
8.890289E+00, 6.785782E-06 
3.068068E-01, 3.409446E-04 
8.381512E+00, 1.031815E-05 
9.223319E+00, 6.342741E-06 
5.038472E+00, 1.648484E-04 
2.376091E+00, 2.991009E-04 
5.996096E+00, 8.630876E-05 
6.400003E+00, 3.809442E-05 
1.007580E+00, 4.924397E-04 
1.151866E+00, 3.357632E-04 
3.175250E+00, 4.256746E-04 
2.805937E+00, 3.249557E-04 
4.234849E+00, 1.811943E-04 
6.951497E+00, 2.062918E-05 
9.590318E+00, 1.562256E-06 
8.120171E+00, 1.195994E-05 
-9.814553E-02, 2.925410E-04 
6.798807E+00, 4.578935E-05 
5.092981E+00, 1.557055E-04 
3.199644E+00, 1.599339E-04 
8.724891E+00, 4.226456E-06 
7.603673E-01, 4.147944E-04 
5.146863E-01, 4.686335E-04 
3.712801E+00, 1.811943E-04 
1.920463E+00, 5.593995E-04 
8.449089E+00, 1.104416E-05 
2.277244E+00, 3.014848E-04 
3.727684E+00, 1.999495E-04 
8.509593E+00, 8.230630E-06 
3.944606E+00, 1.743742E-04 
4.845499E+00, 1.384591E-04 
3.533084E+00, 2.141853E-04 
1.587758E+00, 2.538592E-04 
3.845748E+00, 3.442625E-04 
1.842061E+00, 2.970889E-04 
1.343502E-01, 2.213574E-04 
9.386963E+00, 1.291374E-06 
1.197167E+00, 4.219937E-04 
2.010194E+00, 2.915198E-04 
7.633971E+00, 1.224904E-05 
9.702669E+00, 7.253753E-07 
9.453133E-01, 3.358459E-04 
1.946733E+00, 3.431219E-04 
4.119618E+00, 2.527474E-04 
3.119183E+00, 2.405784E-04 
4.733435E+00, 1.567821E-04 
3.699393E+00, 2.506616E-04 
7.414597E+00, 1.627983E-05 
9.939224E+00, 1.010566E-06 
2.727669E+00, 3.302820E-04 
1.966272E+00, 2.870609E-04 
5.261369E+00, 7.304994E-05 
2.415316E-01, 6.320295E-04 
1.523394E+00, 2.570997E-04 
1.512552E+00, 3.734072E-04 
1.494857E+00, 3.671049E-04 
7.783539E+00, 2.200659E-05 
5.958169E+00, 6.182181E-05 
7.876622E+00, 1.337799E-05 
5.064959E+00, 1.064042E-04 
9.881743E+00, 6.722261E-07 
5.451107E+00, 6.255167E-05 
9.529731E+00, 3.963950E-06 
7.005362E+00, 2.942415E-05 
3.369128E-01, 2.895725E-04 
1.274709E+00, 2.633724E-04 
3.041583E+00, 3.002771E-04 
9.160898E+00, 5.981897E-06 
1.530424E+00, 2.824850E-04 
3.442595E+00, 2.175013E-04 
4.270894E+00, 1.069277E-04 
9.629013E+00, 8.751796E-07 
4.748542E+00, 9.960316E-05 
9.619610E+00, 9.975427E-07 
1.856579E-01, 4.763168E-04 
9.220907E+00, 2.797832E-06 
1.902274E+00, 4.440663E-04 
4.956200E+00, 1.729403E-04 
4.625067E-01, 2.381584E-04 
3.621381E+00, 2.356783E-04 
9.569829E+00, 6.516210E-07 
3.760048E+00, 1.758916E-04 
4.416324E+00, 1.451720E-04 
4.661932E+00, 1.041795E-04 
6.312749E+00, 8.367609E-05 
2.566596E+00, 2.403554E-04 
5.344028E+00, 1.128298E-04 
8.216084E+00, 7.272319E-06 
3.105425E+00, 2.576487E-04 
6.316419E+00, 8.021509E-05 
7.348266E+00, 3.803238E-05 
4.745781E+00, 1.166084E-04 
1.621930E+00, 3.525595E-04 
9.578107E+00, 2.028140E-06 
1.593917E+00, 5.351323E-04 
9.049333E+00, 5.183192E-06 
6.987110E+00, 3.790831E-05 
4.312945E+00, 1.057243E-04 
8.548166E-01, 4.441456E-04 
6.073945E+00, 7.112016E-05 
8.645934E+00, 6.519298E-06 
6.164138E+00, 7.394581E-05 
4.864742E+00, 8.946693E-05 
7.819455E+00, 2.225980E-05 
2.962237E+00, 2.747274E-04 
8.418074E+00, 9.466029E-06 
-1.562009E-01, 4.465725E-04 
6.714349E+00, 8.447815E-05 
9.205062E+00, 4.893393E-06 
3.585250E+00, 3.583482E-04 
4.573603E+00, 1.921253E-04 
7.912714E+00, 1.548934E-05 
5.892725E+00, 1.081171E-04 
7.044118E+00, 3.870169E-05 
5.501090E+00, 8.430639E-05 
3.877446E+00, 1.717912E-04 
3.464365E+00, 3.076961E-04 
6.364989E+00, 3.417785E-05 
4.195714E+00, 2.348051E-04 
1.219693E+00, 3.988521E-04 
4.052092E+00, 2.867844E-04 
8.455809E+00, 6.050169E-06 
1.072796E+00, 3.304073E-04 
8.392355E+00, 1.496569E-05 
3.385485E+00, 3.244735E-04 
2.533288E+00, 3.265085E-04 
7.147794E+00, 1.490634E-05 
5.509903E+00, 8.243863E-05 
9.818114E+00, 1.270199E-06 
1.950485E+00, 4.962998E-04 
2.065509E+00, 2.102465E-04 
2.728297E-01, 4.284976E-04 
7.685138E-02, 4.036790E-04 
7.503113E+00, 1.087679E-05 
9.444039E+00, 2.487064E-06 
1.632561E+00, 4.024553E-04 
7.607308E+00, 1.613873E-05 
4.347101E+00, 2.254487E-04 
8.569709E+00, 4.776775E-06 
5.585770E+00, 1.090878E-04 
9.661806E+00, 1.593959E-06 
8.485077E+00, 1.981133E-05 
2.174954E+00, 2.769145E-04 
1.098188E+00, 3.965740E-04 
9.485567E+00, 2.254994E-06 
8.826127E+00, 1.229063E-05 
1.548757E+00, 3.643816E-04 
9.244957E+00, 1.693212E-06 
3.591381E+00, 1.489498E-04 
3.169851E+00, 4.459001E-04 
4.838575E+00, 1.365069E-04 
9.266593E+00, 3.238239E-06 
5.916022E+00, 8.249125E-05 
5.708557E+00, 7.780894E-05 
7.797250E+00, 1.124965E-05 
2.550043E+00, 3.250917E-04 
3.886140E+00, 2.414186E-04 
1.043774E+01, 9.917071E-07 
6.223530E+00, 8.200135E-05 
3.817652E-01, 3.160147E-04 
4.448842E-01, 6.113446E-04 
2.133047E-01, 6.126386E-04 
9.656209E+00, 1.376372E-06 
1.538344E-01, 3.160147E-04 
4.307842E-01, 4.763168E-04 
9.779383E+00, 6.751096E-07 
9.798071E+00, 1.448754E-06 
9.514398E+00, 1.196408E-06 
4.349371E-01, 4.763168E-04 
7.203141E-02, 1.079181E-03 
1.748162E-01, 1.415956E-03 
2.564761E-01, 1.079181E-03 
-1.408015E-02, 2.158362E-03 
2.455084E-02, 1.415956E-03 
-4.871679E-02, 1.415956E-03 
8.979473E-02, 1.079181E-03 
-2.867391E-02, 1.079181E-03 
1.846566E-01, 1.079181E-03 
8.464069E-02, 4.284976E-04 
2.173317E-01, 2.142488E-04 
2.367793E-01, 2.381584E-04 
3.894409E-01, 4.284976E-04 
1.010480E-01, 2.813526E-04 
8.062515E-01, 2.837663E-04 
5.840456E-01, 2.381584E-04 
6.536311E-01, 2.157907E-04 
6.623078E-01, 2.481370E-04 
2.379225E-01, 1.983956E-04 
2.931657E-01, 1.830675E-04 
5.791689E-01, 1.736948E-04 
7.259118E-01, 2.102962E-04 
8.829108E-02, 1.830675E-04 
4.001749E-01, 1.719465E-04 
2.791786E-01, 1.704723E-04 
3.877099E-01, 2.142488E-04 
1.436354E-01, 2.381584E-04 
7.979459E-01, 3.011437E-04 
6.887010E-01, 2.857098E-04 
8.733673E-01, 2.719289E-04 
9.434026E-01, 2.619874E-04 
7.521012E-01, 2.567715E-04 
7.310367E-01, 2.308470E-04 
6.842046E-01, 2.269701E-04 
8.599690E-01, 2.922223E-04 
1.206590E+00, 2.633724E-04 
1.188980E+00, 2.487825E-04 
1.180487E+00, 2.775491E-04 
1.318070E+00, 2.576863E-04 
1.281259E+00, 2.553486E-04 
1.429677E+00, 2.623184E-04 
1.698537E+00, 2.718924E-04 
1.658413E+00, 2.424213E-04 
1.527863E+00, 2.737904E-04 
1.994403E+00, 2.682503E-04 
2.360418E+00, 2.102465E-04 
2.553387E+00, 2.205693E-04 
2.175188E+00, 2.087553E-04 
2.055530E+00, 2.138153E-04 
1.984434E+00, 2.018576E-04 
2.087224E+00, 1.906066E-04 
1.858597E+00, 2.220106E-04 
1.914611E+00, 2.312905E-04 
2.056746E+00, 2.169285E-04 
2.451528E+00, 2.695036E-04 
2.475257E+00, 2.427855E-04 
2.173882E+00, 2.310564E-04 
2.285097E+00, 2.675660E-04 
2.409456E+00, 2.540382E-04 
2.679027E+00, 2.462486E-04 
2.613441E+00, 2.367658E-04 
2.327039E+00, 2.360715E-04 
2.820789E+00, 2.118076E-04 
2.679801E+00, 2.076582E-04 
2.676793E+00, 1.999070E-04 
2.685493E+00, 1.953905E-04 
2.742056E+00, 1.928688E-04 
2.721369E+00, 1.879776E-04 
2.740176E+00, 1.878466E-04 
2.427357E+00, 1.863985E-04 
3.172986E+00, 2.576487E-04 
3.108457E+00, 2.332642E-04 
3.208323E+00, 1.999259E-04 
3.232583E+00, 1.677797E-04 
3.072570E+00, 1.669946E-04 
3.154573E+00, 1.594149E-04 
3.224979E+00, 1.599339E-04 
3.256854E+00, 1.558926E-04 
3.064576E+00, 1.469727E-04 
3.705566E+00, 2.162355E-04 
3.519838E+00, 2.130397E-04 
3.478442E+00, 1.779789E-04 
3.452921E+00, 1.774661E-04 
3.460924E+00, 1.688363E-04 
3.350396E+00, 1.641356E-04 
3.369158E+00, 1.597326E-04 
3.569697E+00, 2.096614E-04 
3.847033E+00, 1.713355E-04 
3.917759E+00, 1.661475E-04 
3.397531E+00, 1.534507E-04 
3.576780E+00, 1.491202E-04 
3.699171E+00, 1.489498E-04 
3.696910E+00, 1.412709E-04 
3.769957E+00, 1.113524E-04 
3.877394E+00, 1.031858E-04 
3.926102E+00, 1.574427E-04 
3.800981E+00, 1.495877E-04 
4.175144E+00, 1.368572E-04 
3.943450E+00, 1.356452E-04 
4.142250E+00, 1.785524E-04 
3.968763E+00, 1.528662E-04 
4.241962E+00, 1.387888E-04 
4.907574E+00, 1.084363E-04 
4.487652E+00, 8.942491E-05 
4.730434E+00, 9.960316E-05 
4.447026E+00, 9.583427E-05 
4.593985E+00, 8.643056E-05 
4.242500E+00, 1.131703E-04 
4.627517E+00, 7.874027E-05 
4.671381E+00, 7.746571E-05 
4.580618E+00, 7.688956E-05 
4.587361E+00, 7.544253E-05 
5.010607E+00, 7.471997E-05 
4.883594E+00, 5.320211E-05 
4.592282E+00, 1.041795E-04 
4.158498E+00, 1.113524E-04 
3.641150E+00, 5.159291E-05 
5.077327E+00, 4.845008E-05 
4.635895E+00, 4.473924E-05 
4.842993E+00, 4.432042E-05 
4.794910E+00, 7.885395E-05 
5.713749E+00, 7.523090E-05 
5.705161E+00, 3.714843E-05 
5.693192E+00, 6.925118E-05 
5.527338E+00, 6.900114E-05 
5.613045E+00, 7.006856E-05 
5.559030E+00, 6.535439E-05 
5.803594E+00, 6.502277E-05 
5.736990E+00, 6.163285E-05 
5.773816E+00, 6.153234E-05 
5.788058E+00, 5.856619E-05 
6.021726E+00, 7.357552E-05 
6.081649E+00, 3.074729E-05 
6.134654E+00, 5.333174E-05 
6.237244E+00, 4.975912E-05 
6.124958E+00, 4.912874E-05 
4.713352E+00, 5.320211E-05 
6.245868E+00, 2.737470E-05 
6.253979E+00, 2.202531E-05 
6.338684E+00, 2.179557E-05 
6.219592E+00, 4.218149E-05 
6.421837E+00, 1.960706E-05 
6.288527E+00, 3.809253E-05 
6.095842E+00, 5.022590E-05 
6.365295E+00, 4.545757E-05 
2.354050E+00, 5.897209E-05 
2.472737E+00, 5.897209E-05 
6.304747E+00, 3.565828E-05 
3.779676E+00, 5.159291E-05 
4.721493E+00, 4.845008E-05 
4.568142E+00, 4.473924E-05 
4.620307E+00, 4.432042E-05 
6.916291E+00, 3.443233E-05 
6.464607E+00, 2.976468E-05 
6.769358E+00, 2.680478E-05 
6.523964E+00, 3.870169E-05 
5.730620E+00, 3.714843E-05 
7.030026E+00, 2.153750E-05 
5.912484E+00, 3.074729E-05 
7.162985E+00, 2.186309E-05 
6.158662E+00, 2.737470E-05 
6.419662E+00, 2.202531E-05 
6.433033E+00, 2.179557E-05 
7.237021E+00, 2.177299E-05 
6.155204E+00, 1.960706E-05 
7.131860E+00, 1.951347E-05 
7.598772E+00, 2.342437E-05 
7.589562E+00, 1.802133E-05 
7.595956E+00, 1.678268E-05 
7.717243E+00, 1.636010E-05 
7.909319E+00, 1.112990E-05 
7.873656E+00, 9.447754E-06 
7.820860E+00, 1.841942E-05 
8.274504E+00, 9.908198E-06 
7.982502E+00, 9.820676E-06 
8.194965E+00, 8.913515E-06 
7.869836E+00, 1.112990E-05 
7.634518E+00, 9.447754E-06 
8.411467E+00, 8.609743E-06 
8.579578E+00, 8.109483E-06 
8.585187E+00, 7.651936E-06 
8.635658E+00, 6.140012E-06 
8.767783E+00, 4.975946E-06 
8.546499E+00, 5.017779E-06 
8.270569E+00, 6.623780E-06 
8.875119E+00, 6.309820E-06 
8.577038E+00, 7.859867E-06 
8.799717E+00, 6.607386E-06 
8.611555E+00, 5.321476E-06 
8.768855E+00, 5.017779E-06 
8.481387E+00, 6.561506E-06 
9.123795E+00, 4.066604E-06 
8.911772E+00, 3.802290E-06 
8.847170E+00, 4.409906E-06 
8.320820E+00, 3.846635E-06 
9.127621E+00, 3.443962E-06 
8.954783E+00, 3.924237E-06 
9.082497E+00, 3.391320E-06 
9.079454E+00, 3.333525E-06 
9.216156E+00, 3.816434E-06 
9.387092E+00, 3.417094E-06 
9.355718E+00, 2.896682E-06 
9.283460E+00, 2.872260E-06 
9.646727E+00, 1.868801E-06 
9.615544E+00, 2.236251E-06 
9.474743E+00, 2.036658E-06 
9.423162E+00, 2.033302E-06 
9.601458E+00, 1.912333E-06 
9.682445E+00, 1.821681E-06 
9.737990E+00, 1.549725E-06 
9.437392E+00, 1.371403E-06 
9.518852E+00, 1.593959E-06 
9.703815E+00, 1.360196E-06 
9.537236E+00, 1.257446E-06 
9.573351E+00, 1.412305E-06 
1.005040E+01, 8.577372E-07 
9.958480E+00, 7.807950E-07 
1.001709E+01, 6.718816E-07 
9.801361E+00, 6.510308E-07 
1.010754E+01, 5.540593E-07 
9.854535E+00, 5.528166E-07 
1.019274E+01, 5.186837E-07 
9.869009E+00, 5.127034E-07 
9.917530E+00, 4.987714E-07 
