4.492883E+00, 1.318151E-04 
7.862324E+00, 2.216422E-05 
9.577519E+00, 1.841512E-06 
7.174056E+00, 1.945673E-05 
5.129460E+00, 8.520957E-05 
1.036398E+00, 4.417220E-04 
1.005891E+01, 2.732472E-06 
8.239164E+00, 1.341731E-05 
9.233141E-01, 2.961216E-04 
5.805321E+00, 4.878719E-05 
4.541284E+00, 1.429953E-04 
5.545009E+00, 1.360541E-04 
5.143829E+00, 6.879820E-05 
9.296057E+00, 4.228412E-06 
6.699671E+00, 5.794464E-05 
6.234781E+00, 6.506722E-05 
9.936688E+00, 6.763027E-07 
8.290217E+00, 1.584043E-05 
8.397707E+00, 5.119907E-06 
8.125456E+00, 1.374367E-05 
5.373619E+00, 1.463793E-04 
8.538116E+00, 7.103304E-06 
9.669649E+00, 1.091053E-06 
4.437574E-01, 3.707239E-04 
6.312466E+00, 5.105054E-05 
3.923385E+00, 2.142542E-04 
8.435488E+00, 8.564917E-06 
5.438450E-01, 3.643498E-04 
3.583573E+00, 1.701903E-04 
2.912855E+00, 2.199315E-04 
4.861781E+00, 2.081759E-04 
4.608761E+00, 8.613037E-05 
1.064801E+01, 7.684315E-07 
5.088051E+00, 6.196642E-05 
8.686769E+00, 9.806716E-06 
9.496644E+00, 1.670905E-06 
9.436485E+00, 2.786134E-06 
8.862702E+00, 6.832930E-06 
9.540196E+00, 2.309428E-06 
5.581312E+00, 1.377135E-04 
2.588145E+00, 1.911112E-04 
5.057320E+00, 9.141472E-05 
7.945318E+00, 1.571924E-05 
7.262854E+00, 2.522928E-05 
7.872425E+00, 2.826067E-05 
7.163749E+00, 2.375082E-05 
8.980883E+00, 5.069878E-06 
9.515648E+00, 1.540106E-06 
4.382149E+00, 2.096998E-04 
2.925296E+00, 2.326297E-04 
8.072319E+00, 2.462207E-05 
2.114416E+00, 3.287055E-04 
7.822842E+00, 1.844649E-05 
3.289137E+00, 4.420666E-04 
7.303751E+00, 2.705700E-05 
6.996940E+00, 4.144939E-05 
7.958179E+00, 1.257184E-05 
2.209263E+00, 2.719585E-04 
1.015054E+01, 1.267250E-06 
4.722786E+00, 1.775337E-04 
-1.999757E+00, 2.165427E-02 
7.653231E+00, 2.520247E-05 
3.550437E+00, 2.049881E-04 
1.376787E+00, 4.226712E-04 
8.402047E-01, 3.471542E-04 
9.064352E-01, 3.897003E-04 
9.903316E+00, 1.127322E-06 
5.538897E+00, 9.467719E-05 
3.124642E+00, 4.203566E-04 
4.967306E+00, 8.136941E-05 
2.907963E+00, 2.695025E-04 
2.185254E+00, 4.234955E-04 
6.409401E+00, 5.299788E-05 
1.668358E+00, 4.223016E-04 
1.857895E+00, 6.384891E-04 
6.203459E+00, 8.247619E-05 
5.943316E+00, 4.515095E-05 
7.284375E+00, 2.198788E-05 
1.874397E-01, 6.943083E-04 
9.585007E+00, 2.618107E-06 
7.028893E-01, 2.911642E-04 
9.896061E+00, 1.347234E-06 
7.081199E+00, 2.394738E-05 
9.560163E+00, 2.687555E-06 
3.536047E+00, 1.543010E-04 
7.494417E+00, 2.811415E-05 
1.422131E+00, 4.453816E-04 
7.111321E+00, 3.687402E-05 
1.076199E+00, 3.169236E-04 
2.589771E+00, 2.903442E-04 
7.238702E+00, 1.687352E-05 
8.353977E+00, 6.133854E-06 
4.591027E+00, 8.137999E-05 
9.611412E-01, 3.367651E-04 
4.584366E+00, 1.260240E-04 
6.772313E-01, 3.843606E-04 
1.595536E+00, 2.285986E-04 
5.667635E+00, 1.051337E-04 
2.360840E+00, 3.341760E-04 
7.006096E-01, 4.125044E-04 
8.462134E+00, 8.073105E-06 
5.970503E+00, 4.870722E-05 
9.690651E+00, 3.761959E-06 
9.143855E+00, 4.083519E-06 
3.577413E+00, 2.121634E-04 
8.599960E+00, 4.488732E-06 
9.087175E+00, 5.843006E-06 
2.674032E+00, 2.877153E-04 
4.836162E-01, 3.471542E-04 
5.869714E+00, 4.509225E-05 
5.640497E+00, 4.921487E-05 
5.347646E+00, 1.133432E-04 
3.351671E+00, 1.305904E-04 
3.709233E+00, 1.468531E-04 
8.739295E+00, 5.108936E-06 
3.280416E+00, 2.588976E-04 
3.236690E+00, 4.144375E-04 
7.006961E+00, 2.288518E-05 
9.031260E+00, 6.494492E-06 
9.365088E+00, 3.295761E-06 
1.501604E+00, 3.311966E-04 
3.872059E+00, 2.134988E-04 
2.190858E+00, 2.501341E-04 
8.515079E+00, 8.214554E-06 
1.613840E+00, 2.256776E-04 
9.415154E+00, 1.182822E-06 
2.170629E+00, 2.804912E-04 
7.283279E+00, 2.360702E-05 
6.163183E-01, 4.820599E-04 
5.088861E+00, 7.968517E-05 
8.858728E-01, 2.613538E-04 
1.019319E+01, 5.654673E-07 
5.442992E-01, 2.634738E-04 
9.635146E+00, 2.807767E-06 
7.564614E+00, 1.697614E-05 
3.889095E+00, 1.303468E-04 
-1.482843E+00, 1.217281E-02 
9.157020E-01, 3.885852E-04 
5.876278E+00, 8.658172E-05 
3.149098E-01, 6.089740E-04 
5.740679E+00, 5.743171E-05 
2.106594E+00, 2.697757E-04 
1.009973E+01, 7.830148E-07 
8.915389E+00, 6.737330E-06 
2.555780E+00, 2.633890E-04 
6.266408E+00, 6.632886E-05 
6.877911E+00, 2.680368E-05 
8.849241E+00, 5.572914E-06 
4.932442E+00, 8.295291E-05 
7.020878E-01, 4.647864E-04 
2.439863E+00, 3.307730E-04 
5.701372E+00, 8.235471E-05 
7.709892E+00, 2.550064E-05 
6.325073E+00, 6.078077E-05 
2.729706E+00, 1.788654E-04 
7.582808E+00, 2.496780E-05 
6.851042E+00, 3.311606E-05 
2.248018E-01, 7.052811E-04 
8.242124E+00, 7.392946E-06 
2.475217E+00, 2.438766E-04 
4.773296E+00, 1.993016E-04 
1.012880E+01, 7.532386E-07 
7.520073E+00, 1.864726E-05 
4.403493E+00, 8.784280E-05 
4.805357E+00, 9.889648E-05 
4.492578E-01, 3.025019E-05 
6.535043E+00, 3.871674E-05 
8.255388E-01, 3.581953E-04 
6.791682E+00, 2.926228E-05 
8.700795E+00, 4.450656E-06 
1.425226E+00, 4.426332E-04 
7.327052E+00, 1.403031E-05 
3.411151E+00, 2.881032E-04 
4.493149E+00, 1.502060E-04 
6.757398E+00, 1.106834E-05 
8.404193E+00, 1.128758E-05 
8.883672E+00, 7.894290E-06 
3.673681E+00, 4.253506E-04 
9.362706E+00, 2.869784E-06 
3.475522E+00, 1.474273E-04 
1.049809E+00, 3.471542E-04 
8.169661E+00, 1.205607E-05 
5.609923E+00, 5.030933E-05 
2.597966E+00, 2.406193E-04 
6.025645E+00, 4.718634E-05 
1.079449E+00, 3.555902E-04 
2.949518E+00, 1.584235E-04 
6.482706E+00, 3.926552E-05 
3.291519E+00, 3.820264E-04 
7.587363E+00, 2.503475E-05 
3.765609E+00, 1.385294E-04 
7.518702E+00, 2.339660E-05 
3.095535E+00, 2.527069E-04 
6.849093E+00, 3.406772E-05 
4.227701E+00, 1.055268E-04 
1.382127E+00, 5.000800E-04 
9.187280E+00, 4.652898E-06 
6.260731E+00, 1.689339E-05 
7.829542E+00, 1.429054E-05 
6.321020E+00, 8.422011E-05 
4.767528E+00, 1.218255E-04 
1.040155E+01, 8.134030E-07 
5.406013E+00, 1.209638E-04 
5.894876E+00, 9.224471E-05 
6.708046E+00, 3.513366E-05 
4.399116E+00, 1.137751E-04 
4.502420E+00, 1.589996E-04 
6.353743E+00, 5.976670E-05 
1.186496E+00, 5.319001E-04 
4.220811E+00, 1.916447E-04 
4.351373E+00, 1.701911E-04 
3.514791E+00, 2.811245E-04 
4.302469E+00, 1.656882E-04 
8.878074E+00, 4.210851E-06 
3.830564E+00, 1.849222E-04 
7.584563E+00, 3.727412E-05 
5.625711E+00, 7.524206E-05 
3.061667E+00, 2.135625E-04 
9.289041E+00, 1.534476E-06 
8.240766E+00, 5.467105E-06 
9.514490E+00, 2.278665E-06 
9.369832E+00, 1.953059E-06 
9.645643E+00, 2.070822E-06 
5.326223E+00, 1.207060E-04 
-2.704366E-02, 4.297767E-04 
8.255394E+00, 1.043704E-05 
9.117701E+00, 4.020561E-06 
7.732415E+00, 1.736175E-05 
9.776227E+00, 1.183682E-06 
6.191565E+00, 6.434208E-05 
4.069172E+00, 2.571591E-04 
2.172453E+00, 4.337334E-04 
2.973478E+00, 1.816296E-04 
3.191390E+00, 3.300207E-04 
8.823247E+00, 3.968748E-06 
9.391993E+00, 2.479545E-06 
2.441911E+00, 7.940492E-05 
1.993229E-01, 3.552824E-04 
8.186090E+00, 2.081261E-05 
-1.584466E-01, 9.636589E-04 
6.013974E+00, 6.435871E-05 
1.013006E+01, 7.672382E-07 
1.003026E+01, 1.596780E-06 
8.575703E-01, 4.334992E-04 
2.043471E+00, 2.525575E-04 
4.243971E+00, 1.975083E-04 
8.206411E+00, 1.249698E-05 
4.089980E+00, 3.093520E-04 
6.466913E+00, 9.010279E-06 
9.416322E+00, 2.646251E-06 
3.012374E+00, 3.765143E-04 
5.554935E+00, 7.793093E-05 
3.493887E+00, 3.877753E-04 
6.747843E-01, 3.200346E-04 
1.293212E+00, 5.121980E-04 
2.056338E+00, 2.790732E-04 
4.958239E+00, 9.391835E-05 
6.780837E+00, 2.265023E-05 
3.761603E-01, 7.017308E-04 
1.105199E-01, 9.636589E-04 
9.734506E+00, 8.133708E-07 
5.519476E+00, 7.131905E-05 
8.019954E+00, 1.726980E-05 
6.576213E+00, 2.367756E-05 
2.451942E+00, 2.611025E-04 
7.349586E-01, 3.688565E-04 
3.687229E+00, 2.108216E-04 
6.439604E-01, 2.341180E-04 
6.611667E+00, 3.999272E-05 
-6.653905E-02, 3.703649E-04 
5.666613E+00, 8.026015E-05 
9.929979E+00, 1.267250E-06 
9.137113E+00, 2.881485E-06 
3.981131E+00, 2.040408E-04 
2.323001E+00, 2.737631E-04 
5.364793E+00, 7.165246E-05 
8.652090E+00, 1.086497E-05 
6.040056E+00, 5.896278E-05 
4.752932E+00, 6.668137E-05 
4.881833E+00, 1.188529E-04 
2.119944E+00, 2.743620E-04 
7.210642E-01, 3.069868E-04 
4.976714E+00, 7.401439E-05 
5.781074E+00, 9.765619E-05 
7.557920E+00, 2.696448E-05 
7.593342E+00, 1.615913E-05 
9.090774E+00, 8.414291E-07 
1.383347E+00, 5.634226E-04 
7.358533E+00, 2.939105E-05 
8.228023E+00, 9.384895E-06 
6.843722E+00, 7.647716E-05 
9.509914E+00, 3.099454E-06 
2.839042E+00, 3.633753E-04 
7.543403E+00, 2.153044E-05 
2.577315E+00, 2.616521E-04 
3.921614E-01, 4.334992E-04 
2.313583E+00, 3.490319E-04 
8.275682E+00, 1.259678E-05 
5.994679E+00, 7.191406E-05 
1.873234E+00, 3.587655E-04 
6.469491E+00, 2.663744E-05 
6.564919E+00, 6.722710E-05 
3.909789E+00, 1.617352E-04 
1.649254E+00, 3.576086E-04 
5.307728E+00, 8.164732E-05 
9.309458E+00, 4.334402E-06 
6.883916E+00, 2.868016E-05 
8.663128E+00, 9.712815E-06 
6.481586E-02, 6.761611E-04 
1.675554E+00, 2.554008E-04 
1.628871E+00, 4.328106E-04 
8.046599E+00, 8.146040E-06 
5.037604E-01, 4.556216E-04 
7.892221E+00, 1.163455E-05 
8.344983E+00, 1.035110E-05 
3.362808E+00, 3.061829E-04 
5.578802E+00, 9.664349E-05 
4.884261E+00, 1.052037E-04 
3.274916E+00, 1.848452E-04 
4.040377E+00, 1.829811E-04 
5.580470E+00, 9.179087E-05 
5.272132E+00, 7.199688E-05 
8.107239E+00, 8.872843E-06 
8.187959E+00, 7.931275E-06 
7.394366E-01, 2.281816E-04 
6.211842E+00, 8.263417E-05 
3.752602E+00, 2.901790E-04 
9.942025E+00, 7.340676E-07 
7.209198E+00, 2.252583E-05 
7.752212E-01, 5.014836E-04 
2.972778E+00, 2.492087E-04 
1.474381E+00, 5.733040E-04 
1.460233E+00, 5.526707E-04 
8.774001E+00, 8.004134E-06 
1.958926E+00, 3.807316E-04 
7.310815E+00, 2.116056E-05 
8.130587E+00, 1.112442E-05 
7.164705E+00, 1.866079E-05 
8.993548E+00, 5.843006E-06 
7.122123E+00, 1.883374E-05 
3.276958E+00, 3.108490E-04 
4.246716E+00, 2.241544E-04 
7.490230E+00, 2.255747E-05 
3.630059E+00, 1.401013E-04 
7.247594E+00, 1.504894E-05 
9.371184E-01, 3.546890E-04 
5.411191E+00, 1.276649E-04 
4.495309E+00, 1.324580E-04 
3.835289E+00, 1.981480E-04 
9.249340E+00, 2.367827E-06 
4.805342E+00, 1.260145E-04 
2.086123E+00, 1.750330E-04 
8.253993E+00, 1.169564E-05 
8.342915E+00, 7.850773E-06 
2.374587E+00, 4.358414E-04 
8.017433E+00, 1.119634E-05 
5.431576E+00, 8.982090E-05 
4.684585E+00, 1.642511E-04 
1.014986E+01, 1.516928E-06 
5.638403E+00, 6.800306E-05 
7.936310E+00, 1.954061E-05 
3.855437E+00, 1.885589E-04 
2.713627E+00, 3.632592E-04 
6.593153E+00, 3.581311E-05 
9.593369E+00, 3.579004E-06 
9.463440E+00, 1.697596E-06 
7.157846E+00, 2.853246E-05 
6.066574E+00, 7.387981E-05 
1.336138E+00, 3.516410E-04 
-4.173922E-02, 4.577812E-04 
2.584002E+00, 3.587233E-04 
3.439188E+00, 2.058113E-04 
3.517159E+00, 3.516141E-04 
8.379245E-01, 4.639760E-04 
5.637185E+00, 9.207110E-05 
8.662128E+00, 3.993358E-06 
9.299757E+00, 2.939052E-06 
7.279252E+00, 1.257931E-05 
6.778452E+00, 6.446384E-05 
2.482711E-01, 9.636589E-04 
6.301114E+00, 5.951021E-05 
7.593911E+00, 2.217827E-05 
9.402714E+00, 2.289882E-06 
7.032443E+00, 2.098000E-05 
1.005738E+00, 3.860367E-04 
6.687987E+00, 4.161605E-05 
9.621187E+00, 1.211930E-06 
5.190370E+00, 1.058067E-04 
6.686772E+00, 3.529604E-05 
9.713273E+00, 1.528823E-06 
9.093466E+00, 5.219368E-06 
9.528677E+00, 3.272990E-06 
2.331644E+00, 2.431504E-04 
6.974885E+00, 2.949080E-05 
2.921817E+00, 2.654668E-04 
8.258779E+00, 8.865396E-06 
1.946477E+00, 3.100044E-04 
1.029207E+00, 3.983092E-04 
2.480910E+00, 2.918111E-04 
9.961251E+00, 1.043156E-06 
5.495964E+00, 1.079791E-04 
6.626902E+00, 3.202332E-05 
2.507071E+00, 1.670880E-04 
2.344507E+00, 4.565490E-04 
1.983989E+00, 2.062522E-04 
5.817954E+00, 1.088060E-04 
1.624610E+00, 3.902691E-04 
3.547222E+00, 2.436979E-04 
8.295361E-01, 3.550531E-04 
2.588781E+00, 2.730610E-04 
3.757532E+00, 1.966574E-04 
8.304123E+00, 1.408297E-05 
4.350163E+00, 2.127865E-04 
9.321142E-01, 3.224323E-04 
7.024594E+00, 3.571353E-05 
3.653967E+00, 4.928579E-05 
9.498269E+00, 1.372235E-06 
2.292931E+00, 3.568390E-04 
8.356195E+00, 6.420286E-06 
3.739044E+00, 2.249901E-04 
4.654734E-01, 3.479474E-04 
5.870028E+00, 5.641122E-05 
3.785046E+00, 1.690422E-04 
1.049319E+00, 2.641966E-04 
5.322530E+00, 8.026015E-05 
-4.043906E-01, 1.319421E-03 
4.562780E+00, 2.063036E-04 
8.983495E+00, 3.663997E-06 
5.863480E+00, 8.140964E-05 
8.783606E+00, 5.820534E-06 
4.119555E+00, 1.555865E-04 
2.321256E+00, 2.059783E-04 
7.555546E+00, 2.957273E-05 
5.785713E+00, 3.768946E-05 
1.047532E+00, 6.419012E-04 
7.286160E+00, 2.648059E-05 
9.355647E-01, 5.383019E-04 
5.029109E+00, 9.211170E-05 
1.851802E+00, 3.030792E-04 
7.644747E-01, 4.999620E-04 
2.712574E+00, 2.191005E-04 
6.954049E+00, 3.473703E-05 
9.947436E+00, 1.035807E-06 
6.785909E+00, 3.968401E-05 
1.398712E+00, 3.690174E-04 
6.528803E+00, 2.941730E-05 
8.193278E+00, 1.978437E-05 
5.733071E+00, 3.794906E-05 
6.456412E+00, 6.103948E-05 
1.007906E+01, 1.474887E-06 
3.693637E+00, 1.981301E-04 
5.197744E+00, 6.328789E-05 
7.350556E+00, 1.866079E-05 
9.614754E+00, 3.188818E-06 
1.512897E+00, 3.608679E-04 
3.149916E+00, 2.556803E-04 
6.704110E+00, 4.048598E-05 
4.946071E+00, 1.511031E-04 
6.936303E+00, 4.358850E-05 
9.419869E+00, 2.790359E-06 
2.683046E+00, 2.233985E-04 
2.962694E+00, 2.488379E-04 
1.202312E+00, 5.287010E-04 
1.813666E+00, 4.036786E-04 
5.402714E+00, 6.520349E-05 
8.769124E+00, 1.166799E-06 
2.524071E+00, 3.017890E-04 
7.716257E+00, 2.540051E-05 
1.595932E+00, 5.691573E-04 
7.672976E-01, 6.376537E-04 
8.086597E+00, 2.395826E-05 
2.906090E+00, 2.789327E-04 
5.766161E+00, 6.990948E-05 
7.156246E+00, 3.147486E-05 
3.782232E+00, 2.114223E-04 
1.186076E+00, 4.223016E-04 
1.188481E-01, 4.029636E-04 
9.030776E+00, 4.652898E-06 
9.882199E+00, 2.128945E-06 
2.107819E+00, 5.245132E-04 
8.213455E+00, 7.970787E-06 
8.783162E+00, 7.394443E-06 
3.835311E+00, 1.682338E-04 
6.439801E+00, 7.221429E-05 
6.422144E+00, 4.051531E-05 
7.168275E+00, 2.648059E-05 
1.840354E+00, 3.783922E-04 
3.946276E+00, 2.209111E-04 
9.579290E+00, 1.350426E-06 
7.008447E+00, 2.616166E-05 
8.825794E+00, 5.398931E-06 
5.745434E+00, 1.039725E-04 
4.949711E+00, 9.720040E-05 
5.144662E-01, 4.589249E-04 
3.917946E-01, 4.227209E-04 
2.965063E+00, 3.779890E-04 
5.485520E+00, 9.154375E-05 
4.767409E+00, 1.058448E-04 
8.691953E+00, 8.824663E-06 
5.152997E+00, 1.040889E-04 
4.142855E+00, 2.297764E-04 
1.567044E+00, 4.513813E-04 
9.146542E+00, 8.661441E-06 
2.785166E+00, 2.740038E-04 
9.230525E+00, 4.362665E-06 
-4.870841E-01, 1.314707E-02 
9.815889E+00, 1.086785E-06 
1.474462E+00, 2.681152E-04 
3.390216E+00, 3.336050E-04 
5.341105E+00, 6.229420E-05 
-1.413087E+00, 1.195950E-02 
3.205584E+00, 3.795135E-04 
9.381925E+00, 1.556865E-06 
3.022004E+00, 3.094879E-04 
3.627845E+00, 2.203747E-04 
8.181614E+00, 7.726880E-06 
5.830524E+00, 9.261963E-05 
8.479887E+00, 1.201345E-05 
5.703900E+00, 6.362345E-05 
6.313688E+00, 3.008627E-05 
6.077056E+00, 3.036330E-05 
1.439098E+00, 3.777673E-04 
3.806060E+00, 1.736566E-04 
2.888216E+00, 2.865755E-04 
8.484884E+00, 6.379968E-06 
4.921181E+00, 9.969930E-05 
2.303278E+00, 2.804912E-04 
1.141661E+00, 3.688565E-04 
9.043503E+00, 4.278020E-06 
2.174903E+00, 3.550016E-04 
3.265953E+00, 3.345039E-04 
3.060012E-01, 3.498730E-04 
7.737027E+00, 1.979237E-05 
3.985845E+00, 2.102706E-04 
2.338714E+00, 2.804749E-04 
3.993075E+00, 3.309403E-04 
6.905091E-01, 3.498730E-04 
6.738022E+00, 3.406852E-05 
4.535847E+00, 1.008624E-04 
1.847575E+00, 2.657713E-04 
5.820267E+00, 5.062265E-05 
3.997032E+00, 1.649507E-04 
2.381482E+00, 2.317733E-04 
4.383623E+00, 1.178043E-04 
7.910249E+00, 1.722064E-05 
3.395317E+00, 2.884833E-04 
9.479730E+00, 2.816544E-06 
7.643145E+00, 1.055765E-05 
4.044360E+00, 1.427996E-04 
3.089981E+00, 2.601295E-04 
3.071716E+00, 2.512241E-04 
1.097143E+00, 3.876655E-04 
5.205457E+00, 7.288641E-05 
7.617413E-01, 4.354980E-04 
1.983884E+00, 2.166190E-04 
2.166627E+00, 2.583388E-04 
3.164717E+00, 2.864927E-04 
8.339568E+00, 6.550637E-06 
4.351769E-01, 7.027444E-04 
8.000354E+00, 1.457617E-05 
8.366634E+00, 7.835675E-06 
8.884239E+00, 5.653891E-06 
6.026251E+00, 8.208335E-05 
1.191392E+00, 3.775484E-04 
2.473826E+00, 2.817826E-04 
6.277270E+00, 3.202332E-05 
4.649511E+00, 2.092374E-04 
5.677951E+00, 7.264487E-05 
5.321406E+00, 6.524309E-05 
2.982127E+00, 2.667308E-04 
9.879691E+00, 9.817033E-07 
6.439555E-01, 3.709242E-04 
4.075787E+00, 1.163770E-04 
9.221586E+00, 5.771121E-06 
4.743398E+00, 8.137999E-05 
5.424365E+00, 9.004338E-05 
1.030161E+00, 3.919034E-04 
5.362513E+00, 6.408442E-05 
3.601457E+00, 1.707655E-04 
8.129166E+00, 9.043530E-06 
1.150041E+00, 3.262225E-04 
8.494982E+00, 9.443104E-06 
3.625577E-01, 4.358884E-04 
1.552418E+00, 3.042182E-04 
2.558502E+00, 3.069466E-04 
2.726000E+00, 4.258447E-04 
4.127956E+00, 2.318114E-04 
1.211654E+00, 1.871215E-05 
5.168122E+00, 1.200949E-04 
6.787752E+00, 2.362856E-05 
3.722160E+00, 2.650226E-04 
1.039975E+00, 4.543261E-04 
2.584010E+00, 2.903442E-04 
1.991567E+00, 2.127408E-04 
5.602515E+00, 1.660835E-04 
8.427568E+00, 1.290876E-05 
4.774366E+00, 1.346306E-04 
1.314096E+00, 5.495127E-04 
2.676966E+00, 2.414043E-04 
4.726215E-01, 3.152214E-04 
6.351483E+00, 6.194273E-05 
9.577816E+00, 2.721546E-06 
9.469363E+00, 2.716243E-06 
4.315418E+00, 2.099081E-04 
3.237693E+00, 2.362123E-05 
7.490673E+00, 1.726702E-05 
8.460616E+00, 7.062415E-06 
1.055430E+00, 6.929624E-04 
3.480757E+00, 3.220957E-04 
4.544483E-02, 6.116487E-03 
6.441679E+00, 2.343987E-05 
7.146766E+00, 2.157316E-05 
8.833459E+00, 4.095522E-06 
8.788092E-02, 3.279446E-04 
-1.554470E+00, 2.112955E-02 
1.383932E+00, 6.272584E-04 
7.101063E+00, 2.198344E-05 
8.788888E+00, 7.472967E-06 
4.581075E+00, 1.021951E-04 
6.997687E+00, 3.692456E-05 
4.992942E+00, 8.160135E-05 
7.332521E+00, 2.038574E-05 
8.983780E+00, 3.757217E-06 
6.067445E+00, 6.524309E-05 
5.231439E+00, 9.702258E-05 
1.076979E-01, 4.840030E-04 
4.499412E+00, 2.165954E-04 
5.347901E-01, 7.035376E-04 
7.031652E+00, 1.675012E-05 
8.569675E+00, 1.080251E-05 
2.631460E+00, 3.610826E-04 
3.735450E+00, 1.510269E-04 
1.909340E+00, 4.869594E-04 
4.290762E+00, 1.318374E-04 
2.092925E+00, 2.865755E-04 
3.761679E+00, 1.733425E-04 
4.948072E+00, 1.196456E-04 
6.989159E+00, 1.096442E-05 
7.794239E+00, 1.968943E-05 
7.532996E+00, 2.090021E-05 
2.913989E+00, 1.174266E-04 
3.700196E+00, 1.846995E-04 
3.937958E+00, 2.121091E-04 
9.663652E+00, 1.152179E-06 
2.833144E+00, 1.911112E-04 
9.522650E+00, 3.920479E-06 
9.075459E+00, 5.489247E-06 
6.472896E+00, 6.250353E-05 
-1.129646E+00, 1.672535E-02 
3.225509E+00, 2.687718E-04 
8.191315E-01, 5.987645E-04 
8.300367E+00, 7.626197E-06 
5.232288E+00, 1.163099E-04 
1.032773E+00, 4.864344E-04 
3.674662E+00, 2.234904E-04 
9.786347E+00, 2.261397E-06 
1.041629E+01, 3.489079E-06 
3.229990E+00, 2.525025E-04 
9.363825E+00, 9.802063E-07 
4.025103E+00, 1.554912E-04 
3.158577E+00, 2.073420E-04 
6.811042E+00, 3.195424E-05 
7.844072E+00, 1.819158E-05 
2.111370E+00, 2.501341E-04 
9.655000E+00, 1.744539E-06 
1.737855E+00, 3.428614E-04 
2.920533E+00, 2.486940E-04 
8.204357E+00, 1.373214E-05 
4.822180E+00, 9.723651E-05 
2.286841E+00, 3.469304E-04 
7.034736E-01, 4.499599E-04 
7.501628E+00, 2.270034E-05 
3.931615E+00, 1.195087E-04 
2.822434E+00, 2.360394E-04 
6.193775E+00, 6.326706E-05 
7.264542E+00, 1.039168E-05 
4.411744E+00, 9.804956E-05 
5.928607E+00, 4.748162E-05 
3.557104E+00, 3.595594E-04 
9.019436E+00, 3.516198E-06 
4.887534E+00, 9.606617E-05 
5.896008E+00, 4.218127E-05 
1.437236E+00, 4.458373E-04 
9.165909E-01, 2.580371E-04 
2.706563E+00, 3.494157E-04 
5.080461E-02, 1.981182E-04 
4.876736E+00, 1.089043E-04 
6.763813E+00, 1.867698E-05 
2.981570E+00, 3.561756E-04 
3.359304E+00, 3.519366E-04 
6.568050E+00, 2.887841E-05 
6.532193E-01, 5.492234E-04 
8.212895E+00, 7.472967E-06 
4.030058E+00, 3.357052E-04 
4.476995E+00, 7.274630E-05 
9.721745E+00, 7.734874E-07 
2.240469E+00, 2.224908E-04 
5.889215E+00, 5.368115E-05 
8.718329E+00, 7.113808E-06 
5.842972E+00, 1.058877E-04 
1.398536E+00, 5.256299E-04 
4.784734E+00, 8.613037E-05 
5.039238E+00, 6.971735E-05 
4.158785E-01, 2.800138E-04 
1.079032E+00, 6.943083E-04 
9.850912E-01, 3.584264E-04 
2.950186E+00, 1.453261E-04 
9.504422E+00, 1.941350E-06 
8.492362E+00, 4.931307E-06 
7.068269E+00, 4.354464E-05 
9.991061E+00, 9.140707E-07 
6.100971E+00, 5.541484E-05 
6.759033E+00, 4.817500E-05 
1.455506E+00, 3.631764E-04 
3.579054E+00, 1.867650E-04 
1.833708E+00, 4.589051E-04 
6.962201E+00, 2.184683E-05 
5.728229E-02, 3.281288E-04 
8.643046E-01, 3.467563E-04 
7.541876E+00, 2.684802E-05 
3.859236E+00, 2.057120E-04 
7.442823E+00, 3.886682E-05 
4.181818E+00, 1.303468E-04 
5.988719E+00, 7.131983E-05 
3.317554E-01, 3.147451E-04 
7.744661E+00, 1.490631E-05 
6.064692E+00, 7.960565E-05 
1.004107E+01, 1.506477E-06 
1.977434E+00, 4.749326E-04 
9.321602E+00, 3.510869E-06 
3.108498E-01, 4.840030E-04 
2.718058E+00, 2.157922E-04 
1.573110E+00, 3.973552E-04 
1.246794E+00, 2.751591E-04 
1.021867E+01, 1.233447E-06 
3.161067E+00, 1.209122E-04 
9.612207E-01, 4.324175E-04 
8.234648E+00, 7.236839E-06 
3.261366E+00, 2.755191E-04 
8.752875E+00, 8.942330E-06 
9.475134E+00, 1.897720E-06 
2.790027E+00, 3.120430E-04 
1.564028E+00, 3.138203E-04 
1.001734E+01, 9.404006E-07 
4.451103E+00, 1.851409E-04 
6.578454E+00, 3.524630E-05 
3.869413E+00, 1.956143E-04 
8.653822E+00, 6.095125E-06 
2.213097E-01, 5.114438E-04 
5.349008E+00, 1.093242E-04 
7.017681E+00, 2.461521E-05 
1.023541E+01, 1.638429E-06 
7.274001E-01, 5.842811E-04 
2.835509E+00, 3.525307E-04 
8.660526E+00, 5.776958E-06 
1.011694E+00, 5.793578E-04 
3.374668E+00, 2.260423E-04 
5.348555E+00, 9.724204E-05 
8.086472E-01, 3.581953E-04 
9.372367E+00, 2.071613E-06 
2.995413E+00, 2.704495E-04 
4.563326E+00, 6.326680E-05 
7.971544E+00, 1.046707E-05 
5.706387E+00, 5.656642E-05 
2.522496E+00, 3.824764E-04 
7.978940E+00, 1.390182E-05 
5.242148E+00, 6.135805E-05 
6.856927E+00, 2.503683E-05 
8.082767E+00, 1.055765E-05 
8.736075E+00, 7.111208E-06 
5.070450E+00, 1.414854E-04 
1.788246E+00, 3.353925E-04 
5.983129E+00, 7.494951E-05 
6.682729E+00, 4.040101E-05 
7.509761E+00, 2.915436E-05 
3.115065E+00, 2.178909E-04 
2.248388E+00, 2.687258E-04 
5.777345E+00, 6.918940E-05 
2.941054E+00, 1.812590E-04 
3.362343E+00, 3.571650E-04 
3.472629E+00, 4.168491E-04 
6.927096E+00, 2.095381E-05 
2.365564E+00, 2.166071E-04 
7.542931E-01, 8.261821E-04 
2.520562E+00, 2.270801E-04 
7.260144E+00, 2.116056E-05 
9.170988E+00, 8.356695E-06 
8.060082E+00, 9.954848E-06 
7.708434E+00, 1.535465E-05 
8.372658E+00, 6.445073E-06 
3.367394E+00, 2.967198E-04 
8.825180E+00, 4.087526E-06 
6.709291E+00, 2.588287E-05 
5.776994E-01, 2.613538E-04 
1.849538E+00, 2.913842E-04 
3.656708E+00, 2.994279E-04 
7.851053E+00, 3.163608E-05 
3.241083E+00, 3.619944E-04 
6.188654E+00, 5.578406E-05 
7.241612E+00, 2.143798E-05 
3.959977E-01, 7.900296E-04 
5.516661E+00, 1.134317E-04 
7.496401E+00, 3.222590E-05 
1.554368E+00, 4.237969E-04 
5.487238E+00, 5.693463E-05 
9.073577E+00, 2.949773E-06 
4.394417E+00, 1.284487E-04 
6.478925E+00, 3.107615E-05 
9.898652E+00, 7.987228E-07 
1.079974E+00, 2.856284E-04 
3.239917E+00, 2.609756E-04 
5.714413E+00, 4.243825E-05 
4.786193E+00, 6.743532E-05 
3.404292E+00, 2.037626E-04 
6.813957E+00, 4.313828E-05 
2.387716E+00, 3.579307E-04 
7.940531E+00, 1.508026E-05 
3.890493E+00, 1.988094E-04 
1.083302E+01, 1.238459E-06 
4.346235E+00, 1.589277E-04 
9.962084E+00, 1.626750E-06 
7.119234E-01, 2.617113E-04 
8.789586E+00, 5.010232E-06 
9.630949E+00, 2.269248E-06 
5.419780E+00, 5.965465E-05 
5.181523E+00, 1.128564E-04 
1.758185E+00, 4.751072E-04 
1.942533E+00, 4.727947E-04 
7.853640E+00, 1.099040E-05 
7.503146E+00, 2.192069E-05 
7.992510E+00, 8.351920E-06 
5.377476E+00, 9.042423E-05 
5.884717E+00, 4.032188E-05 
2.361901E+00, 4.898111E-04 
8.401323E+00, 7.749840E-06 
7.228062E+00, 2.875586E-05 
9.884266E+00, 2.338626E-06 
9.902126E+00, 8.335438E-07 
8.454301E-01, 3.420202E-04 
6.745067E+00, 2.588988E-05 
5.027317E+00, 9.770416E-05 
7.917012E+00, 1.513306E-05 
2.890315E+00, 3.144412E-04 
3.933090E-01, 4.814030E-04 
6.795723E+00, 3.369598E-05 
7.179838E+00, 2.117086E-05 
2.325101E+00, 5.240807E-04 
1.396739E+00, 3.651258E-04 
9.557743E+00, 3.205722E-06 
8.752695E+00, 6.024930E-06 
6.776910E+00, 5.431678E-05 
1.860975E+00, 4.396991E-04 
3.635759E+00, 2.785160E-04 
4.637269E+00, 1.405039E-04 
7.332575E+00, 1.862324E-05 
8.459814E-01, 3.843606E-04 
6.036377E+00, 8.885121E-05 
4.617958E+00, 1.281688E-04 
9.615428E+00, 1.840027E-06 
5.104527E+00, 1.349428E-04 
8.274859E+00, 1.157641E-05 
7.627051E+00, 2.048146E-05 
7.979457E+00, 1.477493E-05 
6.233652E-01, 3.979573E-04 
1.306599E+00, 5.056717E-04 
9.515033E+00, 1.474887E-06 
9.497338E+00, 4.165794E-06 
3.433217E+00, 2.982877E-04 
3.990755E+00, 2.437661E-04 
9.228357E+00, 2.815385E-06 
9.552699E+00, 2.225017E-06 
7.692123E+00, 2.589371E-05 
1.433224E+00, 3.631764E-04 
5.052333E+00, 6.430849E-05 
4.644611E+00, 1.873493E-04 
9.268613E+00, 5.185918E-06 
3.752660E+00, 1.523495E-04 
1.110506E+00, 3.760194E-04 
4.417683E+00, 2.037098E-04 
2.461326E+00, 1.812590E-04 
8.291202E+00, 6.532748E-06 
1.271061E+00, 5.485915E-04 
8.787260E-01, 4.435178E-04 
4.966276E+00, 7.896172E-05 
3.729191E+00, 1.411567E-04 
1.648155E+00, 5.951098E-04 
8.256677E+00, 1.530052E-05 
5.999621E+00, 8.131981E-05 
1.313441E+00, 4.856780E-04 
1.891551E+00, 4.589248E-04 
1.915670E+00, 2.317733E-04 
6.624632E+00, 2.130176E-05 
8.907231E+00, 6.923133E-06 
5.857395E+00, 8.472455E-05 
1.727436E+00, 5.286771E-04 
9.443813E+00, 2.287330E-06 
9.442697E+00, 1.682712E-06 
7.560417E-02, 4.722285E-04 
6.874653E+00, 2.896337E-05 
3.611521E-01, 3.476248E-04 
8.285835E+00, 1.535465E-05 
5.399989E+00, 1.063770E-04 
1.244469E+00, 2.686917E-04 
8.748485E+00, 5.163936E-06 
1.107051E+00, 4.604860E-04 
4.218576E+00, 1.118021E-04 
2.786322E+00, 3.627116E-04 
8.579291E+00, 9.410839E-06 
5.599315E+00, 8.637990E-05 
5.944928E+00, 8.131527E-05 
5.007647E+00, 9.496304E-05 
5.446680E+00, 1.092955E-04 
2.997025E+00, 2.734511E-04 
4.008528E+00, 1.547328E-04 
5.131931E+00, 9.565218E-05 
9.456345E+00, 2.602503E-06 
1.738970E+00, 6.096343E-04 
8.479735E+00, 5.973245E-06 
8.774082E+00, 5.573638E-06 
6.004466E+00, 5.903283E-05 
2.580375E+00, 3.140177E-04 
9.545480E+00, 2.265447E-06 
8.523713E+00, 5.973245E-06 
-2.246415E+00, 1.564942E-02 
5.260245E+00, 1.012814E-04 
3.678517E+00, 7.363408E-05 
4.394018E+00, 2.105674E-04 
1.311281E+00, 3.450506E-04 
6.610424E+00, 4.459057E-05 
9.424640E+00, 2.145373E-06 
8.526503E+00, 7.475443E-06 
9.828914E+00, 7.734874E-07 
5.412770E+00, 1.093903E-04 
9.187621E+00, 3.898781E-06 
9.294964E+00, 4.626109E-06 
1.410279E+00, 3.061929E-04 
1.026759E+01, 1.290634E-06 
1.124708E+00, 7.255304E-04 
4.192410E+00, 1.137095E-04 
4.990622E+00, 1.452629E-04 
4.624731E+00, 8.994454E-05 
3.846383E+00, 2.565085E-04 
2.285162E+00, 4.042956E-04 
9.275312E+00, 2.939052E-06 
8.787231E+00, 8.809446E-06 
6.960890E+00, 6.745242E-05 
9.514270E+00, 2.432090E-06 
2.358236E+00, 2.243444E-04 
8.245343E-01, 2.577596E-04 
5.941640E-01, 3.209194E-04 
5.000402E+00, 1.902723E-04 
6.236366E+00, 6.935355E-05 
9.958252E+00, 1.064473E-06 
9.630042E-01, 3.973552E-04 
4.670209E+00, 1.158328E-04 
7.867962E+00, 1.087898E-05 
6.201741E+00, 7.659300E-05 
3.569801E+00, 1.373996E-04 
5.290881E+00, 6.408442E-05 
4.901371E+00, 6.784153E-05 
1.951425E+00, 2.260086E-04 
8.899388E+00, 3.716934E-06 
3.026024E+00, 2.967885E-04 
4.659400E+00, 1.042384E-04 
3.245022E+00, 3.350201E-04 
1.490723E+00, 4.236774E-04 
4.526945E+00, 8.563753E-05 
6.382752E+00, 4.621951E-05 
9.102471E-02, 9.636589E-04 
2.167590E+00, 2.090425E-04 
4.635253E+00, 1.055421E-04 
2.628126E+00, 3.350658E-04 
1.236850E+00, 4.647864E-04 
1.518701E+00, 2.954541E-04 
9.841241E+00, 1.260541E-06 
4.136575E+00, 1.505145E-04 
3.652781E+00, 1.647479E-04 
6.408644E+00, 4.247500E-05 
-6.208766E-02, 7.460918E-04 
1.079307E+00, 2.334766E-04 
7.463620E+00, 1.651178E-05 
1.083454E+00, 3.356845E-04 
7.902850E-01, 4.283355E-04 
9.915289E+00, 2.891471E-06 
2.213463E-01, 3.071546E-04 
9.676806E-01, 4.209214E-04 
8.738434E+00, 5.484274E-06 
5.399301E+00, 4.775831E-05 
8.764574E+00, 1.406378E-05 
6.348454E+00, 8.579158E-05 
8.333329E+00, 1.213950E-05 
5.798600E+00, 4.934116E-05 
9.019386E+00, 5.234607E-06 
6.913356E+00, 2.145048E-05 
3.050573E+00, 2.583072E-04 
3.195870E+00, 1.971431E-04 
-8.342524E-01, 1.041342E-02 
5.405082E+00, 7.391758E-05 
2.207913E+00, 5.139093E-04 
8.487739E+00, 6.986515E-06 
6.624401E+00, 5.315294E-05 
2.954484E+00, 4.008750E-04 
6.953958E+00, 5.448532E-05 
2.276206E+00, 3.734113E-04 
6.342272E+00, 3.650767E-05 
4.980713E+00, 6.807088E-05 
1.002550E+01, 1.372235E-06 
2.167707E+00, 2.581783E-04 
1.430018E+00, 5.192989E-04 
1.888976E-01, 6.013616E-04 
1.836239E+00, 4.570522E-04 
6.145773E+00, 4.949395E-05 
9.327572E+00, 3.580936E-06 
4.811498E+00, 1.411383E-04 
1.698288E+00, 4.496511E-04 
6.202617E+00, 7.123519E-05 
6.162266E+00, 5.030933E-05 
5.764261E-02, 2.927807E-04 
7.583210E-01, 3.820167E-04 
2.487797E+00, 2.742179E-04 
8.258359E+00, 8.512324E-06 
6.326924E+00, 7.770910E-05 
8.723230E+00, 8.421777E-06 
1.702840E+00, 4.059725E-04 
1.222734E+00, 3.890187E-04 
8.516444E+00, 6.358497E-06 
5.580210E+00, 8.295291E-05 
3.180106E+00, 2.161463E-04 
4.331269E+00, 1.244957E-04 
5.582839E+00, 6.727592E-05 
4.170938E+00, 1.180730E-04 
2.340136E+00, 2.590434E-04 
7.092363E+00, 2.582203E-05 
9.385807E+00, 3.746356E-06 
8.648982E+00, 8.515537E-06 
1.038693E+00, 3.765196E-04 
3.476112E+00, 2.161798E-04 
8.328922E+00, 7.982456E-06 
7.288295E+00, 2.676313E-05 
6.941384E-01, 5.831097E-04 
9.167374E+00, 3.419494E-06 
8.813426E+00, 4.961084E-06 
3.031795E+00, 3.038649E-04 
1.871336E+00, 3.691188E-04 
7.538447E+00, 3.602804E-05 
3.550486E+00, 1.943838E-04 
1.958216E+00, 4.264074E-04 
8.942309E+00, 7.287048E-06 
6.140002E+00, 7.823715E-05 
9.126923E+00, 2.794317E-06 
4.315892E+00, 1.635243E-04 
2.767005E+00, 1.951306E-04 
6.373280E+00, 5.505298E-05 
7.981515E+00, 2.243689E-05 
1.014995E+01, 8.995436E-07 
5.142078E+00, 1.091612E-04 
4.273211E+00, 1.367633E-04 
8.594738E+00, 5.659057E-06 
1.700689E+00, 4.470776E-04 
9.730287E+00, 1.552293E-06 
5.001955E+00, 1.387451E-04 
9.753145E+00, 2.290612E-06 
1.014411E+00, 4.279078E-04 
9.161217E+00, 3.828086E-06 
2.473763E-01, 4.610969E-04 
9.848615E+00, 2.145373E-06 
6.888285E+00, 2.162290E-05 
2.928964E+00, 3.687162E-04 
9.484446E+00, 4.097028E-06 
8.816642E+00, 2.840786E-06 
8.983424E+00, 6.428885E-06 
8.736530E+00, 7.844875E-06 
3.848284E+00, 1.846995E-04 
4.172942E+00, 1.118021E-04 
6.206725E+00, 2.937903E-05 
9.286512E+00, 2.615736E-06 
9.859190E+00, 1.602342E-06 
3.331709E+00, 2.362123E-05 
7.468288E+00, 1.680397E-05 
5.850613E-01, 2.993945E-04 
3.375384E-01, 6.943083E-04 
5.208061E+00, 6.430849E-05 
3.170230E+00, 3.227590E-04 
1.528581E+00, 5.751434E-04 
4.109202E+00, 1.330730E-04 
1.795918E+00, 2.223029E-04 
3.577379E+00, 2.606160E-04 
9.473880E+00, 1.626750E-06 
9.976356E+00, 1.043156E-06 
4.908366E+00, 7.375017E-05 
8.480920E+00, 5.318279E-06 
2.746380E+00, 2.026116E-04 
6.557235E+00, 3.256012E-05 
5.719927E+00, 3.837752E-05 
7.885179E-01, 5.330929E-04 
4.674623E+00, 1.207913E-04 
2.265598E+00, 2.740752E-04 
4.369129E+00, 1.556742E-04 
2.955569E+00, 2.864790E-04 
2.633987E+00, 5.135739E-04 
2.541348E-01, 5.246589E-04 
6.660055E-01, 4.264247E-04 
4.008539E+00, 9.761738E-05 
2.372050E+00, 4.737704E-04 
6.446738E+00, 7.501169E-05 
2.387697E+00, 1.968734E-04 
2.090199E-01, 8.059272E-04 
4.468948E+00, 1.239328E-04 
7.246059E+00, 3.039078E-05 
2.681574E+00, 2.979967E-04 
7.994655E+00, 1.349670E-05 
1.835662E+00, 3.057315E-04 
1.945746E+00, 3.677978E-04 
2.959562E+00, 3.418493E-04 
3.490792E+00, 2.087921E-04 
5.504485E+00, 7.852583E-05 
5.985458E+00, 3.303350E-05 
9.030124E+00, 5.143293E-06 
7.825201E+00, 2.010768E-05 
5.767033E+00, 7.222384E-05 
8.333874E+00, 2.103637E-05 
5.978332E+00, 5.131420E-05 
2.889863E-01, 3.962363E-04 
6.880035E+00, 5.012193E-05 
4.227298E+00, 1.125928E-04 
1.048644E+01, 2.186943E-06 
7.735995E+00, 1.741504E-05 
3.459259E+00, 2.086973E-04 
5.144300E+00, 5.844518E-05 
2.685446E+00, 3.282191E-04 
3.484500E+00, 2.192273E-04 
4.476050E+00, 2.376805E-04 
1.256253E+00, 2.942692E-04 
9.989130E+00, 1.119589E-06 
2.693835E+00, 4.613359E-04 
-4.470439E-01, 1.715676E-02 
8.845367E+00, 8.223759E-06 
1.701441E+00, 2.979059E-04 
8.448365E+00, 5.234607E-06 
4.561246E+00, 9.077500E-05 
6.037247E+00, 7.017681E-05 
2.426717E+00, 3.080362E-04 
4.160570E-01, 3.480190E-04 
6.069927E+00, 7.370696E-05 
5.263255E+00, 1.070039E-04 
4.499721E+00, 1.555865E-04 
4.399624E+00, 1.100196E-04 
2.462439E+00, 4.699785E-04 
1.000416E+01, 1.152179E-06 
3.373041E+00, 2.471527E-04 
1.278612E+00, 4.770547E-04 
5.736091E+00, 5.510242E-05 
1.687206E+00, 2.488674E-04 
3.278387E+00, 2.734399E-04 
2.002149E+00, 5.144771E-04 
1.607246E+00, 3.392168E-04 
-6.013118E+00, 1.498325E-02 
9.526477E+00, 2.733267E-06 
9.317057E-01, 3.574116E-04 
3.642182E+00, 2.229565E-04 
1.008922E+00, 4.443168E-04 
2.120364E+00, 2.896196E-04 
9.101387E+00, 4.787187E-06 
9.423292E+00, 1.882037E-06 
7.815292E+00, 1.420133E-05 
5.152241E+00, 1.239002E-04 
5.218714E+00, 9.480032E-05 
8.263958E+00, 1.448666E-05 
5.688506E+00, 1.001330E-04 
7.010960E+00, 2.237868E-05 
4.968763E+00, 5.729230E-05 
6.205573E+00, 1.088618E-04 
6.646356E+00, 2.304239E-05 
2.385157E+00, 2.551935E-04 
2.425494E+00, 2.826705E-04 
4.757422E+00, 1.213553E-04 
9.639649E+00, 1.807259E-06 
6.141923E+00, 1.018514E-04 
3.848502E+00, 1.601791E-04 
5.123827E+00, 7.914572E-05 
6.580800E+00, 6.627297E-05 
7.440709E+00, 2.076361E-05 
2.563342E+00, 2.082211E-04 
2.513684E+00, 4.854632E-04 
7.842727E+00, 1.313297E-05 
9.251025E+00, 3.638442E-06 
8.481233E+00, 6.550637E-06 
3.568160E+00, 2.760566E-04 
2.053599E+00, 3.718104E-04 
5.867169E+00, 5.418198E-05 
1.789537E+00, 2.804749E-04 
3.927799E+00, 1.806030E-04 
1.225760E+00, 2.953354E-04 
7.047758E+00, 2.422996E-05 
6.220629E+00, 6.695889E-05 
9.315797E+00, 4.517554E-06 
5.745859E+00, 9.471953E-05 
1.786127E+00, 2.199342E-04 
8.839041E+00, 8.724081E-06 
2.722010E+00, 4.502401E-04 
5.115405E+00, 8.717496E-05 
5.204023E+00, 7.876868E-05 
6.555928E+00, 5.854303E-05 
5.686215E+00, 9.813329E-05 
9.050558E+00, 5.456863E-06 
8.464847E+00, 7.475443E-06 
5.115671E+00, 1.051263E-04 
9.536834E+00, 9.950519E-07 
6.127614E+00, 4.718634E-05 
8.724091E+00, 6.394482E-06 
5.084091E+00, 6.312770E-05 
9.933413E-01, 4.640862E-04 
1.698097E+00, 2.320540E-04 
2.352455E+00, 4.107738E-04 
7.884466E+00, 2.642070E-05 
1.103870E+01, 8.537212E-07 
5.770457E+00, 7.896172E-05 
6.659012E+00, 3.996985E-05 
7.236083E+00, 1.228246E-05 
7.484547E+00, 2.553260E-05 
8.804895E-01, 3.489353E-04 
1.254422E+00, 4.057835E-04 
9.429715E+00, 8.840519E-07 
5.380827E+00, 1.293963E-04 
9.913966E+00, 1.911897E-06 
5.650533E+00, 1.184024E-04 
1.826249E+00, 6.330237E-04 
3.288991E+00, 1.351442E-04 
7.099292E+00, 4.819397E-05 
5.281110E-01, 8.526741E-04 
2.813464E+00, 3.658813E-04 
1.910791E+00, 3.693247E-04 
4.995698E+00, 1.208824E-04 
6.048601E+00, 8.000092E-05 
9.267404E+00, 2.779526E-06 
6.483908E+00, 1.802056E-05 
6.435152E+00, 3.492718E-05 
2.244604E+00, 3.135586E-04 
9.637359E+00, 2.733267E-06 
9.411496E+00, 2.654331E-06 
1.309694E+00, 4.429067E-04 
5.645964E+00, 1.848559E-04 
7.902754E+00, 1.260648E-05 
3.990686E+00, 2.392796E-04 
2.731325E+00, 2.890616E-04 
9.536549E+00, 1.490072E-06 
7.181983E+00, 3.505173E-05 
2.644362E-01, 3.508534E-04 
9.301617E+00, 2.173570E-06 
5.746251E+00, 8.397917E-05 
3.897448E+00, 1.505145E-04 
4.653419E+00, 6.135805E-05 
3.969313E+00, 2.092700E-04 
9.065669E+00, 6.992801E-06 
3.123082E+00, 2.244622E-04 
3.197793E+00, 4.656787E-04 
6.015624E+00, 5.253737E-05 
7.497646E-01, 5.949206E-04 
7.857920E+00, 1.477123E-05 
2.870285E+00, 5.022558E-04 
5.652148E+00, 9.456519E-05 
3.259216E+00, 3.400802E-04 
3.025158E+00, 2.086743E-04 
6.461791E+00, 5.886681E-05 
7.211714E+00, 2.359015E-05 
3.230915E+00, 2.890158E-04 
7.493190E+00, 3.165089E-05 
7.822276E+00, 2.464495E-05 
7.947213E-01, 3.116882E-04 
6.567375E+00, 6.299548E-05 
3.573684E+00, 2.849337E-04 
1.088074E+00, 6.254035E-04 
3.111084E-01, 5.993338E-04 
3.688849E+00, 1.713336E-04 
6.221077E-01, 4.354980E-04 
5.418012E+00, 4.821396E-05 
3.063878E+00, 1.547207E-04 
6.365092E+00, 4.949395E-05 
7.693502E+00, 1.484220E-05 
9.115355E+00, 3.341811E-06 
4.063819E+00, 1.237707E-04 
6.685645E+00, 8.824881E-05 
4.209267E+00, 1.079842E-04 
2.423866E+00, 4.333950E-04 
2.434283E+00, 3.234258E-04 
1.330499E+00, 4.984355E-04 
1.500586E+00, 4.485516E-04 
6.410295E+00, 3.571353E-05 
1.920514E-01, 7.465222E-04 
8.186871E+00, 6.946755E-06 
6.049742E+00, 5.993855E-05 
9.660728E+00, 1.534467E-06 
2.748551E+00, 2.923615E-04 
7.367910E+00, 3.435753E-05 
9.967094E+00, 9.950519E-07 
7.209092E+00, 1.594182E-05 
2.531306E+00, 2.233985E-04 
7.703052E+00, 3.538821E-05 
6.459980E+00, 4.410461E-05 
3.010495E+00, 4.059333E-04 
7.641282E+00, 3.044603E-05 
3.556928E+00, 2.895483E-04 
3.400512E-01, 5.912262E-04 
2.034865E+00, 3.171492E-04 
1.690016E+00, 2.824990E-04 
7.272082E+00, 2.776455E-05 
9.914483E+00, 1.911897E-06 
5.818436E+00, 5.368115E-05 
8.159263E+00, 6.206126E-06 
1.166167E+01, 7.043686E-07 
8.958160E+00, 3.781092E-06 
6.927692E+00, 3.005686E-05 
5.291273E-01, 3.308757E-04 
3.548049E+00, 1.782693E-04 
1.086570E-01, 5.961050E-04 
7.820396E+00, 2.503475E-05 
7.084497E+00, 2.614037E-05 
1.106339E+00, 3.498495E-04 
9.139659E-01, 8.418428E-04 
1.670026E+00, 4.639522E-04 
2.437745E+00, 2.953520E-04 
4.991929E+00, 7.305710E-05 
1.095154E+00, 2.211684E-04 
9.498811E+00, 1.739566E-06 
9.037289E+00, 4.756494E-06 
5.129759E+00, 7.793093E-05 
9.613032E+00, 1.735162E-06 
4.292645E+00, 1.843372E-04 
5.366431E+00, 8.490215E-05 
8.760016E-01, 4.209214E-04 
2.691784E+00, 3.871194E-04 
1.656299E+00, 4.156544E-04 
5.042387E+00, 6.856148E-05 
6.381372E-01, 3.855711E-04 
1.046997E+01, 7.179260E-07 
1.341814E+00, 5.962411E-04 
5.383338E+00, 7.866486E-05 
8.064815E+00, 7.547634E-06 
3.274335E+00, 3.595594E-04 
1.912318E+00, 4.092199E-04 
7.284018E+00, 2.395281E-05 
1.564641E+00, 4.433591E-04 
1.018211E+01, 8.826152E-07 
7.259209E+00, 2.915436E-05 
4.770190E+00, 1.748593E-04 
3.615090E+00, 1.723902E-04 
5.663331E+00, 7.387981E-05 
8.056574E+00, 2.276961E-05 
4.019624E+00, 2.486191E-04 
5.574348E+00, 8.867260E-05 
1.531249E+00, 5.504588E-04 
3.215092E+00, 2.365394E-04 
3.116814E+00, 2.006253E-04 
2.190036E+00, 2.688927E-04 
8.676368E-01, 3.779415E-04 
4.871798E+00, 6.795446E-05 
5.110467E+00, 1.165191E-04 
5.149066E+00, 1.001495E-04 
5.200047E+00, 6.547553E-05 
5.731623E+00, 6.229420E-05 
4.437307E+00, 2.287665E-04 
4.523184E+00, 1.764278E-04 
9.894556E+00, 8.131062E-07 
3.674195E+00, 1.664852E-04 
4.320094E+00, 1.944346E-04 
9.791789E+00, 9.817033E-07 
5.489231E+00, 1.046457E-04 
1.206824E+00, 3.831738E-04 
8.607411E+00, 8.179599E-06 
2.648966E+00, 1.787184E-04 
4.795213E+00, 1.057201E-04 
5.871381E+00, 5.184486E-05 
3.350374E+00, 1.520589E-04 
5.227283E+00, 7.494951E-05 
6.179896E+00, 7.880892E-05 
3.401396E+00, 2.191005E-04 
7.512942E+00, 2.018465E-05 
6.002112E+00, 6.894344E-05 
2.529580E+00, 3.045429E-04 
6.108761E+00, 5.889211E-05 
4.565361E+00, 1.173042E-04 
5.251285E+00, 1.165539E-04 
9.428147E+00, 3.979542E-06 
8.364061E+00, 1.544872E-05 
8.192453E-01, 3.183286E-04 
5.971975E+00, 8.255338E-05 
6.543460E+00, 5.750337E-05 
3.966195E+00, 3.185666E-04 
7.690326E-01, 4.245845E-04 
4.608707E+00, 8.058302E-05 
9.759876E+00, 1.789502E-06 
2.052426E+00, 5.225217E-04 
6.247029E+00, 5.418198E-05 
4.989304E+00, 8.443370E-05 
4.613299E+00, 1.617013E-04 
9.671218E+00, 2.475107E-06 
7.466814E+00, 1.825339E-05 
5.416078E-01, 5.344139E-04 
4.168708E+00, 2.322482E-04 
6.138590E+00, 4.156309E-05 
8.452897E+00, 6.986515E-06 
4.215270E-01, 3.476248E-04 
3.618991E+00, 2.970912E-04 
7.619829E+00, 2.036762E-05 
7.321841E+00, 1.796906E-05 
4.852165E+00, 8.712752E-05 
8.349700E+00, 9.020336E-06 
4.649655E+00, 1.243188E-04 
4.500728E+00, 1.926380E-04 
2.420944E+00, 4.640079E-04 
8.420311E+00, 1.080251E-05 
6.508940E+00, 5.947156E-05 
3.719087E-01, 7.111804E-04 
2.257069E+00, 2.911246E-04 
7.458660E+00, 1.762015E-05 
2.140732E+00, 3.807741E-04 
3.690719E+00, 1.358362E-04 
9.356972E+00, 3.844411E-06 
5.280955E+00, 1.224099E-04 
4.616585E-01, 4.722050E-04 
7.684122E+00, 2.234701E-05 
4.391063E+00, 1.199061E-04 
1.544898E+00, 4.749906E-04 
1.006137E+01, 1.049163E-06 
1.617877E+00, 3.284728E-04 
1.526647E+00, 5.256340E-04 
9.528158E+00, 2.145373E-06 
2.500504E+00, 3.781157E-04 
3.711633E+00, 2.523018E-04 
6.639977E+00, 3.191593E-05 
4.496503E-01, 4.239918E-04 
5.658496E+00, 7.802357E-05 
4.576927E+00, 1.468403E-04 
7.804674E+00, 2.468056E-05 
1.828931E+00, 4.306330E-04 
5.708692E+00, 8.082922E-05 
3.494253E-01, 2.392653E-04 
7.754903E+00, 2.231894E-05 
1.510126E+00, 3.964000E-04 
6.534640E+00, 4.643326E-05 
4.203782E+00, 1.238024E-04 
1.991408E+00, 2.353834E-04 
1.864139E+00, 6.672732E-04 
1.075328E+00, 4.563632E-04 
4.316533E+00, 1.597647E-04 
2.571913E+00, 2.997121E-04 
4.775662E+00, 8.893600E-05 
2.425440E+00, 3.643690E-04 
5.018549E+00, 9.648254E-05 
2.884722E+00, 3.173871E-04 
5.440324E+00, 9.656243E-05 
6.881981E-01, 2.622072E-04 
1.043909E+01, 1.464259E-06 
5.975191E+00, 4.375623E-05 
8.442688E+00, 7.887599E-06 
5.429271E-01, 3.889012E-04 
9.392420E+00, 2.694316E-06 
9.409113E+00, 2.786457E-06 
8.446936E-01, 3.993409E-04 
2.873493E+00, 1.502425E-04 
8.355874E+00, 8.788989E-06 
8.967473E+00, 3.704402E-06 
7.599436E+00, 1.762015E-05 
9.301100E+00, 2.785942E-06 
8.849620E+00, 7.376413E-06 
1.995287E+00, 2.585396E-04 
9.822262E+00, 1.905486E-06 
4.859569E+00, 1.048698E-04 
5.122902E+00, 7.488976E-05 
3.170543E-01, 3.555902E-04 
8.823489E+00, 5.175551E-06 
3.186867E+00, 3.554380E-04 
1.637256E+00, 3.140177E-04 
7.194664E+00, 2.921526E-05 
2.176298E+00, 2.840372E-04 
2.028261E+00, 2.361032E-04 
2.873186E+00, 1.858035E-04 
9.586739E+00, 1.142927E-06 
9.742204E+00, 2.173761E-06 
6.789950E+00, 3.228427E-05 
-9.733803E-03, 6.943083E-04 
4.953911E-01, 3.555902E-04 
9.771618E-01, 5.042854E-04 
3.731184E+00, 3.507172E-04 
3.101875E+00, 2.459730E-04 
2.357673E+00, 4.278258E-04 
6.705023E+00, 5.096625E-05 
4.778312E+00, 1.562853E-04 
6.567764E-01, 3.471542E-04 
9.657694E+00, 2.135111E-06 
-9.977007E-03, 4.840030E-04 
4.841878E+00, 6.175041E-05 
4.049655E+00, 1.952010E-04 
1.916290E+00, 2.828159E-04 
6.593808E+00, 3.179915E-05 
9.702965E+00, 7.501179E-07 
5.286159E+00, 6.743532E-05 
7.183530E+00, 2.407363E-05 
5.186541E+00, 6.833666E-05 
5.220171E+00, 8.974813E-05 
9.362734E+00, 2.651766E-06 
6.255949E+00, 5.572214E-05 
8.640876E+00, 2.609684E-06 
2.240506E+00, 2.154793E-04 
7.630872E+00, 1.529678E-05 
9.915874E+00, 7.987228E-07 
8.258365E+00, 1.121521E-05 
4.706982E-01, 3.175665E-04 
4.694830E-01, 4.575849E-04 
5.850162E+00, 6.791179E-05 
9.312568E+00, 1.539394E-06 
1.209420E+00, 5.617737E-04 
8.929126E+00, 4.436421E-06 
2.586517E+00, 3.736018E-04 
6.646426E+00, 3.223096E-05 
6.588375E+00, 1.777590E-05 
1.028791E-01, 4.261115E-04 
9.438643E+00, 2.686988E-06 
7.255692E+00, 3.087132E-05 
9.165633E+00, 4.411717E-06 
7.636779E+00, 1.872832E-05 
1.685612E+00, 5.016942E-04 
9.424716E+00, 3.331754E-06 
7.186047E+00, 4.416569E-05 
4.419083E+00, 1.290087E-04 
3.412228E+00, 2.371055E-04 
6.163408E+00, 8.275870E-05 
7.556432E+00, 2.088657E-05 
2.626916E+00, 2.838504E-04 
9.197457E+00, 3.916919E-06 
3.077718E+00, 3.367963E-04 
8.760227E+00, 8.350061E-06 
7.415379E+00, 3.158632E-05 
8.692640E+00, 7.956839E-06 
4.909384E+00, 9.569627E-05 
5.539816E+00, 4.312932E-05 
8.037651E+00, 1.298202E-05 
5.988215E+00, 6.270704E-05 
4.596223E+00, 2.054897E-04 
2.534278E+00, 3.247734E-04 
4.982751E+00, 1.042384E-04 
1.015782E+00, 4.792408E-04 
9.649060E+00, 2.238505E-06 
7.490299E+00, 2.139071E-05 
6.228528E+00, 4.298436E-05 
2.378032E+00, 3.851737E-04 
2.095055E+00, 3.496021E-04 
4.018681E+00, 1.363741E-04 
4.370921E+00, 1.163561E-04 
4.130480E+00, 1.665852E-04 
9.645965E+00, 1.148666E-06 
6.149891E+00, 5.689062E-05 
3.638840E+00, 2.423146E-04 
7.335161E+00, 4.064253E-05 
5.617194E+00, 9.337566E-05 
1.019683E+01, 1.149069E-06 
3.137560E+00, 3.018111E-04 
3.243041E+00, 1.924412E-04 
8.457569E-01, 2.793860E-04 
9.681270E+00, 1.685522E-06 
8.345592E+00, 8.731477E-06 
6.432466E+00, 4.409241E-05 
6.916218E+00, 2.765214E-05 
3.658449E+00, 2.403240E-04 
4.347843E+00, 1.324427E-04 
1.796323E+00, 4.974397E-04 
4.090058E+00, 2.864818E-04 
8.942477E-01, 3.101605E-04 
9.575946E+00, 2.779526E-06 
1.031208E+01, 1.203981E-06 
2.022329E+00, 4.415344E-04 
7.335074E+00, 1.832302E-05 
7.952936E+00, 1.629208E-05 
1.429542E+00, 4.658584E-04 
8.786622E+00, 5.219368E-06 
1.556339E+00, 4.363811E-04 
8.772630E+00, 5.500279E-06 
7.717048E+00, 3.658160E-05 
1.267069E+00, 3.264362E-04 
2.910957E+00, 4.034808E-04 
9.422874E+00, 3.151203E-06 
2.105610E+00, 4.196544E-04 
2.170117E+00, 3.114725E-04 
1.239169E+00, 5.528122E-04 
8.670671E+00, 5.377726E-06 
1.306838E+00, 3.419755E-04 
7.832044E+00, 1.793886E-05 
3.089627E+00, 1.785370E-04 
8.191603E+00, 8.108127E-06 
9.006722E+00, 5.096941E-06 
7.968309E+00, 1.829692E-05 
1.489781E+00, 3.865319E-04 
6.313039E+00, 5.347672E-05 
1.017591E+00, 6.356510E-04 
4.891787E+00, 1.132151E-04 
6.747320E+00, 2.948460E-05 
2.602082E+00, 3.774508E-04 
8.098295E+00, 9.272984E-06 
2.676720E+00, 4.008332E-04 
4.521494E+00, 1.648853E-04 
6.063141E+00, 8.247619E-05 
3.584113E+00, 1.656276E-04 
1.003854E+01, 8.131062E-07 
9.257285E+00, 2.309428E-06 
7.231854E+00, 2.192883E-05 
6.753931E-01, 6.431461E-04 
6.406774E+00, 3.426841E-05 
4.383327E+00, 1.636776E-04 
5.962813E+00, 4.637724E-05 
8.883532E+00, 4.574660E-06 
3.064415E+00, 3.126963E-04 
4.898859E+00, 8.269365E-05 
8.841372E+00, 6.658068E-06 
1.733036E-01, 3.555902E-04 
4.080059E+00, 1.429953E-04 
3.985901E+00, 2.364865E-04 
4.213865E+00, 1.435452E-04 
2.521447E-01, 4.840030E-04 
5.304156E+00, 1.112556E-04 
6.838758E+00, 2.612936E-05 
9.575499E+00, 3.188818E-06 
3.080933E+00, 2.546027E-04 
2.374289E-01, 5.455774E-04 
6.298016E+00, 5.244898E-05 
8.845651E+00, 9.076277E-06 
4.658745E+00, 8.481158E-05 
9.362302E+00, 3.491591E-06 
1.644121E+00, 4.950160E-04 
1.371506E+00, 5.390736E-04 
7.974649E+00, 1.407935E-05 
6.721937E+00, 3.076903E-05 
6.734651E+00, 3.085606E-05 
1.026333E+01, 1.579389E-06 
6.212033E+00, 5.309056E-05 
3.123322E+00, 2.262779E-04 
1.093083E+00, 3.192172E-04 
7.327356E+00, 4.611608E-05 
5.810086E+00, 7.274630E-05 
5.137987E+00, 6.853500E-05 
1.950024E+00, 3.408587E-04 
3.890903E+00, 1.966753E-04 
3.419366E+00, 2.995823E-04 
8.321937E+00, 9.645727E-06 
5.188212E+00, 6.180589E-05 
1.097133E+00, 3.885852E-04 
6.554429E+00, 2.839366E-05 
6.505709E+00, 3.472794E-05 
-5.764131E+00, 1.887962E-02 
3.184792E+00, 2.019120E-04 
2.677681E+00, 2.296535E-04 
8.827769E+00, 5.619389E-06 
5.292864E+00, 1.059741E-04 
1.059354E+01, 1.402994E-06 
2.111545E+00, 2.011500E-04 
6.052787E+00, 8.483200E-05 
2.897989E+00, 4.537235E-04 
5.216391E+00, 7.054426E-05 
1.008223E+01, 7.672382E-07 
5.617943E+00, 5.032445E-05 
8.030575E+00, 1.361578E-05 
1.364873E+00, 3.958242E-04 
4.868476E+00, 9.317156E-05 
8.353952E+00, 6.988951E-06 
8.282583E+00, 1.803340E-05 
3.883648E-01, 3.714884E-04 
8.874583E+00, 3.110929E-06 
5.017346E+00, 1.204105E-04 
4.628527E+00, 1.853377E-04 
8.008193E+00, 2.608786E-05 
5.944685E+00, 5.659781E-05 
4.082331E+00, 1.048622E-04 
5.874710E+00, 5.048119E-05 
7.617443E+00, 2.120593E-05 
7.973654E-01, 4.468389E-04 
4.524224E+00, 2.025660E-04 
1.834838E+00, 4.421919E-04 
2.657521E+00, 2.748344E-04 
1.193892E+01, 6.713510E-07 
5.445897E+00, 8.855207E-05 
8.558472E+00, 7.394443E-06 
1.165033E+00, 4.697824E-04 
7.578271E+00, 3.002888E-05 
1.546977E+00, 2.905134E-04 
3.608700E+00, 2.616733E-04 
2.604189E+00, 3.646669E-04 
4.374179E+00, 1.753805E-04 
3.385711E+00, 2.198828E-04 
1.240465E-01, 4.199992E-04 
-3.015499E-02, 4.808660E-04 
4.708245E+00, 1.551690E-04 
9.935491E+00, 8.427608E-07 
1.067955E+00, 3.308757E-04 
5.556219E+00, 7.489446E-05 
3.164061E+00, 2.819842E-04 
7.253242E+00, 1.757540E-05 
1.174664E+01, 7.914643E-07 
3.945974E+00, 1.201095E-04 
7.205015E+00, 1.662722E-05 
3.972144E+00, 1.814886E-04 
1.104636E+01, 9.027939E-07 
2.000794E+00, 2.172083E-04 
8.829373E+00, 4.974738E-06 
3.877463E+00, 2.010735E-04 
3.751155E-01, 4.771030E-04 
5.974557E-01, 3.471542E-04 
9.973371E-02, 3.404107E-04 
6.336783E+00, 3.415029E-05 
4.312523E+00, 9.526401E-05 
2.097389E+00, 2.385531E-04 
5.156969E+00, 7.714685E-05 
3.219814E+00, 2.422145E-04 
7.239665E+00, 2.065049E-05 
4.901499E+00, 1.019809E-04 
4.727252E+00, 9.645993E-05 
8.675830E-01, 3.324382E-04 
8.195911E+00, 1.447406E-05 
8.608463E+00, 5.564467E-06 
8.755986E+00, 8.073105E-06 
7.415476E+00, 1.702911E-05 
1.021274E+01, 1.233230E-06 
9.723390E+00, 1.086785E-06 
1.339640E+00, 2.917942E-04 
8.642267E+00, 8.907195E-06 
4.999961E+00, 9.004338E-05 
5.784951E+00, 5.510242E-05 
1.675487E+00, 2.838281E-04 
8.879027E+00, 5.234607E-06 
1.143676E+00, 3.986622E-04 
6.796805E+00, 2.198480E-05 
5.945765E+00, 4.878719E-05 
5.726422E+00, 8.101512E-05 
9.759476E+00, 9.745568E-07 
9.471462E+00, 3.827090E-06 
3.067169E-01, 6.935126E-04 
1.742349E+00, 5.757024E-04 
6.527918E+00, 5.277085E-05 
7.478453E-01, 3.931521E-04 
4.399175E+00, 1.964728E-04 
9.921732E+00, 7.984775E-07 
5.904333E+00, 5.083520E-05 
8.873662E+00, 5.185918E-06 
5.579307E+00, 8.942390E-05 
6.497181E+00, 2.616166E-05 
5.499682E+00, 8.625864E-05 
1.648063E+00, 4.501162E-04 
2.953929E+00, 3.122269E-04 
8.243347E+00, 1.300339E-05 
4.615122E+00, 8.982090E-05 
6.792028E+00, 3.903538E-05 
5.175250E+00, 9.279792E-05 
9.375860E+00, 2.188051E-06 
6.047889E+00, 6.388053E-05 
6.865558E+00, 4.537216E-05 
-2.689956E-03, 3.425524E-04 
1.005337E+01, 9.616522E-07 
2.548770E+00, 3.286359E-04 
8.880403E+00, 1.077099E-05 
5.341565E+00, 1.056438E-04 
9.041386E+00, 2.492470E-06 
7.191250E+00, 3.241896E-05 
2.968416E+00, 3.101373E-04 
3.275705E+00, 2.221831E-04 
8.774517E+00, 2.855699E-06 
8.253944E-01, 3.420202E-04 
7.123747E+00, 1.096442E-05 
4.959925E+00, 1.179561E-04 
3.509085E+00, 1.656276E-04 
8.554730E+00, 4.325847E-06 
5.591402E+00, 9.865128E-05 
3.937359E+00, 1.472682E-04 
4.567513E+00, 7.750369E-05 
4.008997E+00, 1.390719E-04 
1.711066E+00, 4.487257E-04 
1.381335E+00, 4.358414E-04 
4.167342E+00, 7.613293E-05 
5.694741E+00, 7.972522E-05 
9.770388E+00, 1.091053E-06 
2.129703E+00, 3.061929E-04 
4.264609E+00, 1.752139E-04 
1.888487E+00, 2.191414E-04 
1.055329E+01, 1.438172E-06 
1.017759E+01, 1.697596E-06 
6.546586E+00, 5.309056E-05 
3.278245E+00, 1.545471E-04 
3.544910E+00, 2.280096E-04 
3.548353E+00, 3.381096E-04 
1.406736E+00, 4.644054E-04 
1.996236E+00, 2.780383E-04 
6.790851E+00, 3.231122E-05 
-1.039693E+00, 1.297546E-02 
3.543457E+00, 2.519638E-04 
5.185774E+00, 6.800306E-05 
8.056695E-01, 4.537139E-04 
7.182723E+00, 4.430884E-05 
8.999547E-01, 4.209214E-04 
8.494404E+00, 1.150574E-05 
3.266671E+00, 1.756662E-04 
8.847172E+00, 8.322834E-06 
9.185847E+00, 2.534500E-06 
1.419978E+00, 3.680807E-04 
7.838221E+00, 2.071841E-05 
3.358462E+00, 1.726371E-04 
2.286893E+00, 2.546885E-04 
7.764202E+00, 9.827705E-06 
5.740252E+00, 1.385299E-04 
6.661409E+00, 2.368375E-05 
6.377798E+00, 2.385876E-05 
7.751643E+00, 1.840844E-05 
1.340429E+00, 3.529778E-05 
2.988035E+00, 2.137310E-04 
7.362450E-01, 6.943083E-04 
4.382586E+00, 8.003062E-05 
1.107755E+01, 8.545076E-07 
9.636132E-01, 2.641966E-04 
9.065778E+00, 4.278020E-06 
4.412401E+00, 2.736639E-04 
5.161360E+00, 6.495209E-05 
6.230857E+00, 4.711495E-05 
1.880780E+00, 3.247734E-04 
1.112165E+00, 3.815598E-04 
8.696492E+00, 9.954848E-06 
7.578400E+00, 1.601840E-05 
3.118103E+00, 2.135625E-04 
4.693607E+00, 6.584356E-05 
7.508936E+00, 1.840844E-05 
4.777931E+00, 7.488976E-05 
4.121973E-01, 4.839286E-04 
9.710274E+00, 3.225391E-06 
8.315598E+00, 1.055745E-05 
8.204648E+00, 1.064522E-05 
4.181259E+00, 1.029966E-04 
4.330902E+00, 1.715397E-04 
3.481608E+00, 1.983020E-04 
6.687763E-01, 5.014836E-04 
6.420404E+00, 4.331658E-05 
2.448370E+00, 4.724050E-04 
4.277759E+00, 1.728058E-04 
-3.003263E+00, 1.900791E-02 
6.817168E+00, 3.559831E-05 
1.604702E+00, 4.058279E-04 
8.996137E+00, 3.132059E-06 
8.759080E+00, 8.852281E-06 
6.536577E+00, 8.833948E-05 
8.054705E+00, 9.869468E-06 
3.631173E+00, 2.244744E-04 
8.182313E-01, 3.972670E-04 
1.014536E+00, 3.367651E-04 
8.404164E+00, 7.854462E-06 
1.615076E+00, 4.030494E-04 
3.059422E+00, 1.752163E-04 
2.444751E+00, 4.993590E-04 
7.964908E-02, 4.209214E-04 
7.506974E+00, 2.746004E-05 
6.897066E+00, 3.381849E-05 
7.705305E+00, 1.349011E-05 
3.674112E+00, 2.560495E-04 
2.330571E+00, 2.160843E-04 
8.138401E+00, 7.854462E-06 
7.805776E+00, 1.813068E-05 
1.788747E+00, 4.614793E-04 
6.968441E+00, 2.187966E-05 
5.902194E+00, 5.659781E-05 
2.821819E+00, 2.667308E-04 
3.668431E+00, 2.354896E-04 
5.670267E+00, 5.163603E-05 
4.473387E+00, 1.260519E-04 
1.015850E+01, 7.734844E-07 
3.322093E+00, 1.441935E-04 
5.786276E-01, 5.019183E-04 
1.119214E+00, 4.427876E-04 
9.294154E+00, 2.670438E-06 
7.803871E+00, 1.511348E-05 
2.111046E+00, 3.582841E-04 
9.016095E+00, 5.187313E-06 
5.066385E+00, 8.490215E-05 
2.569193E-01, 3.489353E-04 
4.483825E-01, 4.953919E-04 
1.297603E+00, 5.114967E-04 
4.477079E+00, 1.822718E-04 
3.830272E+00, 3.175753E-04 
8.290588E+00, 5.659057E-06 
3.080318E+00, 1.961978E-04 
7.734201E+00, 2.377483E-05 
-2.040148E+00, 1.903558E-02 
2.727460E+00, 3.392121E-04 
1.096349E+00, 2.436812E-04 
4.123059E+00, 1.102965E-04 
6.229847E+00, 9.835250E-05 
3.138120E+00, 4.118650E-04 
5.018311E+00, 9.052604E-05 
2.528438E+00, 4.537904E-04 
6.988222E+00, 2.732568E-05 
1.030608E+00, 4.955243E-04 
7.813228E-02, 9.503940E-04 
9.448850E+00, 2.268453E-06 
1.066214E+00, 4.057783E-04 
3.024400E-01, 6.715926E-04 
3.716841E+00, 1.750202E-04 
7.224948E+00, 1.628960E-05 
9.653611E+00, 2.234898E-06 
4.242089E+00, 6.795446E-05 
4.023683E+00, 2.697173E-04 
9.987914E+00, 9.745568E-07 
1.364549E+00, 3.860367E-04 
2.905993E+00, 2.511836E-04 
8.543089E+00, 7.108415E-06 
5.478316E+00, 7.566050E-05 
2.862809E+00, 3.054211E-04 
2.806555E+00, 4.259749E-04 
4.167966E-01, 1.733782E-04 
9.475856E+00, 1.795716E-06 
1.023017E+01, 1.237866E-06 
2.807569E+00, 3.560062E-04 
5.802491E+00, 8.850037E-05 
9.833718E+00, 8.876213E-07 
3.281625E+00, 1.380516E-04 
4.550367E+00, 1.924119E-04 
6.845633E+00, 1.801464E-05 
8.246175E+00, 3.103063E-06 
7.353141E+00, 2.002802E-05 
6.339350E+00, 3.816542E-05 
6.686684E+00, 2.306380E-05 
8.674813E+00, 6.933220E-06 
8.553236E+00, 8.223759E-06 
1.179681E+01, 1.311416E-06 
3.136667E+00, 2.929616E-04 
7.862336E+00, 1.819158E-05 
6.967434E+00, 1.683355E-05 
8.627714E+00, 5.388631E-06 
6.949291E+00, 2.926228E-05 
6.158379E+00, 4.551826E-05 
2.410694E+00, 3.748109E-04 
2.746177E+00, 1.784396E-04 
4.768868E-01, 6.943083E-04 
2.882656E+00, 3.576024E-04 
4.696337E+00, 9.440079E-05 
5.996620E-02, 3.409639E-04 
1.148958E+01, 7.176743E-07 
1.685747E+00, 3.065971E-04 
6.971010E+00, 2.853246E-05 
7.663826E+00, 2.090021E-05 
6.384277E+00, 6.094233E-05 
6.659287E+00, 6.559831E-05 
1.039346E+01, 8.947384E-07 
7.834634E+00, 1.925131E-05 
2.090039E+00, 4.324524E-04 
1.162094E+00, 4.734399E-04 
8.439973E+00, 2.796582E-06 
7.249693E+00, 3.211794E-05 
5.265081E-02, 6.761611E-04 
1.585030E+00, 4.159878E-04 
3.235812E+00, 2.291128E-04 
4.649197E+00, 1.147536E-04 
9.633332E+00, 7.830148E-07 
8.807734E+00, 8.731477E-06 
6.001880E+00, 4.246875E-05 
3.173036E+00, 2.701442E-04 
1.016279E+01, 1.046756E-06 
5.551135E+00, 6.874609E-05 
1.518127E+00, 4.619278E-04 
4.344757E+00, 1.562590E-04 
7.632864E+00, 2.184543E-05 
-3.016958E-01, 1.157593E-02 
8.914745E+00, 2.895115E-06 
8.741848E+00, 1.116169E-05 
7.356122E+00, 1.685589E-05 
7.864501E+00, 1.371302E-05 
4.495169E-01, 5.668194E-04 
6.899798E+00, 2.874125E-05 
6.641161E+00, 4.059260E-05 
8.514905E+00, 6.414833E-06 
1.871202E+00, 4.306307E-04 
1.044778E+01, 1.211303E-06 
1.177482E+00, 5.141222E-04 
5.102575E+00, 5.729230E-05 
2.163265E+00, 1.825629E-04 
2.179443E+00, 2.918111E-04 
8.633245E+00, 5.694739E-06 
8.518119E+00, 1.172841E-05 
5.222796E+00, 1.216323E-04 
2.126842E+00, 3.679832E-04 
4.374864E+00, 1.260519E-04 
4.077431E+00, 2.550467E-04 
6.578738E+00, 4.497107E-05 
1.063204E+01, 1.682858E-06 
2.816795E+00, 4.172711E-04 
1.105609E+01, 9.377001E-07 
9.856129E-01, 1.151256E-04 
2.236694E+00, 2.336402E-04 
4.681852E+00, 1.294758E-04 
3.091442E+00, 2.635548E-04 
5.408442E+00, 7.851835E-05 
3.836478E+00, 2.010445E-04 
9.123337E+00, 3.844411E-06 
9.233278E+00, 4.574660E-06 
8.231728E+00, 1.548177E-05 
7.416602E+00, 2.081322E-05 
8.189581E+00, 8.047629E-06 
9.414484E+00, 2.181333E-06 
-6.908443E+00, 1.929527E-02 
4.955216E-01, 2.507392E-04 
5.835406E+00, 3.332328E-05 
5.759346E+00, 6.853500E-05 
8.859902E+00, 1.539394E-06 
7.945223E+00, 2.200670E-05 
2.892215E+00, 1.516578E-04 
4.923848E+00, 7.793073E-05 
2.738269E+00, 5.568975E-04 
4.265417E+00, 1.638111E-04 
3.340304E+00, 1.329079E-04 
7.603508E+00, 1.300309E-05 
1.582902E-01, 3.391664E-04 
1.497002E+00, 2.604361E-04 
2.242166E+00, 1.486887E-04 
8.830514E+00, 8.478027E-06 
3.031461E+00, 4.754249E-04 
6.886581E+00, 3.813089E-05 
5.702782E+00, 7.796860E-05 
7.381925E+00, 1.813833E-05 
8.126672E+00, 1.778947E-05 
6.185542E+00, 8.807732E-05 
1.329768E+00, 5.662005E-04 
3.854221E+00, 2.768459E-04 
2.621040E+00, 3.594688E-04 
2.521192E+00, 2.406193E-04 
-8.777602E-02, 9.636589E-04 
7.755432E+00, 1.162933E-05 
9.657478E+00, 1.621555E-06 
5.065822E+00, 1.086113E-04 
3.889413E+00, 1.327507E-04 
6.045939E-02, 3.116882E-04 
5.705148E+00, 8.852509E-05 
1.620470E+00, 3.876018E-04 
3.788590E+00, 1.723902E-04 
2.689567E-01, 4.029636E-04 
6.748682E+00, 3.939085E-05 
8.434262E+00, 8.068656E-06 
3.984733E+00, 1.521275E-04 
9.825637E+00, 3.920825E-06 
6.895234E+00, 2.450470E-05 
4.579793E+00, 1.233546E-04 
7.587940E+00, 1.731590E-05 
3.582637E+00, 2.020526E-04 
4.416867E+00, 1.173375E-04 
5.920045E+00, 7.781546E-05 
7.333197E+00, 1.818241E-05 
6.331157E+00, 5.423973E-05 
4.766428E+00, 1.115143E-04 
8.248295E+00, 1.755987E-05 
2.806285E+00, 1.820811E-04 
9.701465E+00, 2.154905E-06 
6.150837E+00, 4.313828E-05 
3.204503E+00, 4.375992E-04 
7.045566E+00, 3.426485E-05 
1.751513E+00, 4.046526E-04 
7.437996E+00, 2.559914E-05 
9.849200E+00, 1.242276E-06 
-1.553238E-01, 1.756401E-02 
4.364041E+00, 1.947332E-04 
1.486185E-01, 4.840030E-04 
7.432148E+00, 3.294767E-05 
6.037669E+00, 8.808167E-05 
3.609870E+00, 1.387930E-04 
6.450077E+00, 5.744727E-05 
1.569016E+00, 4.969678E-04 
6.429904E-01, 4.468389E-04 
1.072815E+01, 1.516928E-06 
5.979408E+00, 8.525185E-05 
8.548744E-01, 2.698967E-04 
4.017338E+00, 1.238024E-04 
4.560353E+00, 1.714843E-04 
1.577437E-01, 6.943083E-04 
4.911414E+00, 9.215767E-05 
5.625025E+00, 5.183501E-05 
9.668781E+00, 8.662957E-07 
9.116075E+00, 3.108880E-06 
2.236932E+00, 2.223029E-04 
1.146474E+00, 6.051679E-04 
8.954682E+00, 1.005256E-05 
9.937421E+00, 1.626750E-06 
1.205024E+00, 4.082657E-04 
4.166289E+00, 1.002974E-04 
1.873019E+00, 3.004155E-04 
7.684401E+00, 2.621302E-05 
2.468463E+00, 3.166472E-04 
6.679216E+00, 5.297669E-05 
5.627729E+00, 5.866358E-05 
7.746151E+00, 1.910062E-05 
9.758545E+00, 2.359970E-06 
6.382162E+00, 2.984479E-05 
-7.374283E-03, 3.847514E-04 
2.584116E-01, 4.596582E-04 
8.938675E+00, 9.425702E-06 
4.809481E+00, 7.305710E-05 
8.803997E+00, 6.887122E-06 
8.160952E+00, 1.396191E-05 
3.427410E+00, 2.517488E-04 
6.211601E+00, 4.894930E-05 
7.572648E+00, 2.070600E-05 
5.748103E+00, 1.731227E-04 
6.472846E+00, 4.059260E-05 
9.892424E+00, 1.844665E-06 
7.571825E+00, 2.245000E-05 
6.883253E+00, 3.345334E-05 
7.431147E+00, 1.001401E-05 
7.223714E+00, 2.081322E-05 
3.853957E+00, 2.012145E-04 
6.590986E+00, 3.415029E-05 
5.949312E+00, 5.361222E-05 
9.186981E+00, 3.203340E-06 
2.535151E+00, 2.829348E-04 
8.576224E+00, 2.796582E-06 
5.742164E+00, 1.060717E-04 
1.271168E+00, 3.264362E-04 
5.993561E+00, 5.447600E-05 
1.037738E+00, 2.631517E-04 
3.790433E+00, 1.873745E-04 
6.558209E+00, 4.399383E-05 
1.099753E+00, 3.680807E-04 
1.830703E+00, 3.353925E-04 
8.496923E+00, 1.482416E-05 
6.367691E-01, 2.906215E-04 
5.681537E+00, 5.048119E-05 
8.822197E+00, 9.533879E-06 
1.795920E+00, 4.001264E-04 
9.242929E+00, 4.233253E-06 
9.724665E+00, 1.851757E-06 
1.034871E+01, 8.131062E-07 
4.022979E+00, 1.002974E-04 
2.095601E+00, 4.028653E-04 
7.209220E+00, 1.830340E-05 
7.871686E+00, 1.792045E-05 
9.643008E+00, 2.287330E-06 
6.728100E+00, 3.518044E-05 
1.050529E+01, 7.463998E-07 
8.356206E+00, 8.911636E-06 
2.626313E+00, 1.919572E-04 
6.584179E+00, 7.119453E-05 
3.478508E+00, 2.359374E-04 
7.772145E+00, 2.807199E-05 
7.358748E+00, 2.032558E-05 
9.927115E+00, 9.600101E-07 
7.376366E+00, 2.775608E-05 
5.238950E+00, 1.157857E-04 
5.878779E+00, 5.643026E-05 
2.692414E+00, 3.772796E-04 
4.574104E+00, 1.722795E-04 
6.235558E+00, 3.329622E-05 
6.829174E+00, 4.131982E-05 
5.360375E+00, 1.215434E-04 
8.017004E+00, 1.594234E-05 
8.530766E+00, 2.301148E-05 
1.049898E+01, 1.787350E-06 
2.968007E+00, 2.082211E-04 
9.034808E+00, 4.922107E-06 
4.644796E+00, 7.234350E-05 
2.606705E+00, 3.625484E-04 
2.381621E+00, 5.339232E-04 
9.440539E+00, 3.412447E-06 
6.242014E-01, 4.274620E-04 
8.841395E+00, 5.234607E-06 
4.076003E+00, 1.679113E-04 
7.353927E+00, 2.297644E-05 
1.020956E+01, 9.802063E-07 
7.165558E+00, 2.143798E-05 
2.363285E+00, 3.543808E-04 
9.942052E-01, 2.803395E-04 
2.292198E+00, 3.065971E-04 
2.273981E+00, 2.875285E-04 
3.332297E+00, 2.059762E-04 
3.455701E+00, 2.911543E-04 
1.581518E-01, 7.350736E-04 
1.083403E+01, 1.353645E-06 
3.673802E+00, 4.031660E-04 
9.995145E+00, 1.054749E-06 
6.292403E+00, 5.861467E-05 
3.861861E+00, 2.686220E-04 
8.839215E+00, 7.533141E-06 
2.943382E+00, 3.006350E-04 
5.155688E-02, 4.964525E-04 
4.092315E+00, 1.636776E-04 
6.874762E-01, 3.009439E-04 
2.358833E+00, 4.957119E-04 
1.006121E+01, 8.427608E-07 
6.504410E+00, 3.604111E-05 
4.390203E+00, 1.294758E-04 
3.803129E+00, 2.340349E-04 
6.956110E+00, 2.503683E-05 
3.051834E+00, 2.280708E-04 
6.881771E+00, 2.073768E-05 
8.276650E+00, 7.736138E-06 
2.496856E+00, 2.824501E-04 
7.761038E+00, 1.508026E-05 
8.913452E+00, 3.828086E-06 
1.450676E+00, 4.338164E-04 
2.492433E+00, 2.016394E-04 
2.555511E+00, 3.524758E-04 
1.896264E+00, 3.371470E-04 
5.774281E+00, 9.905398E-05 
5.082524E+00, 1.141058E-04 
6.473786E+00, 3.633752E-05 
9.848030E+00, 7.605171E-07 
1.437212E+00, 3.644935E-04 
8.515126E+00, 8.142529E-06 
1.119966E+00, 2.823823E-04 
-9.385880E-01, 1.426528E-02 
3.792176E-01, 3.555902E-04 
6.804105E+00, 2.198480E-05 
1.602306E+00, 3.311966E-04 
7.429442E+00, 3.316960E-05 
4.600883E+00, 8.558769E-05 
1.587203E+00, 5.868384E-04 
2.240611E+00, 4.105306E-04 
3.104288E-01, 6.943083E-04 
9.036331E+00, 2.813671E-06 
1.745544E+00, 3.636984E-04 
7.585681E+00, 2.120330E-05 
3.961626E+00, 1.780832E-04 
6.043071E+00, 7.430467E-05 
2.854243E+00, 2.392950E-04 
6.646137E+00, 2.272075E-05 
4.238800E+00, 1.304427E-04 
5.612371E+00, 8.983330E-05 
6.180927E+00, 3.177915E-05 
6.544525E+00, 3.739199E-05 
5.213137E+00, 7.402715E-05 
8.421753E+00, 7.103304E-06 
2.758106E+00, 3.175225E-04 
6.276222E+00, 6.731708E-05 
3.250253E+00, 2.196778E-04 
2.573887E+00, 2.674652E-04 
3.075547E+00, 2.348533E-04 
3.883893E+00, 2.479823E-04 
8.423835E-01, 3.607509E-04 
8.304145E+00, 1.062081E-05 
6.157732E+00, 7.053543E-05 
4.702200E+00, 7.798004E-05 
7.461304E+00, 2.247399E-05 
7.604599E+00, 3.241887E-05 
2.365444E-01, 9.333465E-04 
5.929676E+00, 8.520957E-05 
5.878434E+00, 3.875039E-05 
4.633026E-01, 3.555902E-04 
2.428464E+00, 3.411359E-04 
4.884877E-01, 4.661076E-04 
3.846969E+00, 8.846665E-05 
1.827009E+00, 4.604354E-04 
2.933876E-01, 5.423651E-04 
1.072497E+01, 1.071142E-06 
1.659928E+00, 5.028581E-04 
3.691380E+00, 2.587047E-04 
9.309536E+00, 2.593276E-06 
6.204127E+00, 5.115572E-05 
4.358206E+00, 2.500811E-04 
7.713168E-01, 4.063707E-04 
4.669072E+00, 1.628280E-04 
6.022206E+00, 4.921487E-05 
9.959088E+00, 2.031924E-06 
8.461707E+00, 9.103838E-06 
4.270604E+00, 2.076987E-04 
8.387313E+00, 7.320020E-06 
4.028076E+00, 1.260145E-04 
3.744527E+00, 1.647479E-04 
-1.059642E-03, 3.460280E-03 
9.479008E-01, 2.880921E-04 
9.977492E+00, 8.876213E-07 
8.259729E+00, 9.487753E-06 
8.174766E+00, 1.396555E-05 
5.488362E+00, 8.893600E-05 
4.484559E+00, 1.834777E-04 
7.650801E+00, 3.016051E-05 
6.987054E+00, 4.283444E-05 
7.225534E+00, 3.572278E-05 
6.612473E+00, 5.308212E-05 
2.537981E+00, 2.997121E-04 
7.623252E+00, 1.121441E-05 
3.849448E+00, 2.626837E-04 
3.807609E+00, 2.624040E-04 
5.100074E+00, 7.483259E-05 
8.522737E+00, 8.558752E-06 
5.549787E+00, 7.536729E-05 
7.997993E+00, 1.040631E-05 
1.163763E+00, 3.435275E-04 
8.525777E+00, 6.862131E-06 
7.417416E+00, 2.117086E-05 
6.539181E+00, 2.145182E-05 
1.055279E+01, 9.607277E-07 
3.108719E+00, 1.845278E-04 
5.434640E+00, 8.948828E-05 
5.439905E+00, 1.333782E-04 
3.754688E+00, 1.708517E-04 
8.431193E+00, 8.967134E-06 
1.666110E+00, 5.695694E-04 
2.730670E+00, 2.730610E-04 
4.470787E+00, 1.323919E-04 
9.380195E+00, 2.939052E-06 
1.048083E+00, 3.559785E-04 
3.099611E+00, 2.548429E-04 
1.017935E+01, 9.712472E-07 
2.016391E-01, 1.196327E-04 
7.579251E+00, 1.683355E-05 
2.935417E+00, 4.041730E-04 
3.619181E+00, 2.448950E-04 
6.086502E+00, 6.105133E-05 
9.806909E+00, 1.617203E-06 
6.258400E-01, 4.296299E-04 
5.110321E+00, 6.195786E-05 
2.515045E+00, 3.494157E-04 
1.365442E+00, 4.455501E-04 
6.420125E+00, 4.297445E-05 
1.108291E+00, 3.020275E-04 
4.808133E+00, 1.002883E-04 
3.549857E+00, 1.029966E-04 
6.746991E+00, 2.567929E-05 
5.297918E+00, 1.198910E-04 
6.869409E+00, 2.671129E-05 
3.132837E+00, 1.506693E-04 
5.381406E+00, 7.489446E-05 
7.318679E+00, 1.680397E-05 
7.924728E+00, 1.739459E-05 
2.777114E+00, 2.423891E-04 
7.528901E+00, 2.969298E-05 
1.863339E+00, 5.325434E-04 
2.905761E+00, 4.067688E-04 
6.348410E+00, 3.529254E-05 
2.386951E-01, 5.903330E-04 
8.401706E+00, 8.056515E-06 
4.293866E+00, 1.381141E-04 
9.375103E+00, 3.919302E-06 
5.704919E+00, 6.990948E-05 
2.797609E+00, 4.405273E-04 
4.099314E+00, 9.257800E-05 
7.690927E+00, 1.439220E-05 
6.789987E+00, 5.681960E-05 
5.036842E+00, 7.976371E-05 
8.281984E+00, 1.216963E-05 
9.699810E+00, 1.960918E-06 
2.579641E-01, 6.306308E-04 
7.597053E+00, 2.121202E-05 
8.700274E+00, 2.612995E-06 
1.314566E+00, 4.408042E-04 
2.186223E+00, 3.295518E-04 
2.974353E+00, 3.101373E-04 
8.915559E+00, 2.813671E-06 
2.197379E+00, 3.582352E-04 
6.191521E+00, 1.081384E-04 
5.008158E+00, 1.653182E-04 
5.450139E+00, 9.511927E-05 
5.318336E+00, 9.097170E-05 
1.344505E+00, 3.972670E-04 
5.021388E+00, 8.769674E-05 
9.236941E+00, 2.895115E-06 
9.932140E+00, 9.851715E-07 
2.502617E+00, 2.553549E-04 
1.741500E+00, 2.549610E-04 
2.154641E+00, 3.993966E-04 
2.614954E-01, 6.943083E-04 
2.559985E+00, 3.820862E-04 
4.436105E+00, 2.059690E-04 
6.688981E+00, 3.177915E-05 
6.734636E-01, 5.705491E-04 
1.058245E+01, 5.583518E-07 
5.467895E-01, 5.274482E-04 
9.591578E+00, 3.151203E-06 
1.770790E+00, 2.612713E-04 
7.128807E+00, 2.461521E-05 
3.914076E+00, 1.192862E-04 
9.185054E+00, 4.477121E-06 
6.591381E+00, 2.003943E-05 
9.629175E+00, 2.025084E-06 
1.704346E+00, 5.097648E-04 
9.013693E+00, 5.456863E-06 
6.259645E+00, 2.663744E-05 
7.370485E+00, 1.647384E-05 
6.183787E+00, 7.891923E-05 
8.389647E+00, 8.325063E-06 
9.912353E+00, 1.267250E-06 
6.236705E+00, 9.166876E-05 
7.874307E+00, 1.803101E-05 
8.797253E+00, 4.190951E-06 
4.167474E+00, 2.721654E-04 
6.272693E+00, 6.037646E-05 
6.549525E+00, 6.025567E-05 
9.151444E+00, 4.787187E-06 
4.393388E+00, 8.454513E-05 
8.025842E+00, 8.501184E-06 
9.451777E-01, 3.590448E-04 
9.240809E+00, 4.943633E-06 
1.995840E+00, 4.443239E-04 
4.335639E+00, 1.224918E-04 
4.644903E+00, 1.196075E-04 
1.131042E+01, 8.043467E-07 
1.016592E+01, 8.662957E-07 
2.411512E+00, 4.182820E-04 
3.520146E+00, 1.785370E-04 
6.898809E+00, 3.652652E-05 
9.923254E+00, 1.671793E-06 
8.631692E+00, 6.993201E-06 
1.036535E+01, 8.109446E-07 
8.361077E+00, 9.122797E-06 
6.892712E+00, 3.291194E-05 
4.492321E+00, 8.713714E-05 
7.668012E+00, 1.309575E-05 
4.809381E-01, 4.629113E-04 
4.216032E+00, 1.727193E-04 
2.678502E+00, 2.851220E-04 
7.041813E+00, 2.553309E-05 
1.342217E+00, 3.392168E-04 
8.222073E+00, 8.849159E-06 
5.914807E+00, 4.420030E-05 
5.101390E+00, 9.164120E-05 
5.602573E+00, 5.678327E-05 
8.824603E+00, 5.143293E-06 
6.834970E+00, 1.833199E-05 
4.070270E-01, 5.221075E-04 
5.637449E+00, 3.815701E-05 
7.798741E+00, 1.987695E-05 
9.045288E+00, 3.968688E-06 
9.832694E+00, 1.897720E-06 
9.468739E+00, 2.515410E-06 
6.087504E+00, 7.716302E-05 
9.071782E+00, 3.415838E-06 
9.492227E+00, 2.678523E-06 
3.646613E+00, 2.594181E-04 
1.143845E+00, 2.622072E-04 
9.883368E+00, 2.086071E-06 
6.058417E+00, 4.597747E-05 
3.875263E+00, 1.538179E-04 
8.052394E+00, 1.418775E-05 
6.905409E+00, 3.765674E-05 
7.021298E+00, 4.036418E-05 
5.521063E+00, 6.195786E-05 
4.103387E+00, 1.061905E-04 
1.391393E+00, 4.749906E-04 
-8.866595E-01, 1.120763E-02 
5.802475E+00, 7.159298E-05 
7.174264E+00, 2.288995E-05 
-1.870060E-01, 9.636589E-04 
7.124042E+00, 1.691340E-05 
6.028387E+00, 5.115572E-05 
8.449582E+00, 7.392946E-06 
7.676074E+00, 2.465789E-05 
6.929938E+00, 2.996491E-05 
4.050549E+00, 2.250165E-04 
9.603073E+00, 1.585628E-06 
1.061091E+00, 3.687388E-04 
1.859792E+00, 4.128487E-04 
6.945490E+00, 1.884007E-05 
3.697752E+00, 1.820908E-04 
2.024142E+00, 3.302447E-04 
4.469106E+00, 1.511577E-04 
9.974782E+00, 8.131062E-07 
1.216786E-01, 4.468634E-03 
8.413991E+00, 8.336623E-06 
7.292983E+00, 1.702644E-05 
5.445044E-01, 5.100894E-04 
2.736507E+00, 2.973773E-04 
-1.648890E+00, 1.850003E-02 
5.112950E+00, 9.120882E-05 
7.347405E+00, 2.443899E-05 
1.314812E+00, 4.578525E-04 
8.672027E+00, 3.103063E-06 
1.378663E+00, 4.797841E-04 
2.019213E+00, 3.337538E-04 
8.418141E+00, 3.449811E-06 
9.758935E+00, 1.298387E-06 
4.015914E+00, 1.925566E-04 
1.261458E+00, 4.855179E-04 
8.393246E+00, 1.185991E-05 
5.374148E+00, 1.295812E-04 
4.725238E+00, 1.422232E-04 
3.338925E+00, 2.299738E-04 
9.241007E+00, 1.765230E-06 
2.455956E+00, 3.677946E-04 
7.476916E+00, 2.957146E-05 
5.104627E+00, 9.526630E-05 
8.322274E-01, 4.529692E-04 
9.812687E+00, 1.570599E-06 
3.871828E+00, 1.702411E-04 
5.446319E+00, 2.732091E-05 
3.042141E+00, 2.967540E-04 
9.358751E+00, 4.023815E-06 
8.771412E+00, 6.428725E-06 
9.666313E+00, 9.214833E-07 
6.039257E+00, 5.912831E-05 
8.485922E-01, 5.329581E-04 
4.756149E+00, 1.058067E-04 
6.702477E+00, 3.087132E-05 
7.946630E+00, 1.854012E-05 
4.284279E+00, 1.079780E-04 
1.001315E+01, 1.071142E-06 
1.834588E+00, 4.634862E-04 
3.981920E+00, 1.187469E-04 
8.653284E+00, 5.189297E-06 
7.912084E+00, 1.381509E-05 
5.878412E-01, 5.006293E-04 
9.187762E-01, 3.716535E-04 
4.998747E+00, 6.391033E-05 
8.956503E+00, 3.808323E-06 
7.036096E+00, 3.402622E-05 
7.853824E+00, 1.522175E-05 
2.126192E+00, 3.718200E-04 
2.559137E+00, 2.437415E-04 
-3.227856E-02, 5.321655E-04 
8.423787E+00, 5.204411E-06 
6.824942E+00, 2.424686E-05 
7.699912E+00, 2.961343E-05 
3.821605E+00, 1.920799E-04 
5.136810E+00, 7.714685E-05 
3.349248E+00, 1.646650E-04 
1.532691E+00, 5.786049E-04 
1.233180E+00, 2.533287E-04 
6.234155E+00, 9.788075E-05 
1.656582E+00, 4.606642E-04 
4.827001E+00, 1.161306E-04 
-3.770553E-01, 1.315858E-02 
6.381221E-01, 3.703649E-04 
1.787709E+00, 5.720768E-04 
4.557327E+00, 1.378922E-04 
9.425384E+00, 2.833217E-06 
2.338798E+00, 3.550016E-04 
1.427602E+00, 3.877782E-04 
2.221586E+00, 2.938812E-04 
6.600448E+00, 3.638478E-05 
4.584702E+00, 2.145032E-04 
1.458669E+00, 4.063377E-04 
8.309487E+00, 8.766726E-06 
9.848113E+00, 1.527544E-06 
6.473299E-01, 4.143274E-04 
9.010723E+00, 3.024719E-06 
3.112881E+00, 2.977995E-04 
7.867485E+00, 8.694473E-06 
1.497744E-01, 3.471542E-04 
7.314870E+00, 2.047565E-05 
1.372289E+00, 3.154568E-04 
2.674440E+00, 2.585427E-04 
8.953598E+00, 3.205722E-06 
4.177265E+00, 1.699577E-04 
9.278791E+00, 4.644611E-06 
4.053309E+00, 2.139085E-04 
1.034659E+00, 4.610049E-04 
1.283552E+00, 5.194010E-04 
8.046833E+00, 8.526736E-06 
6.649841E+00, 3.529254E-05 
7.089130E+00, 1.106834E-05 
7.092145E+00, 2.321776E-05 
2.870665E+00, 5.392649E-04 
9.053420E+00, 4.599412E-06 
6.105229E+00, 4.475778E-05 
3.465685E+00, 2.682720E-04 
4.454426E+00, 7.477572E-05 
9.165979E+00, 2.840786E-06 
2.501158E+00, 3.760946E-04 
9.019934E+00, 3.415838E-06 
3.964975E+00, 3.670889E-04 
4.176484E+00, 1.837552E-04 
4.872182E+00, 1.128701E-04 
7.791295E+00, 1.123700E-05 
4.418376E+00, 1.738285E-04 
1.581151E+00, 2.955254E-04 
2.104778E+00, 2.070797E-04 
9.415126E+00, 3.979542E-06 
8.572206E+00, 1.185991E-05 
2.245450E+00, 3.387732E-04 
9.013595E-01, 4.871652E-04 
6.176376E+00, 4.934116E-05 
4.811199E+00, 9.693913E-05 
3.691470E+00, 1.546191E-04 
8.060934E+00, 1.613472E-05 
2.704739E+00, 2.112543E-04 
6.077408E+00, 7.664365E-05 
5.401523E+00, 6.651309E-05 
3.554980E+00, 2.106157E-04 
5.377192E+00, 9.947741E-05 
1.894262E+00, 2.287007E-04 
9.556982E+00, 2.939052E-06 
5.442396E+00, 1.200982E-04 
6.689739E-01, 4.488562E-04 
1.474545E+00, 4.987025E-04 
5.081341E+00, 7.778689E-05 
5.022108E+00, 1.057201E-04 
1.771942E+00, 2.911246E-04 
3.555665E+00, 2.241523E-04 
1.033761E+01, 1.035420E-06 
6.208680E+00, 7.787519E-05 
4.282949E+00, 1.115143E-04 
8.135752E+00, 1.417154E-05 
9.422368E+00, 1.691572E-06 
4.269213E+00, 1.374723E-04 
5.571697E+00, 1.230037E-04 
2.269523E+00, 3.724639E-04 
1.742430E+00, 4.036786E-04 
5.480530E+00, 6.495209E-05 
6.161398E+00, 5.861467E-05 
2.296585E+00, 3.227889E-04 
5.639404E+00, 8.101512E-05 
1.948958E+00, 6.864737E-04 
5.448923E+00, 9.438880E-05 
1.979189E+00, 1.180516E-04 
7.397535E+00, 2.150526E-05 
4.954679E+00, 1.261214E-04 
1.733816E-01, 3.628637E-04 
8.493091E+00, 5.219368E-06 
2.864531E+00, 2.688927E-04 
9.787764E+00, 2.112372E-06 
-9.523095E-01, 1.478681E-02 
7.284588E+00, 1.705121E-05 
3.418007E+00, 2.398634E-04 
5.462045E+00, 9.695995E-05 
8.402418E+00, 9.374550E-06 
2.302509E-01, 1.057166E-03 
7.528964E+00, 2.520247E-05 
1.825808E+00, 2.260086E-04 
7.787898E+00, 8.011097E-06 
3.772116E+00, 1.319541E-04 
3.953806E+00, 2.045644E-04 
9.696473E+00, 2.267638E-06 
1.864858E+00, 3.390182E-04 
1.027306E+01, 8.131062E-07 
1.285325E+00, 5.097499E-04 
6.806657E-01, 3.714884E-04 
7.334705E-01, 3.386103E-04 
3.748283E+00, 1.655163E-04 
4.532214E+00, 1.902409E-04 
9.732154E+00, 1.692500E-06 
9.901864E+00, 1.528871E-06 
3.623011E+00, 1.736566E-04 
9.669205E-01, 3.069234E-04 
4.374305E+00, 1.427996E-04 
3.255289E-01, 3.565794E-04 
3.035687E+00, 2.521961E-04 
5.650228E+00, 9.650188E-05 
7.230568E+00, 2.302009E-05 
4.369754E+00, 2.178347E-04 
3.626114E+00, 2.417221E-04 
7.633466E+00, 2.237868E-05 
1.772772E+00, 3.361235E-04 
6.567582E+00, 3.335930E-05 
8.471349E+00, 8.421777E-06 
1.068366E+01, 1.412958E-06 
2.610603E+00, 3.741255E-04 
5.636406E+00, 1.137926E-04 
5.270918E+00, 7.186262E-05 
3.618807E+00, 2.520469E-04 
8.123271E+00, 1.534615E-05 
9.099274E+00, 2.790359E-06 
1.490310E+00, 3.636984E-04 
3.713523E+00, 1.402501E-04 
9.886152E+00, 1.049163E-06 
2.653333E+00, 3.773752E-04 
8.971896E+00, 3.093950E-06 
8.483545E-01, 3.501563E-04 
7.018982E+00, 2.073768E-05 
1.523264E+00, 4.141501E-04 
3.365966E+00, 1.384491E-04 
3.271898E-01, 8.652460E-04 
4.458493E+00, 6.591872E-05 
3.988681E+00, 1.720707E-04 
2.667263E+00, 3.286359E-04 
4.848511E+00, 7.982243E-05 
8.826957E+00, 3.046736E-06 
9.903171E+00, 2.693227E-06 
9.137275E+00, 3.116241E-06 
4.640292E+00, 7.385110E-05 
6.046821E+00, 8.074124E-05 
1.951685E+00, 1.063704E-04 
7.977395E+00, 1.613472E-05 
3.243761E+00, 2.388576E-04 
9.781320E+00, 7.532386E-07 
7.789800E+00, 3.478823E-05 
8.534308E+00, 1.056861E-05 
2.011917E+00, 2.917559E-04 
8.966410E+00, 2.786457E-06 
7.761740E+00, 2.197908E-05 
6.734070E+00, 2.145182E-05 
3.646218E+00, 2.153732E-04 
3.993105E+00, 1.323919E-04 
2.047378E+00, 4.437024E-04 
8.172067E+00, 7.531996E-06 
-5.024619E+00, 1.888937E-02 
4.339557E+00, 1.165191E-04 
1.417176E+00, 3.033736E-04 
7.376826E+00, 1.657043E-05 
3.567936E+00, 1.718305E-04 
4.984214E+00, 9.986503E-05 
7.814172E+00, 2.120593E-05 
3.531318E+00, 2.192273E-04 
9.173623E+00, 2.828308E-06 
2.248720E+00, 4.588353E-04 
6.408661E+00, 3.511502E-05 
9.872607E-01, 3.559785E-04 
6.865292E+00, 4.272811E-05 
1.077042E+01, 1.140998E-06 
-1.823798E+00, 1.481281E-02 
4.321702E+00, 1.722141E-04 
9.713258E+00, 4.450656E-06 
4.189170E+00, 1.719670E-04 
3.737833E+00, 1.873520E-04 
4.765047E+00, 7.391216E-05 
3.676748E+00, 2.271186E-04 
2.569668E+00, 2.856762E-04 
4.328824E+00, 1.739021E-04 
9.498288E+00, 2.694316E-06 
3.802310E+00, 2.778426E-04 
8.936757E+00, 3.244333E-06 
9.658057E+00, 2.181333E-06 
1.297484E+00, 4.274620E-04 
2.844083E+00, 2.680757E-04 
5.107037E+00, 1.067852E-04 
7.723657E+00, 3.204584E-05 
5.833066E+00, 3.729631E-05 
5.977792E+00, 8.463150E-05 
7.463913E+00, 1.630791E-05 
9.401706E+00, 1.682712E-06 
5.498744E+00, 6.395752E-05 
7.176785E+00, 2.954048E-05 
2.443817E-01, 2.928987E-04 
4.191183E+00, 1.752139E-04 
3.373809E+00, 3.272753E-04 
4.241251E+00, 1.707856E-04 
7.304168E+00, 2.540425E-05 
3.539239E+00, 3.215221E-04 
9.251418E-01, 4.566479E-04 
5.417284E+00, 1.163599E-04 
6.987958E+00, 4.163515E-05 
5.253246E+00, 1.194042E-04 
8.701708E+00, 3.053966E-06 
8.007087E+00, 8.391551E-06 
8.153997E+00, 1.018167E-05 
4.526007E+00, 1.224918E-04 
5.104105E+00, 6.514499E-05 
4.124618E+00, 2.072862E-04 
1.422090E+00, 4.920192E-04 
9.334674E+00, 3.145736E-06 
1.214064E+00, 3.069868E-04 
2.680537E+00, 2.553278E-04 
9.177275E+00, 2.668964E-06 
3.149778E+00, 2.583163E-04 
9.251606E+00, 2.870134E-06 
8.600509E+00, 7.187378E-06 
3.167723E+00, 2.279566E-04 
2.172522E+00, 2.336402E-04 
3.584578E+00, 2.190095E-04 
2.000334E+00, 2.583485E-04 
-9.831424E-02, 2.852848E-04 
5.907783E+00, 4.551826E-05 
3.660844E+00, 1.858849E-04 
2.966347E+00, 3.261504E-04 
3.161855E+00, 3.787749E-04 
6.762590E+00, 2.671129E-05 
7.111973E+00, 2.732568E-05 
1.020444E+01, 1.142927E-06 
1.005770E+01, 1.077445E-06 
6.844203E+00, 4.610770E-05 
7.643084E+00, 2.404158E-05 
5.141886E+00, 1.007065E-04 
8.118069E+00, 8.903395E-06 
8.871983E+00, 5.175551E-06 
2.165762E+00, 4.520632E-04 
7.456370E+00, 3.399546E-05 
9.284834E-01, 2.724951E-04 
1.531395E+00, 2.853006E-04 
6.528329E+00, 3.022988E-05 
7.981692E+00, 1.562447E-05 
6.079452E+00, 6.750909E-05 
6.927476E+00, 2.976639E-05 
6.855911E+00, 3.975582E-05 
2.607442E-01, 6.943083E-04 
7.410551E-01, 3.546890E-04 
5.606779E+00, 9.931110E-05 
6.415697E+00, 4.647143E-05 
3.716091E+00, 1.919460E-04 
7.493055E+00, 2.013954E-05 
1.618102E+00, 4.128487E-04 
6.892084E+00, 3.403398E-05 
1.397418E+00, 3.964000E-04 
5.717722E+00, 9.376510E-05 
7.156316E+00, 2.187966E-05 
3.411752E+00, 2.336366E-04 
1.603034E+00, 3.328414E-04 
6.823335E+00, 2.588287E-05 
6.356466E+00, 2.424471E-05 
5.119440E+00, 7.402715E-05 
2.392480E+00, 3.733287E-04 
8.721662E+00, 4.667196E-06 
2.976320E+00, 2.263838E-04 
8.408406E+00, 8.977464E-06 
3.586421E-02, 5.260796E-04 
6.945257E+00, 2.702932E-05 
8.246050E+00, 7.485109E-06 
6.186782E+00, 8.562866E-05 
1.838775E+00, 2.385531E-04 
5.622318E+00, 9.599333E-05 
3.189462E+00, 2.826705E-04 
7.234289E+00, 3.425969E-05 
7.202503E+00, 3.072119E-05 
6.756000E+00, 4.106804E-05 
5.011897E+00, 9.526630E-05 
8.834955E+00, 7.433847E-06 
4.784323E+00, 9.240770E-05 
6.201974E+00, 6.659244E-05 
3.491137E+00, 1.733425E-04 
4.216694E+00, 1.911430E-04 
-2.950670E+00, 1.651938E-02 
3.849478E+00, 2.478096E-04 
1.508292E+00, 3.202920E-04 
7.978293E+00, 1.596043E-05 
4.987466E+00, 1.353335E-04 
1.024509E+01, 1.549727E-06 
7.069167E+00, 2.996491E-05 
4.146746E+00, 2.673946E-04 
1.034948E+01, 1.225787E-06 
4.333924E-01, 6.483580E-04 
4.291494E+00, 1.955928E-04 
1.045936E+01, 6.792760E-07 
9.785362E-01, 2.188102E-04 
9.742540E+00, 1.446395E-06 
3.100438E+00, 1.800030E-04 
9.454357E+00, 2.718177E-06 
1.516021E+00, 4.986748E-04 
3.242808E+00, 2.043883E-04 
9.991932E+00, 9.600101E-07 
1.322768E+00, 5.455185E-04 
6.152748E+00, 5.902758E-05 
9.635347E+00, 1.516928E-06 
2.813340E+00, 3.380742E-04 
5.913716E+00, 6.435871E-05 
-5.393242E-01, 3.460280E-03 
4.965922E+00, 1.455067E-04 
8.777379E+00, 5.397000E-06 
9.574137E+00, 1.515100E-06 
1.037953E+00, 4.079702E-04 
5.156980E+00, 8.948828E-05 
3.734131E-01, 6.935126E-04 
2.655671E+00, 2.734511E-04 
3.829268E+00, 1.055268E-04 
3.530255E-01, 5.507860E-04 
6.213959E+00, 5.220942E-05 
5.724921E+00, 5.326416E-05 
3.493420E+00, 1.774329E-04 
9.268875E+00, 4.715212E-06 
2.530761E+00, 2.332248E-04 
4.553577E+00, 1.476044E-04 
1.140950E+00, 1.795224E-04 
1.107247E+00, 3.383235E-04 
6.083888E+00, 6.157813E-05 
7.587076E+00, 1.864726E-05 
6.360001E+00, 9.100216E-05 
9.601185E+00, 2.182107E-06 
1.173514E+00, 5.248442E-04 
8.575838E+00, 5.348397E-06 
3.223871E-01, 2.257735E-04 
8.980920E+00, 6.232483E-06 
4.028227E+00, 1.155583E-04 
7.942229E+00, 1.510182E-05 
1.045879E+01, 1.778722E-06 
6.398769E+00, 7.695793E-05 
4.067667E-01, 3.431530E-04 
2.397798E+00, 2.291293E-04 
4.946183E+00, 8.728658E-05 
1.821818E+00, 3.319398E-04 
8.378909E+00, 7.970787E-06 
2.514831E+00, 2.000649E-04 
7.913620E+00, 1.687352E-05 
8.916970E+00, 1.327669E-05 
1.072223E+01, 7.698856E-07 
3.732413E+00, 2.130270E-04 
6.888359E+00, 3.721390E-05 
5.123479E+00, 1.030037E-04 
3.593808E+00, 2.340723E-04 
6.159242E+00, 7.183715E-05 
4.878437E+00, 7.646291E-05 
1.250769E+00, 6.180442E-04 
2.291068E+00, 2.704182E-04 
8.279977E+00, 7.634067E-06 
1.817974E+00, 3.021260E-04 
8.379358E+00, 6.874272E-06 
2.574449E+00, 1.948086E-04 
1.048964E+01, 6.022230E-07 
8.093961E+00, 1.548177E-05 
8.469362E+00, 8.393258E-06 
8.897259E+00, 8.214429E-06 
1.016972E+01, 5.824765E-07 
5.348600E+00, 7.983409E-05 
3.481249E+00, 1.465931E-04 
7.666997E-01, 3.550531E-04 
-1.192008E+00, 1.369346E-02 
9.319184E+00, 4.715212E-06 
8.629447E+00, 3.993358E-06 
1.545727E+00, 2.822835E-04 
7.184605E+00, 1.697614E-05 
2.508919E-01, 2.697121E-04 
6.133058E+00, 3.511502E-05 
8.545356E+00, 7.939525E-06 
1.155852E+00, 3.367873E-04 
7.294475E-01, 4.007220E-04 
5.186352E+00, 8.875369E-05 
9.990125E-01, 3.501563E-04 
2.263941E+00, 3.665840E-04 
5.466866E+00, 7.320031E-05 
5.080673E+00, 9.474364E-05 
1.074009E+01, 1.714131E-06 
8.080271E+00, 8.501184E-06 
4.536253E+00, 2.078332E-04 
9.877399E+00, 1.197450E-06 
1.200391E+00, 4.797763E-04 
5.012960E+00, 1.175692E-04 
1.744460E+00, 4.005245E-04 
2.217264E+00, 3.041394E-04 
9.315193E+00, 4.644611E-06 
4.737068E+00, 1.125928E-04 
1.978384E+00, 4.073083E-04 
4.433882E+00, 1.459865E-04 
-4.554646E+00, 1.738497E-02 
4.850499E+00, 1.675759E-04 
6.948824E+00, 4.125170E-05 
3.418536E+00, 2.785792E-04 
7.370375E+00, 1.135017E-05 
2.982876E+00, 2.483662E-04 
8.178073E+00, 2.148460E-05 
7.299202E+00, 1.702644E-05 
2.588414E+00, 2.790732E-04 
2.947430E+00, 2.037626E-04 
8.249892E+00, 1.276061E-05 
5.746589E+00, 6.850893E-05 
2.802927E+00, 4.327990E-04 
9.048564E+00, 3.116241E-06 
5.700022E+00, 8.057417E-05 
7.925801E+00, 1.722518E-05 
8.598496E+00, 1.382137E-05 
7.590685E+00, 3.534023E-05 
8.450022E-01, 5.596158E-04 
9.712077E+00, 1.566030E-06 
1.888186E+00, 2.598848E-04 
7.246116E+00, 1.628960E-05 
1.601137E+00, 4.610049E-04 
1.628209E+00, 3.765196E-04 
3.743547E+00, 1.676892E-04 
1.967619E+00, 5.125253E-04 
6.030199E+00, 5.255637E-05 
7.992468E+00, 2.225574E-05 
3.447006E+00, 3.742990E-04 
3.306826E+00, 2.497186E-04 
4.419208E+00, 1.374723E-04 
7.709060E+00, 2.088657E-05 
2.645085E+00, 3.028526E-04 
7.367939E+00, 2.535306E-05 
8.387685E+00, 1.310569E-05 
5.660905E+00, 4.870722E-05 
4.262331E+00, 1.143515E-04 
4.376452E+00, 2.145619E-04 
5.557143E+00, 1.006679E-04 
5.594701E+00, 5.253737E-05 
4.193097E+00, 1.173375E-04 
7.520879E+00, 3.027874E-05 
2.278395E+00, 2.944114E-04 
6.017117E+00, 4.620385E-05 
8.121778E+00, 7.640918E-06 
1.884633E+00, 3.037431E-04 
2.954012E+00, 2.623617E-04 
7.046239E+00, 2.496780E-05 
3.818686E+00, 1.955281E-04 
5.232561E-01, 2.440157E-04 
1.830423E+00, 5.278416E-04 
1.065125E+01, 1.815957E-06 
1.013072E+01, 8.537131E-07 
5.237424E+00, 9.123228E-05 
6.386264E-01, 2.865543E-04 
2.265239E+00, 3.635810E-04 
5.846457E+00, 4.711495E-05 
6.166210E+00, 5.068327E-05 
7.909083E+00, 1.540926E-05 
7.576806E+00, 2.423347E-05 
6.450889E-01, 2.580371E-04 
3.740040E+00, 2.848123E-04 
7.137078E+00, 2.696211E-05 
1.089051E+00, 5.375990E-04 
5.999582E+00, 8.455802E-05 
5.374719E+00, 6.722308E-05 
8.492543E+00, 9.755506E-06 
4.995195E+00, 6.732546E-05 
5.042823E+00, 9.052604E-05 
7.585648E-01, 3.418077E-04 
9.240823E+00, 3.411098E-06 
9.452821E+00, 1.409211E-06 
4.580177E+00, 8.058302E-05 
8.782735E-01, 3.588980E-04 
1.523383E+00, 4.889902E-04 
7.256577E+00, 2.098000E-05 
8.255580E+00, 8.104981E-06 
4.586225E+00, 1.459865E-04 
3.818882E+00, 1.682338E-04 
9.227178E+00, 3.024719E-06 
9.010545E+00, 8.073105E-06 
4.722983E+00, 1.514159E-04 
5.747527E+00, 8.757946E-05 
6.805935E+00, 2.883741E-05 
9.666974E+00, 1.516921E-06 
3.367373E+00, 3.827445E-04 
8.777272E+00, 4.975451E-06 
3.219552E+00, 2.266739E-04 
4.282766E+00, 1.327507E-04 
9.467315E+00, 1.691572E-06 
3.683518E-01, 2.544223E-04 
2.524411E+00, 3.555222E-04 
8.526485E+00, 8.336623E-06 
4.113596E-01, 4.840030E-04 
4.413284E+00, 1.688829E-04 
3.428580E+00, 2.236336E-04 
6.702278E+00, 4.029254E-05 
8.535592E+00, 6.040338E-06 
4.861557E+00, 9.804956E-05 
2.679575E+00, 1.960247E-04 
3.266666E+00, 1.961978E-04 
7.271708E+00, 1.788434E-05 
1.474492E+00, 3.919034E-04 
7.346293E+00, 3.330053E-05 
6.861628E+00, 3.150151E-05 
2.651509E+00, 3.248208E-04 
7.574815E+00, 1.946743E-05 
2.503582E+00, 4.051777E-04 
6.427013E+00, 3.311175E-05 
5.392377E+00, 6.531621E-05 
2.877034E+00, 2.390072E-04 
6.344311E-01, 3.471542E-04 
7.291177E+00, 2.155964E-05 
6.041814E+00, 7.131983E-05 
4.948393E+00, 6.391033E-05 
5.352568E+00, 7.993876E-05 
6.865017E+00, 3.491722E-05 
1.018311E+01, 6.130959E-07 
1.271208E+00, 2.281816E-04 
1.441384E+00, 4.671750E-04 
8.525171E+00, 1.596181E-05 
5.950574E+00, 4.375623E-05 
1.019426E+01, 1.259730E-06 
9.664236E+00, 1.127322E-06 
4.960479E+00, 8.474246E-05 
1.164902E+00, 5.003226E-04 
5.621591E+00, 8.313758E-05 
9.964017E+00, 9.403949E-07 
6.749571E+00, 3.002888E-05 
4.395388E+00, 1.375674E-04 
6.663206E+00, 6.262190E-05 
3.258059E+00, 2.741542E-04 
6.814048E+00, 3.372571E-05 
4.078892E-01, 2.926909E-04 
6.790407E+00, 3.834135E-05 
9.237154E+00, 5.500279E-06 
5.756838E+00, 1.016676E-04 
9.409554E+00, 2.499217E-06 
6.127586E+00, 8.253720E-05 
4.657583E+00, 1.724889E-04 
5.473854E+00, 8.885121E-05 
4.225279E+00, 1.181187E-04 
4.974083E+00, 9.357591E-05 
1.280172E+00, 4.808606E-04 
6.655399E+00, 3.066766E-05 
3.589181E-01, 3.687229E-04 
6.643660E+00, 3.634286E-05 
4.290960E+00, 1.798638E-04 
3.553235E+00, 1.608465E-04 
4.309987E+00, 9.426958E-05 
1.017069E+00, 3.979573E-04 
8.014356E+00, 8.865396E-06 
7.445077E+00, 2.303242E-05 
2.122475E+00, 4.580689E-04 
1.305366E-01, 6.050037E-05 
1.714934E+00, 1.328857E-04 
5.742640E+00, 7.885383E-05 
1.447513E+00, 5.472053E-04 
5.821960E+00, 6.672536E-05 
7.204078E+00, 2.851285E-05 
7.632402E+00, 2.498267E-05 
1.679515E+00, 3.383097E-04 
1.499710E+00, 5.536868E-04 
9.763478E+00, 1.540106E-06 
3.576081E-01, 4.537139E-04 
-9.069890E-02, 9.074278E-04 
9.638050E+00, 1.664517E-06 
-1.443603E-02, 3.025019E-05 
9.441721E+00, 1.664517E-06 
4.074607E-01, 2.268570E-04 
3.563833E-01, 9.074278E-04 
9.913664E+00, 1.664517E-06 
9.758286E+00, 1.626212E-06 
5.252485E-01, 9.074278E-04 
-3.370547E-01, 6.844414E-03 
5.007114E-02, 9.528863E-04 
4.554867E-01, 9.074278E-04 
5.779247E-01, 9.074278E-04 
6.299390E-01, 4.537139E-04 
9.922352E+00, 2.621844E-06 
2.709148E-01, 6.943083E-04 
-3.390453E-02, 6.761611E-04 
1.106325E-01, 4.029636E-04 
9.153742E+00, 1.166799E-06 
9.762234E-02, 6.761611E-04 
-3.462653E-02, 1.319421E-03 
9.986497E-02, 1.319421E-03 
1.000003E-01, 1.319421E-03 
2.486830E-02, 1.319421E-03 
-2.216657E-02, 1.319421E-03 
-1.130938E-01, 1.319421E-03 
1.263791E-01, 1.319421E-03 
1.591834E-01, 9.636589E-04 
1.005515E-01, 9.636589E-04 
1.211462E-02, 9.528863E-04 
3.804910E-01, 1.057166E-03 
2.976288E-02, 9.528863E-04 
-1.869848E-03, 1.905773E-03 
9.678963E-02, 1.057166E-03 
3.616805E-01, 1.057166E-03 
2.325670E-01, 9.528863E-04 
-1.178371E-01, 4.764432E-04 
1.441288E-02, 9.528863E-04 
4.757607E-01, 4.029636E-04 
3.154147E-01, 2.926909E-04 
2.529305E-01, 3.471542E-04 
5.194484E-01, 2.697121E-04 
6.855177E-01, 2.634738E-04 
7.828073E-01, 2.865543E-04 
4.109183E-01, 2.613538E-04 
6.239651E-01, 2.544223E-04 
7.019361E-01, 2.507392E-04 
3.073849E-01, 2.440157E-04 
3.596015E-01, 2.341180E-04 
4.012557E-01, 2.268570E-04 
5.504415E-01, 2.257735E-04 
2.211643E-01, 4.764432E-04 
6.156835E-01, 3.471542E-04 
1.075252E+00, 2.793860E-04 
9.646827E-01, 4.324175E-04 
1.113716E+00, 4.871652E-04 
1.329583E+00, 3.760194E-04 
1.194642E+00, 3.435275E-04 
1.375898E+00, 2.917942E-04 
1.382002E+00, 2.686917E-04 
1.601307E+00, 3.138203E-04 
1.426635E+00, 3.042182E-04 
1.464824E+00, 2.853006E-04 
1.239651E+00, 2.838281E-04 
1.545573E+00, 2.822835E-04 
1.688167E+00, 2.751591E-04 
1.559662E+00, 2.604361E-04 
1.519124E+00, 2.554008E-04 
1.944745E+00, 3.171492E-04 
1.939731E+00, 2.583388E-04 
1.992392E+00, 2.287007E-04 
1.993196E+00, 2.166190E-04 
2.037202E+00, 2.062522E-04 
1.942020E+00, 2.011500E-04 
2.121344E+00, 1.825629E-04 
1.786193E+00, 1.750330E-04 
2.168543E+00, 2.743620E-04 
2.181100E+00, 2.697757E-04 
2.249301E+00, 2.611025E-04 
2.343682E+00, 2.551935E-04 
2.158277E+00, 2.525575E-04 
2.304276E+00, 2.353834E-04 
2.274276E+00, 2.270801E-04 
2.012432E+00, 2.160843E-04 
2.403245E+00, 2.157922E-04 
2.657565E+00, 2.112543E-04 
2.806038E+00, 1.820811E-04 
2.662907E+00, 1.816296E-04 
2.820696E+00, 1.787184E-04 
3.124290E+00, 2.043883E-04 
2.714896E+00, 1.547207E-04 
2.518791E+00, 1.960247E-04 
2.806752E+00, 1.516578E-04 
2.801375E+00, 1.502425E-04 
3.228422E+00, 2.178909E-04 
2.995784E+00, 2.073420E-04 
3.033083E+00, 1.924412E-04 
2.875446E+00, 1.584235E-04 
3.204428E+00, 1.506693E-04 
3.434895E+00, 1.465931E-04 
3.120818E+00, 1.453261E-04 
2.988268E+00, 2.436979E-04 
2.920581E+00, 1.756662E-04 
3.556088E+00, 1.646650E-04 
3.356984E+00, 1.149869E-04 
3.100373E+00, 1.441935E-04 
3.272427E+00, 1.384491E-04 
3.326306E+00, 1.380516E-04 
3.434286E+00, 1.329079E-04 
3.633056E+00, 1.701903E-04 
3.419609E+00, 1.608465E-04 
3.357262E+00, 1.411567E-04 
3.772281E+00, 1.402501E-04 
3.663585E+00, 1.387930E-04 
3.746782E+00, 1.538179E-04 
3.593573E+00, 1.373996E-04 
3.807161E+00, 1.358362E-04 
3.520645E+00, 1.319541E-04 
3.806569E+00, 1.849222E-04 
3.609339E+00, 1.554912E-04 
4.171754E+00, 1.375674E-04 
4.382228E+00, 1.155583E-04 
3.228594E+00, 1.149869E-04 
4.076077E+00, 9.761738E-05 
4.082062E+00, 9.426958E-05 
4.187656E+00, 8.003062E-05 
4.073233E+00, 7.613293E-05 
4.292300E+00, 1.079780E-04 
4.908869E+00, 8.454513E-05 
4.658860E+00, 7.385110E-05 
4.838113E+00, 6.732546E-05 
4.417254E+00, 6.591872E-05 
4.790385E+00, 6.584356E-05 
4.662452E+00, 7.793073E-05 
4.709001E+00, 8.769674E-05 
4.961071E+00, 6.326680E-05 
4.835373E+00, 6.175041E-05 
4.474206E+00, 7.477572E-05 
4.947008E+00, 7.976371E-05 
5.093575E+00, 6.879820E-05 
4.680540E+00, 6.784153E-05 
4.948133E+00, 6.196642E-05 
5.020365E+00, 6.180589E-05 
5.454753E+00, 7.186262E-05 
5.274474E+00, 7.054426E-05 
5.445973E+00, 5.678327E-05 
5.601620E+00, 5.326416E-05 
5.691962E+00, 6.874609E-05 
5.872838E+00, 6.270704E-05 
5.840421E+00, 5.641122E-05 
5.920979E+00, 4.420030E-05 
6.003823E+00, 4.032188E-05 
5.861561E+00, 3.837752E-05 
5.733729E+00, 3.815701E-05 
5.832918E+00, 3.794906E-05 
5.825119E+00, 3.768946E-05 
6.145002E+00, 6.672536E-05 
5.987433E+00, 5.062265E-05 
5.826467E+00, 4.637724E-05 
6.166404E+00, 4.515095E-05 
6.048180E+00, 4.509225E-05 
6.144689E+00, 4.218127E-05 
6.137507E+00, 5.255637E-05 
6.095179E+00, 5.131420E-05 
6.186285E+00, 4.748162E-05 
6.554860E+00, 3.472794E-05 
6.457275E+00, 3.329622E-05 
6.352835E+00, 3.179915E-05 
6.421501E+00, 3.834135E-05 
6.279968E+00, 3.107615E-05 
6.743711E+00, 2.385876E-05 
6.655154E+00, 2.367756E-05 
6.570927E+00, 2.343987E-05 
6.576683E+00, 2.306380E-05 
6.568085E+00, 2.304239E-05 
6.637854E+00, 2.130176E-05 
6.756261E+00, 2.896337E-05 
3.127324E+00, 1.174266E-04 
6.799794E+00, 3.076903E-05 
6.662382E+00, 2.948460E-05 
6.858210E+00, 2.868016E-05 
7.025655E+00, 2.184683E-05 
6.982388E+00, 1.945673E-05 
7.006598E+00, 1.788434E-05 
7.381290E+00, 1.705121E-05 
7.139545E+00, 1.662722E-05 
7.419505E+00, 1.741504E-05 
7.627945E+00, 1.731590E-05 
7.996311E+00, 1.793886E-05 
7.713429E+00, 1.371302E-05 
7.827359E+00, 1.163455E-05 
7.782340E+00, 1.490631E-05 
8.068590E+00, 1.121521E-05 
8.072353E+00, 9.827705E-06 
8.104879E+00, 8.391551E-06 
2.010361E+00, 2.951291E-05 
1.946898E+00, 2.951291E-05 
1.705652E+00, 2.659260E-05 
1.895979E+00, 2.659260E-05 
1.780821E+00, 2.951291E-05 
1.769891E+00, 2.951291E-05 
1.798644E+00, 2.659260E-05 
1.641775E+00, 2.659260E-05 
1.696399E+00, 3.322141E-05 
1.791496E+00, 6.644283E-05 
1.957961E+00, 3.322141E-05 
8.099689E+00, 9.487753E-06 
7.898605E+00, 9.043530E-06 
8.224816E+00, 8.146040E-06 
8.077164E+00, 7.982456E-06 
1.211486E+00, 4.488060E-05 
1.064564E+00, 8.976121E-05 
1.234613E+00, 4.488060E-05 
8.238496E+00, 8.849159E-06 
8.279092E+00, 7.062415E-06 
8.470133E+00, 6.946755E-06 
8.474720E+00, 7.634067E-06 
8.556052E+00, 8.142529E-06 
8.732541E+00, 5.163936E-06 
8.623082E+00, 5.619389E-06 
9.024926E+00, 3.781092E-06 
9.126461E+00, 5.740268E-06 
9.140040E+00, 3.108880E-06 
9.082806E+00, 3.046736E-06 
9.361787E+00, 5.432486E-06 
9.002741E+00, 2.870134E-06 
8.996797E+00, 2.815385E-06 
9.009473E+00, 2.785942E-06 
9.212913E+00, 2.716243E-06 
9.409015E+00, 2.678523E-06 
9.406334E+00, 2.479545E-06 
9.433749E+00, 3.331754E-06 
9.589198E+00, 2.225017E-06 
9.991601E+00, 2.145373E-06 
9.740959E+00, 2.891471E-06 
1.027852E+01, 1.347234E-06 
1.022060E+01, 1.267250E-06 
9.816584E+00, 1.260541E-06 
1.019291E+01, 1.077445E-06 
9.949129E+00, 8.335438E-07 
9.787777E+00, 7.605171E-07 
9.982778E+00, 7.501179E-07 
9.905155E+00, 7.340676E-07 
