1.409512E-02, 1.096047E-04 
2.410031E+00, 3.215021E-04 
3.422937E+00, 2.231452E-04 
1.210087E+00, 3.833159E-04 
5.167011E+00, 1.011519E-04 
8.133839E-01, 9.021368E-04 
5.228952E+00, 9.181054E-05 
1.942602E+00, 2.986445E-04 
1.851108E+00, 5.163056E-04 
3.476692E-01, 2.031216E-04 
4.785475E+00, 1.100825E-04 
6.290552E+00, 5.248530E-05 
6.643055E-01, 7.759027E-04 
2.343484E+00, 4.415650E-04 
7.480676E+00, 3.664871E-05 
8.597395E+00, 4.409544E-06 
6.187965E+00, 2.956448E-05 
8.809746E+00, 5.994612E-06 
8.128076E+00, 1.280042E-05 
2.868363E-01, 4.545814E-04 
8.517822E-01, 3.105576E-04 
1.678121E+00, 2.924988E-04 
-1.099290E-01, 3.322017E-04 
9.094989E+00, 3.799279E-06 
9.529176E+00, 6.961936E-07 
4.800472E+00, 9.943208E-05 
8.291672E+00, 4.926293E-06 
9.828973E-01, 3.342908E-04 
1.610244E+00, 4.190908E-04 
7.296492E+00, 1.781522E-05 
5.641247E+00, 8.545293E-05 
1.976403E+00, 3.918750E-04 
8.710924E+00, 2.945630E-06 
9.077318E+00, 2.698921E-06 
3.752385E+00, 2.826714E-04 
6.178484E+00, 3.774458E-05 
1.572889E+00, 2.120104E-04 
1.584541E+00, 3.830179E-04 
5.822285E+00, 6.445864E-05 
4.769515E+00, 6.188668E-05 
5.413046E+00, 7.526829E-05 
3.729552E+00, 1.177680E-04 
7.608968E+00, 2.344153E-05 
5.805744E+00, 9.727974E-05 
3.020406E+00, 2.846317E-04 
2.429844E+00, 2.015404E-04 
7.402665E+00, 2.069297E-05 
4.085539E+00, 1.318983E-04 
5.708372E+00, 6.501453E-05 
5.408768E+00, 7.821827E-05 
3.348658E+00, 1.640042E-04 
7.085521E+00, 1.691531E-05 
2.773519E+00, 3.158390E-04 
1.199798E+00, 3.965468E-04 
1.275748E+00, 1.707964E-04 
3.754710E+00, 2.726153E-04 
-5.546389E+00, 1.617732E-02 
4.237971E+00, 5.631781E-05 
4.771406E+00, 9.735556E-05 
6.009322E+00, 3.138026E-05 
7.279975E+00, 1.904923E-05 
-1.630241E+00, 1.618034E-02 
3.517391E+00, 1.579335E-04 
1.964084E+00, 4.123047E-04 
7.654379E+00, 1.482462E-05 
1.502428E+00, 2.716823E-04 
8.420711E+00, 7.562484E-06 
5.633003E+00, 8.054716E-05 
9.964337E+00, 3.317254E-07 
5.203979E+00, 6.967401E-05 
-1.555207E+00, 1.484204E-02 
8.751566E+00, 1.114126E-05 
9.095800E+00, 2.252723E-06 
9.152057E+00, 1.960384E-06 
1.097800E+00, 4.328053E-04 
3.393235E+00, 2.705442E-04 
6.736130E+00, 4.660452E-05 
6.546886E-01, 5.032923E-04 
5.568497E+00, 6.125421E-05 
5.718840E+00, 4.157610E-05 
6.352981E+00, 7.739122E-05 
1.927517E-01, 2.004056E-04 
1.188168E+00, 2.139971E-04 
7.569298E+00, 3.380028E-05 
8.841417E-01, 2.900413E-04 
4.120803E+00, 2.389525E-04 
6.340707E+00, 3.865244E-05 
7.775674E+00, 9.368847E-06 
9.860632E+00, 2.607829E-06 
9.397015E+00, 3.547116E-06 
5.488198E+00, 6.300071E-05 
4.378105E+00, 7.883585E-05 
7.753026E+00, 1.803938E-05 
1.062485E+00, 3.357405E-04 
6.289065E+00, 4.592521E-05 
9.773958E+00, 4.473919E-07 
4.522146E-01, 4.407555E-04 
8.237004E+00, 4.635915E-06 
4.790577E+00, 5.938976E-05 
9.340622E+00, 1.420691E-06 
8.511142E+00, 8.029948E-06 
1.821462E+00, 2.929250E-04 
1.234955E+00, 4.547758E-04 
5.091230E+00, 1.509274E-04 
4.458402E+00, 1.334656E-04 
6.119556E-01, 4.299476E-04 
4.798926E+00, 1.047325E-04 
7.755694E+00, 1.317455E-05 
8.634991E+00, 4.315989E-06 
4.719855E+00, 1.342523E-04 
2.078581E+00, 2.977943E-04 
1.771085E+00, 4.975519E-04 
4.685178E+00, 7.817376E-05 
3.657321E-02, 4.470018E-07 
3.963707E+00, 1.993131E-04 
1.008225E+00, 5.351129E-04 
9.157134E+00, 1.839631E-06 
4.229404E+00, 8.341306E-05 
6.891308E+00, 1.830165E-05 
6.583749E+00, 7.608568E-05 
7.619890E+00, 2.280408E-05 
7.368277E+00, 1.374570E-05 
6.270808E+00, 1.013483E-04 
2.235304E+00, 3.343444E-04 
5.848280E+00, 3.138026E-05 
4.148122E+00, 1.952825E-04 
6.968770E+00, 3.210078E-05 
7.248102E+00, 1.275481E-05 
1.656086E+00, 4.916545E-04 
8.518190E+00, 1.267622E-05 
3.155692E+00, 1.062427E-04 
6.124692E+00, 2.723753E-05 
8.066862E+00, 8.819087E-06 
9.223016E+00, 1.683935E-06 
9.244515E+00, 2.338822E-06 
2.713627E+00, 2.145420E-04 
6.302869E+00, 6.898556E-05 
5.259963E+00, 1.286589E-04 
3.664200E+00, 2.616538E-04 
4.016612E+00, 1.565528E-04 
4.859133E+00, 1.533269E-04 
4.697526E+00, 1.423904E-04 
2.865435E+00, 3.576180E-04 
2.876530E+00, 1.981723E-04 
7.316646E+00, 2.021005E-05 
4.577163E-01, 2.063136E-04 
3.346955E+00, 1.773796E-04 
1.168492E+00, 3.565162E-04 
3.571359E+00, 1.661942E-04 
3.977117E+00, 2.446325E-04 
3.391557E-01, 2.288649E-04 
7.420853E-01, 4.991682E-04 
4.435882E+00, 1.339543E-04 
8.581316E+00, 5.272269E-06 
9.478940E+00, 9.785381E-07 
1.599802E-01, 4.545814E-04 
4.129987E+00, 1.401628E-04 
8.585773E+00, 7.118685E-06 
3.634416E+00, 2.451513E-04 
8.259162E+00, 1.778926E-05 
8.456754E+00, 3.988053E-06 
7.314436E+00, 1.476226E-05 
3.065754E+00, 3.061956E-04 
9.527202E+00, 4.827683E-07 
2.632657E+00, 2.624309E-04 
1.017133E+01, 4.643482E-07 
7.124055E+00, 3.326425E-05 
2.080384E+00, 2.732765E-04 
8.213221E+00, 1.106514E-05 
1.491117E-02, 2.077444E-03 
1.084213E+00, 4.951016E-04 
8.453257E+00, 6.353894E-06 
3.272729E+00, 3.374269E-04 
2.490171E+00, 3.669528E-04 
6.657569E+00, 3.866056E-05 
6.676992E+00, 5.406036E-05 
5.097923E+00, 9.030948E-05 
9.305316E+00, 2.685265E-06 
5.413383E+00, 7.723066E-05 
2.316639E+00, 1.997307E-04 
4.879320E+00, 1.244148E-04 
8.464359E+00, 5.744111E-06 
9.100772E+00, 2.454502E-06 
2.061896E+00, 3.320448E-04 
9.603350E+00, 4.060936E-07 
-7.375739E-02, 3.043804E-04 
6.766506E+00, 3.755099E-05 
9.543779E+00, 1.014205E-06 
8.620283E+00, 4.003155E-06 
4.050129E+00, 1.293044E-04 
8.008921E+00, 6.679045E-06 
8.916424E+00, 4.906713E-06 
3.676321E-01, 2.423977E-04 
2.645235E+00, 1.410951E-04 
5.592635E+00, 6.125421E-05 
3.167648E+00, 2.365751E-04 
4.093885E+00, 1.685140E-04 
5.333461E+00, 9.294083E-05 
8.499831E+00, 5.954344E-06 
6.442787E+00, 2.787154E-05 
1.847482E+00, 4.660666E-04 
6.216327E+00, 3.678341E-05 
4.779765E+00, 1.098521E-04 
5.911008E+00, 7.269276E-05 
8.995629E-01, 8.797555E-04 
6.168603E+00, 4.196158E-05 
8.411421E+00, 7.713439E-06 
2.193447E+00, 2.594144E-04 
3.734688E+00, 2.486081E-04 
3.311336E+00, 2.698944E-04 
8.582068E+00, 2.269433E-06 
4.387465E+00, 1.221976E-04 
2.731611E+00, 2.908999E-04 
2.478366E+00, 3.879201E-04 
2.000623E+00, 3.914756E-04 
6.408427E+00, 4.406744E-05 
8.110701E+00, 8.110404E-06 
1.043003E+00, 3.467012E-04 
9.885062E+00, 3.275526E-07 
2.132144E+00, 3.049455E-04 
4.284887E+00, 1.099253E-04 
3.755723E+00, 1.937651E-04 
1.706326E+00, 5.690728E-04 
5.134766E+00, 8.699745E-05 
3.299619E+00, 3.026055E-04 
7.423575E+00, 2.302325E-05 
3.136931E-01, 2.831313E-04 
9.025448E+00, 5.020309E-06 
9.400181E-01, 4.985152E-04 
6.008945E+00, 8.300784E-05 
5.905460E+00, 6.592969E-05 
8.163261E+00, 1.455187E-05 
2.039112E+00, 5.285647E-04 
4.916842E+00, 1.333839E-04 
3.348682E+00, 2.553903E-04 
4.070798E+00, 1.709520E-04 
9.499525E+00, 8.419674E-07 
6.783237E+00, 3.630635E-05 
4.111645E+00, 1.123172E-04 
1.605904E+00, 3.506907E-04 
1.364802E+00, 4.860389E-04 
9.596381E+00, 4.408642E-07 
8.131230E+00, 1.150637E-05 
3.059359E-01, 1.976215E-04 
5.751380E+00, 6.709736E-05 
8.919960E+00, 3.811649E-06 
6.267922E+00, 7.299413E-05 
9.425766E-01, 3.201480E-04 
2.448002E+00, 1.438806E-04 
7.695415E+00, 1.795999E-05 
7.017147E+00, 1.469569E-05 
7.033101E+00, 3.429694E-05 
4.760403E+00, 7.817376E-05 
7.700098E+00, 1.508688E-05 
5.576493E+00, 7.821827E-05 
7.068576E+00, 2.113190E-05 
8.256644E+00, 4.124043E-06 
5.741232E+00, 6.084139E-05 
5.065636E+00, 7.554735E-05 
9.659795E+00, 2.567565E-06 
4.465180E-01, 3.141415E-04 
5.035801E+00, 9.181054E-05 
4.409277E+00, 1.221220E-04 
3.344237E-01, 4.545814E-04 
6.214022E+00, 6.219620E-05 
6.722760E+00, 3.399096E-05 
9.070484E+00, 3.109789E-06 
9.075026E+00, 3.462838E-06 
7.801907E-01, 4.420881E-04 
2.607668E+00, 2.022334E-04 
8.209410E+00, 1.258104E-05 
2.744406E+00, 2.512348E-04 
2.311925E+00, 4.386566E-04 
3.429405E+00, 1.923567E-04 
7.571355E+00, 1.508385E-05 
3.298443E-01, 3.893645E-04 
1.647755E+00, 3.653031E-04 
3.793734E+00, 1.790189E-04 
5.898070E+00, 7.707860E-05 
6.490842E+00, 3.349195E-05 
6.839488E+00, 4.741405E-05 
2.380071E+00, 1.904058E-04 
6.753741E+00, 4.068744E-05 
3.679619E+00, 1.676337E-04 
1.224720E+00, 3.568327E-05 
2.532211E-01, 2.145307E-04 
3.701884E+00, 2.001440E-04 
8.214666E+00, 1.002102E-05 
5.078735E+00, 5.935969E-05 
2.123505E+00, 3.976712E-04 
6.953869E+00, 3.252393E-05 
4.652697E-01, 3.783537E-04 
9.743688E+00, 2.622630E-07 
3.090904E-01, 4.002227E-04 
2.217492E+00, 2.641626E-04 
4.928848E+00, 9.057336E-05 
6.038815E+00, 7.219237E-05 
8.028622E+00, 1.039697E-05 
6.810913E+00, 2.546886E-05 
5.643319E+00, 5.200249E-05 
3.149930E+00, 2.173181E-04 
8.089556E+00, 1.046389E-05 
6.743165E+00, 3.304667E-05 
3.464861E+00, 3.284147E-04 
2.206531E+00, 3.365129E-04 
6.855343E+00, 2.316333E-05 
1.315369E+00, 5.598899E-04 
1.522391E+00, 4.669388E-04 
5.999059E+00, 9.472440E-05 
9.177224E+00, 4.094547E-06 
2.896672E+00, 2.139298E-04 
8.690781E+00, 3.027580E-06 
1.149754E+00, 2.085058E-04 
4.634161E+00, 7.461291E-05 
5.423482E+00, 7.494603E-05 
1.459454E+00, 2.327956E-04 
9.977319E+00, 5.165339E-07 
5.007270E+00, 7.435309E-05 
9.303104E-01, 5.419239E-04 
3.878955E+00, 1.600076E-04 
5.235388E+00, 7.665945E-05 
9.924019E+00, 4.209837E-07 
4.229054E+00, 2.077943E-04 
3.671554E+00, 2.043157E-04 
1.897108E+00, 3.687469E-04 
7.491578E+00, 1.245498E-05 
4.599280E+00, 5.278330E-05 
5.354921E+00, 4.939740E-05 
3.328495E+00, 2.068527E-04 
5.806746E+00, 6.000034E-05 
9.233445E+00, 2.141307E-06 
7.787268E+00, 1.370873E-05 
8.191695E+00, 1.230017E-05 
3.989231E+00, 1.789305E-04 
7.624036E+00, 1.571559E-05 
2.706906E+00, 3.445563E-04 
7.097104E+00, 2.371265E-05 
2.722313E+00, 2.053762E-04 
1.330237E+00, 5.659497E-04 
9.330527E+00, 1.310210E-06 
5.861072E+00, 1.247752E-04 
2.327955E+00, 3.115647E-04 
3.117689E+00, 3.284457E-04 
5.691661E-01, 3.043504E-04 
5.663218E+00, 7.494603E-05 
8.208876E+00, 6.741203E-06 
2.034244E+00, 2.601443E-04 
7.502252E+00, 1.741179E-05 
3.883372E+00, 1.937351E-04 
-3.270489E-02, 4.545814E-04 
4.124185E+00, 1.173262E-04 
2.699901E+00, 3.305652E-04 
5.954655E+00, 6.462395E-05 
3.443428E+00, 1.134748E-04 
2.154745E+00, 2.737751E-04 
8.934446E+00, 2.745405E-06 
3.999768E+00, 3.029934E-04 
8.813750E+00, 5.624324E-06 
7.329799E+00, 3.180624E-05 
7.079031E+00, 2.451745E-05 
8.324816E+00, 8.050103E-06 
8.222470E-02, 2.215368E-04 
9.342763E+00, 2.989279E-06 
8.321198E+00, 1.230184E-05 
5.252209E+00, 6.404222E-05 
4.715619E+00, 1.391289E-04 
2.550322E+00, 3.440050E-04 
4.066060E+00, 1.501285E-04 
5.315327E+00, 5.973390E-05 
7.419453E+00, 2.069675E-05 
7.612254E+00, 2.381478E-05 
1.949846E-01, 1.386329E-04 
2.865004E+00, 4.064193E-04 
3.306374E+00, 1.330412E-04 
5.980736E+00, 6.551501E-05 
3.157389E+00, 2.836428E-04 
1.864973E+00, 4.036559E-04 
1.023700E+01, 4.032816E-07 
4.364236E+00, 1.150125E-04 
3.743135E+00, 2.037446E-04 
2.240155E+00, 2.526283E-04 
1.862691E+00, 4.432555E-04 
2.032317E+00, 4.301086E-04 
7.797348E+00, 1.644214E-05 
1.926600E+00, 5.317548E-04 
1.418490E+00, 4.950230E-04 
7.629165E+00, 1.708781E-05 
1.695830E+00, 3.500043E-04 
6.649858E+00, 4.567120E-05 
7.176044E+00, 2.779702E-05 
3.521021E+00, 1.315899E-04 
4.053393E+00, 1.443618E-04 
9.385316E-01, 3.787176E-04 
5.743515E+00, 4.491611E-05 
6.657289E+00, 3.307969E-05 
2.291599E+00, 2.455798E-04 
5.249818E+00, 8.457160E-05 
3.117679E+00, 4.161614E-04 
5.966825E+00, 7.277099E-05 
6.714503E+00, 7.686253E-05 
7.965467E+00, 1.294696E-05 
6.213005E+00, 3.650767E-05 
3.464869E+00, 1.564285E-04 
9.564633E+00, 3.372526E-06 
2.807216E+00, 2.697453E-04 
6.550589E+00, 5.898429E-05 
6.512131E+00, 3.948973E-05 
4.713679E+00, 9.104347E-05 
3.868800E+00, 2.157376E-04 
9.421632E+00, 2.670145E-06 
4.585878E+00, 9.636573E-05 
6.434448E+00, 5.665374E-05 
7.333988E+00, 1.455603E-05 
6.352718E+00, 6.127297E-05 
5.734537E+00, 6.804389E-05 
6.497520E+00, 3.940222E-05 
9.052700E-01, 3.226488E-04 
1.741403E+00, 3.829401E-04 
7.521134E+00, 2.263318E-05 
7.962192E+00, 1.510515E-05 
7.282086E-01, 3.737303E-04 
4.360810E+00, 8.341662E-05 
7.859187E+00, 1.280278E-05 
1.142916E+00, 5.371114E-04 
5.300447E+00, 7.342527E-05 
5.385995E+00, 1.001391E-04 
5.898892E+00, 7.838030E-05 
6.566823E+00, 3.869830E-05 
4.063592E+00, 1.335734E-04 
7.697602E+00, 8.618280E-06 
7.341190E-01, 5.757096E-04 
9.062521E+00, 5.083934E-06 
9.536186E+00, 2.157813E-06 
4.185206E+00, 1.159150E-04 
8.258310E-01, 3.498441E-04 
8.514922E-01, 4.095662E-04 
5.158814E+00, 8.341662E-05 
5.502441E+00, 7.891659E-05 
1.229877E+00, 4.711782E-04 
8.120499E+00, 2.444328E-05 
4.088362E+00, 2.240549E-04 
2.881073E+00, 3.196558E-04 
2.952797E+00, 3.048634E-04 
4.278634E-01, 1.386329E-04 
9.186091E+00, 1.686263E-06 
2.939769E-01, 2.215368E-04 
1.171258E-01, 3.091568E-04 
7.393213E-01, 1.386329E-04 
7.249446E-01, 5.292029E-04 
5.069782E+00, 7.482120E-05 
1.791016E+00, 3.839301E-04 
7.804795E+00, 6.741203E-06 
2.526587E+00, 2.607057E-04 
8.964630E-01, 2.744314E-04 
7.237972E+00, 2.668611E-05 
5.040789E+00, 9.735936E-05 
8.422802E+00, 9.274026E-06 
6.774632E+00, 2.257466E-05 
9.371214E+00, 3.436794E-06 
6.486628E+00, 6.212984E-05 
3.388807E+00, 1.351546E-04 
9.359303E+00, 1.831520E-06 
2.845158E+00, 1.730153E-04 
3.007186E+00, 2.267049E-04 
8.628721E+00, 7.207756E-06 
2.753191E+00, 2.389453E-04 
4.948782E+00, 6.925041E-05 
5.153549E+00, 8.605614E-05 
6.519099E+00, 3.820301E-05 
5.349256E+00, 4.939740E-05 
9.562734E+00, 1.274605E-06 
7.508764E+00, 2.337017E-05 
8.412823E+00, 7.637709E-06 
4.262120E+00, 1.829445E-04 
2.032644E+00, 5.445534E-04 
7.750316E+00, 1.234896E-05 
3.528750E+00, 1.069245E-04 
7.493442E+00, 1.640479E-05 
2.724746E+00, 2.557590E-04 
1.712555E+00, 2.877612E-04 
6.241313E+00, 4.951010E-05 
8.557165E+00, 7.174314E-06 
2.011615E+00, 2.791458E-04 
4.466431E+00, 1.967665E-04 
2.905216E+00, 1.808488E-04 
2.386672E+00, 1.910524E-04 
9.787735E+00, 3.789535E-07 
1.407106E+00, 3.212633E-04 
4.849646E+00, 6.979578E-05 
4.168590E+00, 2.041050E-04 
4.092435E+00, 1.472292E-04 
3.024035E+00, 3.595659E-04 
6.473084E-01, 3.868575E-04 
4.386827E-01, 4.577298E-04 
1.037714E+00, 3.274643E-04 
3.018202E+00, 2.374401E-04 
9.236084E-01, 4.577298E-04 
4.148843E+00, 1.766704E-04 
8.170521E+00, 5.920741E-06 
9.652307E+00, 3.349835E-06 
8.545242E+00, 5.981149E-06 
4.493648E-01, 2.107046E-04 
3.946124E+00, 1.999621E-04 
1.962727E+00, 3.776191E-04 
7.292342E+00, 1.631630E-05 
1.661522E-01, 2.591511E-04 
2.266996E+00, 3.121747E-04 
4.987730E-01, 3.040628E-04 
-5.068010E-03, 3.691069E-04 
5.299793E+00, 1.295088E-04 
4.059967E+00, 1.506663E-04 
1.925920E+00, 3.173246E-04 
5.018465E+00, 8.877233E-05 
2.766379E+00, 1.491162E-04 
5.423405E+00, 5.069861E-05 
2.374033E+00, 3.551332E-04 
3.062541E+00, 2.036529E-04 
3.224282E+00, 2.138310E-04 
8.831740E+00, 2.938026E-06 
3.354533E+00, 1.666450E-04 
9.494757E+00, 1.046080E-06 
4.338567E+00, 1.937976E-04 
9.121926E+00, 1.810590E-06 
6.239698E+00, 8.695260E-05 
7.442300E+00, 1.944029E-05 
4.138666E+00, 1.356200E-04 
4.961339E+00, 1.036584E-04 
7.473475E+00, 2.561173E-05 
5.920566E+00, 4.062739E-05 
6.886489E+00, 4.804450E-05 
2.466224E+00, 2.910777E-04 
2.265828E+00, 3.890897E-04 
2.283580E+00, 2.569975E-04 
7.540929E+00, 1.441278E-05 
7.639310E+00, 2.053645E-05 
1.221140E-01, 9.091627E-04 
8.825751E+00, 4.480858E-06 
3.299225E+00, 2.200315E-04 
2.287743E+00, 2.953634E-04 
6.939973E+00, 3.268874E-05 
8.117346E+00, 7.543439E-06 
7.089127E+00, 2.472484E-05 
7.825041E+00, 1.230184E-05 
5.682677E+00, 6.356897E-05 
1.951234E+00, 3.527415E-04 
4.040101E+00, 1.451405E-04 
7.141354E+00, 2.699022E-05 
3.898559E+00, 1.691278E-04 
1.232189E+00, 3.163985E-04 
5.464739E+00, 1.016557E-04 
2.073748E+00, 3.736247E-04 
8.550937E+00, 6.176159E-06 
7.255202E+00, 1.492828E-05 
-3.004488E+00, 1.606901E-02 
6.572349E+00, 3.872255E-05 
5.950820E+00, 7.510762E-05 
5.833141E+00, 5.069861E-05 
6.858015E+00, 3.548466E-05 
3.442675E+00, 1.971830E-04 
9.185032E+00, 3.568788E-06 
4.072392E+00, 2.597091E-04 
8.700016E+00, 5.443575E-06 
4.862022E+00, 1.606261E-04 
6.491004E+00, 2.712903E-05 
6.820054E+00, 3.145239E-05 
6.055739E+00, 6.668570E-05 
1.329408E+00, 4.813799E-04 
9.868537E+00, 6.225461E-07 
7.797698E+00, 1.690460E-05 
5.166335E+00, 1.115993E-04 
3.953653E+00, 1.729374E-04 
5.569041E+00, 6.517403E-05 
9.495769E+00, 1.438005E-06 
5.364121E+00, 7.041578E-05 
4.409477E+00, 1.374193E-04 
7.666128E+00, 1.361344E-05 
2.173419E+00, 3.242246E-04 
7.270278E+00, 2.106343E-05 
4.556349E+00, 8.151770E-05 
4.941387E+00, 7.203253E-05 
3.805142E+00, 2.051475E-04 
-5.279505E+00, 1.643139E-02 
3.894593E+00, 2.520712E-04 
2.593977E+00, 2.772055E-04 
8.112212E+00, 1.214525E-05 
2.810732E-01, 3.064220E-04 
2.720717E+00, 1.655263E-04 
8.500088E+00, 1.115724E-05 
8.295961E+00, 6.843822E-06 
9.632934E+00, 1.420691E-06 
5.174024E+00, 1.254825E-04 
1.466982E+00, 3.545585E-04 
8.190255E+00, 7.160132E-06 
3.837266E+00, 1.721053E-04 
6.122955E+00, 3.992425E-05 
1.549527E+00, 2.424158E-04 
8.623148E+00, 3.321244E-06 
8.088334E-01, 4.008159E-04 
6.390352E+00, 6.065376E-05 
7.256681E+00, 2.116633E-05 
9.750417E-03, 2.029677E-04 
6.505239E+00, 3.772091E-05 
2.393542E+00, 2.708875E-04 
6.538858E+00, 4.759929E-05 
5.169062E+00, 1.031264E-04 
2.125191E+00, 2.690552E-04 
9.714223E+00, 4.473919E-07 
6.429547E+00, 3.638619E-05 
7.733313E+00, 9.346385E-06 
6.631257E+00, 2.574201E-05 
2.474497E+00, 2.781138E-04 
7.893906E+00, 1.165264E-05 
6.946425E+00, 2.490863E-05 
5.857019E-01, 4.062432E-04 
2.974372E+00, 2.591953E-04 
3.632035E+00, 2.889301E-04 
1.857101E+00, 2.500791E-04 
8.733296E-01, 3.316465E-04 
1.229098E+00, 3.538993E-04 
8.692537E+00, 4.360327E-06 
9.563480E+00, 6.215489E-07 
2.828988E+00, 2.091338E-04 
7.509995E-01, 4.108689E-04 
2.297254E+00, 2.452630E-04 
6.119218E+00, 7.155431E-05 
9.499472E+00, 3.137199E-06 
6.580734E+00, 4.260926E-05 
8.558762E+00, 6.996376E-06 
7.357396E+00, 1.435929E-05 
9.743287E-01, 1.552788E-04 
5.866284E+00, 5.101289E-05 
3.534279E+00, 2.211832E-04 
3.027302E+00, 2.003704E-04 
2.592097E+00, 2.947760E-04 
4.476575E+00, 8.618277E-05 
4.810277E+00, 6.866793E-05 
8.696865E-01, 2.909463E-04 
5.066322E+00, 6.391656E-05 
1.925460E+00, 3.978676E-04 
1.785879E-01, 1.653151E-04 
5.834999E-02, 3.576014E-06 
6.088241E+00, 1.137252E-04 
3.819889E-01, 1.934288E-04 
6.339192E+00, 5.475203E-05 
4.150455E+00, 1.077979E-04 
3.231506E-01, 2.288649E-04 
4.464628E+00, 1.546824E-04 
2.783952E+00, 1.931819E-04 
4.171901E+00, 1.235917E-04 
1.675641E+00, 2.851608E-04 
8.798625E+00, 1.200564E-05 
3.483765E+00, 2.241147E-04 
2.901883E+00, 2.977781E-04 
5.794973E+00, 9.069142E-05 
2.028745E+00, 4.639242E-04 
7.866160E+00, 1.068387E-05 
4.456043E+00, 1.358576E-04 
9.082155E+00, 3.090950E-06 
1.456911E+00, 4.099208E-04 
8.007160E+00, 4.124043E-06 
2.409787E+00, 3.003231E-04 
4.874211E+00, 1.145811E-04 
3.061709E+00, 2.602867E-04 
6.567614E+00, 6.526050E-05 
8.996154E-01, 3.782386E-04 
8.279190E+00, 7.745413E-06 
9.852172E+00, 2.794064E-07 
9.179088E+00, 2.433358E-06 
1.389189E+00, 3.500043E-04 
4.155102E+00, 3.169203E-04 
1.580406E+00, 2.924988E-04 
5.363641E+00, 1.124481E-04 
7.615481E+00, 1.496534E-05 
5.025442E+00, 1.076060E-04 
2.502263E+00, 2.308028E-04 
6.273274E+00, 3.455379E-05 
3.738093E+00, 2.231122E-04 
2.549986E+00, 2.032756E-04 
9.832042E+00, 5.470900E-07 
4.782392E-01, 2.858234E-04 
1.149184E+00, 3.847724E-04 
4.860306E-01, 3.893645E-04 
7.974929E-01, 4.713373E-04 
9.100755E+00, 2.992144E-06 
4.569964E+00, 1.018059E-04 
9.840041E+00, 3.422826E-07 
1.765811E+00, 3.364661E-04 
2.739959E+00, 2.619405E-04 
5.129879E+00, 6.672860E-05 
5.848852E+00, 7.265666E-05 
8.726107E+00, 4.308095E-06 
2.294072E+00, 1.887248E-04 
2.884759E+00, 2.268605E-04 
6.062477E+00, 3.731635E-05 
2.716356E+00, 1.941057E-04 
2.250112E+00, 2.411023E-04 
7.513792E+00, 2.402593E-05 
1.265112E+00, 3.379229E-04 
4.849080E+00, 9.123213E-05 
5.926282E+00, 5.460699E-05 
9.046839E+00, 4.644511E-06 
4.439151E+00, 1.482773E-04 
3.049611E+00, 3.069250E-04 
9.093635E+00, 2.244254E-06 
2.919529E+00, 2.225668E-04 
9.263364E+00, 2.685265E-06 
3.064833E+00, 2.404976E-04 
8.043300E+00, 1.212616E-05 
6.731401E+00, 5.981153E-05 
3.535405E+00, 2.628496E-04 
1.200923E-01, 5.846609E-04 
8.936011E+00, 4.592434E-06 
7.119729E+00, 3.286186E-05 
2.850116E+00, 2.803911E-04 
5.138400E+00, 1.106360E-04 
4.543937E+00, 7.817585E-05 
6.220429E+00, 3.951673E-05 
8.759491E+00, 2.990574E-06 
1.505839E+00, 4.117288E-04 
7.599080E+00, 1.508385E-05 
6.233818E+00, 6.968039E-05 
9.037405E+00, 2.796546E-06 
1.295491E+00, 4.702321E-04 
2.395586E+00, 2.607057E-04 
6.172988E+00, 6.643942E-05 
7.388109E+00, 1.277788E-05 
6.915221E+00, 3.426168E-05 
6.822219E+00, 2.920379E-05 
2.814275E+00, 1.693582E-04 
2.713250E+00, 2.516333E-04 
1.231362E+00, 6.240240E-04 
8.412323E+00, 4.411845E-06 
3.569229E+00, 2.517126E-04 
7.865279E+00, 1.697502E-05 
2.587851E+00, 3.349046E-04 
5.856017E+00, 6.341446E-05 
6.511332E+00, 5.722830E-05 
5.864331E+00, 7.219237E-05 
6.820417E+00, 2.710290E-05 
9.298331E-01, 3.162488E-04 
3.672988E-01, 5.682267E-05 
3.593372E-02, 1.334839E-04 
1.804765E+00, 3.436153E-04 
9.216486E+00, 7.148275E-06 
6.176827E+00, 3.551831E-05 
7.502352E+00, 1.294696E-05 
5.379180E+00, 6.346597E-05 
4.293368E+00, 1.133092E-04 
1.235431E+00, 5.236896E-04 
8.532910E+00, 6.314860E-06 
7.687947E+00, 1.731269E-05 
4.362759E-01, 1.520760E-04 
6.853927E+00, 1.361548E-05 
7.266918E+00, 1.571559E-05 
8.358055E+00, 1.845059E-05 
2.926880E+00, 1.850637E-04 
9.461457E+00, 2.321865E-06 
-3.229150E+00, 1.783402E-02 
3.553459E+00, 1.451281E-04 
2.525048E+00, 1.725602E-04 
5.310882E+00, 1.081547E-04 
5.933941E+00, 1.136367E-04 
-1.083154E+00, 1.661446E-02 
5.028337E+00, 1.164435E-04 
1.476396E+00, 5.216139E-04 
8.929119E+00, 3.436794E-06 
2.849248E-02, 9.763753E-03 
2.995400E+00, 2.368159E-04 
9.006407E+00, 2.107558E-06 
6.955155E+00, 2.014864E-05 
5.648258E+00, 5.031387E-05 
7.389107E+00, 1.929060E-05 
4.528070E+00, 1.658721E-04 
9.036064E+00, 5.297013E-06 
2.498770E+00, 2.633313E-04 
7.078332E+00, 2.992212E-05 
3.606934E+00, 2.511857E-04 
1.367012E+00, 3.726158E-04 
7.530099E+00, 3.452102E-05 
2.811265E+00, 2.374401E-04 
7.332533E+00, 1.679169E-05 
7.213075E+00, 3.022036E-05 
4.637315E+00, 8.142248E-05 
3.132881E+00, 2.324814E-04 
4.464709E+00, 1.039851E-04 
9.206353E+00, 2.733961E-06 
4.258956E+00, 1.697647E-04 
8.300304E+00, 7.083255E-06 
5.368651E+00, 5.573812E-05 
4.867862E+00, 1.236774E-04 
9.184522E+00, 3.799279E-06 
5.974213E+00, 1.012871E-04 
1.646534E+00, 2.500791E-04 
5.492642E+00, 5.105621E-05 
7.632047E+00, 1.383892E-05 
7.450690E+00, 2.702838E-05 
5.373085E+00, 6.751982E-05 
8.109065E+00, 1.614105E-05 
5.490579E+00, 5.824447E-05 
3.722014E+00, 2.231740E-04 
4.600420E+00, 8.344567E-05 
4.797117E+00, 8.503809E-05 
2.736227E+00, 2.167053E-04 
7.806276E+00, 1.197930E-05 
1.210976E+00, 3.759375E-04 
6.166950E+00, 7.404226E-05 
4.165127E+00, 9.788187E-05 
1.001199E+01, 7.727375E-07 
7.572009E+00, 9.261814E-06 
7.780090E+00, 2.867368E-05 
5.024459E+00, 1.155660E-04 
3.215489E+00, 2.336172E-04 
7.916268E+00, 1.496534E-05 
7.040274E-01, 4.426057E-04 
4.835482E+00, 1.001736E-04 
6.705289E-01, 4.807137E-04 
7.936568E+00, 9.293323E-06 
1.582825E+00, 3.719336E-04 
9.922371E+00, 5.624891E-07 
2.533657E+00, 2.763853E-04 
2.894646E+00, 1.631517E-04 
3.500297E+00, 1.851442E-04 
3.069080E+00, 1.974986E-04 
3.528345E+00, 1.983618E-04 
2.627334E+00, 2.308028E-04 
4.527492E+00, 1.419865E-04 
3.325634E+00, 1.447791E-04 
6.938542E+00, 2.129126E-05 
3.725752E+00, 2.539214E-04 
8.262977E+00, 8.283116E-06 
8.783535E+00, 2.114058E-06 
9.539673E+00, 1.686263E-06 
9.068601E+00, 5.613149E-06 
4.497234E+00, 1.157539E-04 
8.017107E+00, 1.271218E-05 
8.063791E+00, 1.600267E-05 
3.632920E+00, 1.163347E-04 
4.010687E+00, 1.178142E-04 
9.613824E+00, 7.367873E-07 
2.097792E+00, 4.153119E-04 
9.532328E+00, 3.350088E-07 
3.084447E+00, 1.631517E-04 
5.491395E+00, 6.461905E-05 
5.820954E+00, 1.192653E-04 
3.917613E+00, 1.446693E-04 
1.710694E+00, 4.502499E-04 
4.609468E-01, 4.074350E-04 
1.450479E-01, 3.684709E-04 
6.860235E+00, 1.835460E-05 
3.443556E+00, 1.145350E-04 
8.546032E+00, 6.281859E-06 
4.271426E+00, 2.117687E-04 
4.101140E+00, 1.551815E-04 
5.593418E+00, 1.165213E-04 
6.797049E+00, 2.543124E-05 
7.153204E+00, 2.491705E-05 
4.445698E+00, 9.263479E-05 
2.036190E+00, 4.559711E-04 
5.089464E+00, 6.457103E-05 
5.672347E+00, 6.176623E-05 
1.911587E+00, 4.451292E-04 
9.472456E+00, 1.667486E-06 
1.816489E-01, 3.770839E-04 
5.410722E+00, 7.111467E-05 
4.634034E+00, 8.363883E-05 
6.772703E+00, 5.441323E-05 
5.564419E+00, 7.111467E-05 
6.787135E+00, 3.145239E-05 
5.698075E+00, 5.827752E-05 
7.189863E+00, 1.275481E-05 
4.633160E+00, 7.681984E-05 
8.381659E+00, 1.202285E-05 
6.987839E+00, 2.076659E-05 
2.811653E+00, 2.760919E-04 
2.138754E+00, 2.869143E-04 
7.736197E+00, 9.865483E-06 
2.134982E+00, 3.346148E-04 
6.670961E+00, 4.632666E-05 
7.896677E+00, 6.717269E-06 
1.860067E+00, 5.479354E-04 
1.294815E+00, 2.588208E-04 
8.364201E+00, 4.661207E-06 
3.020825E+00, 3.729149E-04 
7.290121E+00, 1.752951E-05 
-3.517185E+00, 1.789417E-02 
5.900841E+00, 7.375913E-05 
6.616813E+00, 4.644491E-05 
7.804107E+00, 1.101376E-05 
1.284225E+00, 3.451128E-04 
7.563596E+00, 1.870294E-05 
1.435624E+00, 3.703232E-04 
3.306330E+00, 1.882817E-04 
1.028460E+00, 3.697458E-04 
6.869211E+00, 5.657684E-05 
5.875334E+00, 7.783156E-05 
1.640631E+00, 3.771816E-04 
1.778642E+00, 4.037095E-04 
4.003554E+00, 1.160588E-04 
9.202907E+00, 1.963146E-06 
2.510639E-01, 3.691069E-04 
3.279171E+00, 1.487580E-04 
8.170195E+00, 8.028631E-06 
8.396557E+00, 1.027020E-05 
2.933181E+00, 2.518469E-04 
7.878971E+00, 2.147522E-05 
5.167546E+00, 9.019279E-05 
9.486677E+00, 1.457133E-06 
6.554147E+00, 4.651407E-05 
5.449156E+00, 8.316628E-05 
4.504973E+00, 1.522737E-04 
7.194633E+00, 1.663888E-05 
4.046903E+00, 2.357845E-04 
2.733024E-01, 3.876921E-04 
2.842116E+00, 2.264857E-04 
4.685062E+00, 9.620756E-05 
6.011582E+00, 6.116503E-05 
3.057033E+00, 3.060350E-04 
7.440647E+00, 2.060348E-05 
7.576544E+00, 2.542485E-05 
8.010942E+00, 8.727386E-06 
6.050342E+00, 7.099286E-05 
7.122645E+00, 2.849883E-05 
5.607246E+00, 6.420616E-05 
7.110586E+00, 2.197917E-05 
9.975572E+00, 5.588129E-07 
3.814749E+00, 1.622530E-04 
5.829854E+00, 4.750447E-05 
9.434438E+00, 1.114109E-06 
7.589952E+00, 2.607732E-05 
4.165562E+00, 1.077476E-04 
7.038023E+00, 4.800978E-05 
1.972383E+00, 2.763952E-04 
2.834155E+00, 2.029643E-04 
1.234834E+00, 3.919458E-04 
1.139704E+00, 3.047517E-04 
9.498482E+00, 1.196221E-06 
1.423450E+00, 2.114669E-04 
6.991174E+00, 2.710290E-05 
1.660627E+00, 4.136374E-04 
1.571092E-01, 2.182605E-04 
7.462366E+00, 3.216754E-05 
8.043626E+00, 1.543944E-05 
1.567108E+00, 4.708887E-04 
4.743447E+00, 9.334580E-05 
3.480508E-01, 7.137369E-04 
1.514141E+00, 3.452057E-04 
3.855340E+00, 1.833796E-04 
3.387943E+00, 3.206032E-04 
6.544400E+00, 3.572545E-05 
1.320125E+00, 3.506907E-04 
1.125319E+00, 2.941040E-04 
3.678697E+00, 2.431879E-04 
3.942503E+00, 2.214352E-04 
3.905948E+00, 1.702692E-04 
3.422659E+00, 1.253425E-04 
3.389571E+00, 2.128381E-04 
4.643801E+00, 8.877233E-05 
3.550662E+00, 1.360743E-04 
1.838309E+00, 3.283252E-04 
6.940271E+00, 2.900801E-05 
9.343868E+00, 1.728840E-06 
6.690908E+00, 5.344878E-05 
4.363420E+00, 2.092166E-04 
8.275804E+00, 7.383239E-06 
5.842924E+00, 1.244370E-04 
1.573499E+00, 3.370199E-04 
9.610709E+00, 2.541967E-06 
5.859804E+00, 9.375082E-05 
7.094566E+00, 2.441320E-05 
9.426555E-01, 3.420355E-04 
3.824405E+00, 8.476020E-05 
8.444710E+00, 8.700759E-06 
9.669956E+00, 4.762998E-07 
-1.141808E+00, 1.532716E-02 
4.929521E+00, 7.765301E-05 
4.947749E+00, 9.505957E-05 
6.639847E+00, 2.729966E-05 
1.617731E+00, 4.596982E-04 
8.689594E+00, 3.027342E-06 
5.835031E+00, 9.775212E-05 
6.573723E+00, 4.604461E-05 
3.618129E+00, 1.892404E-04 
7.886280E-01, 4.430735E-04 
1.647045E+00, 4.639352E-04 
8.901189E+00, 3.773894E-06 
7.644835E+00, 2.723542E-05 
8.417639E+00, 1.197652E-05 
4.080638E+00, 1.018990E-04 
6.096602E+00, 7.294389E-05 
3.622734E+00, 2.037697E-04 
2.877289E+00, 1.871250E-04 
9.631329E+00, 1.350722E-06 
6.324514E+00, 1.992819E-05 
6.431230E+00, 4.660452E-05 
3.322163E+00, 1.721053E-04 
9.455060E+00, 1.711858E-06 
7.190738E+00, 4.010582E-05 
2.691852E+00, 1.693805E-04 
8.450441E+00, 8.805176E-06 
1.292742E+00, 5.059374E-04 
8.428372E+00, 5.522531E-06 
4.447396E+00, 1.481831E-04 
5.821803E+00, 7.711590E-05 
9.575332E+00, 1.545475E-06 
8.962227E+00, 6.973774E-06 
2.743316E+00, 1.696549E-04 
9.138976E+00, 2.500821E-06 
8.443991E+00, 5.496574E-06 
7.782831E+00, 1.046389E-05 
8.304150E+00, 6.344060E-06 
1.152796E-01, 7.737150E-04 
6.074299E+00, 3.066983E-05 
2.534551E+00, 2.365751E-04 
2.356302E+00, 4.255483E-04 
5.952618E+00, 8.047418E-05 
7.053588E+00, 2.739528E-05 
3.686205E+00, 3.347082E-04 
-1.872762E+00, 1.840316E-02 
3.958546E-01, 3.745371E-04 
7.947746E+00, 6.617701E-06 
8.441725E+00, 4.260225E-06 
4.876548E+00, 1.300948E-04 
8.797331E+00, 3.162619E-06 
3.894589E+00, 1.353171E-04 
1.647403E+00, 5.481598E-04 
3.706444E+00, 1.087214E-04 
2.463930E+00, 2.600707E-04 
4.778969E+00, 1.006277E-04 
6.631424E+00, 5.817751E-05 
9.833073E+00, 8.947839E-07 
9.934240E+00, 2.289400E-07 
1.538908E+00, 4.134720E-04 
6.632874E+00, 6.997881E-05 
9.773524E+00, 1.649175E-06 
2.444146E+00, 2.607839E-04 
7.825181E+00, 1.315279E-05 
9.795007E+00, 1.518585E-06 
2.348485E-01, 1.845534E-04 
8.047416E+00, 2.297345E-05 
9.458234E+00, 4.521909E-06 
5.673649E-01, 2.669678E-04 
1.039653E+00, 5.507197E-04 
2.867310E+00, 2.231182E-04 
6.444843E+00, 3.656039E-05 
6.504836E+00, 3.190304E-05 
3.325575E+00, 1.165337E-04 
6.971620E+00, 2.129126E-05 
4.457573E+00, 1.580944E-04 
8.909751E+00, 3.863048E-06 
8.969125E-01, 7.416255E-04 
8.605295E+00, 3.199183E-06 
7.337168E+00, 2.248461E-05 
8.809104E+00, 4.960805E-06 
4.263262E+00, 1.193643E-04 
8.441252E+00, 6.537785E-06 
4.142740E+00, 1.351098E-04 
5.224458E+00, 1.045172E-04 
2.936409E+00, 2.850577E-04 
2.588115E+00, 1.989924E-04 
4.743597E+00, 1.492258E-04 
2.118700E+00, 2.826024E-04 
6.741755E+00, 4.324367E-05 
7.506722E+00, 1.542760E-05 
8.449008E+00, 4.480858E-06 
1.282847E+00, 3.357405E-04 
4.497561E+00, 1.426593E-04 
6.094480E+00, 4.559268E-05 
1.926785E+00, 3.308322E-04 
6.705741E+00, 3.036990E-05 
1.936300E+00, 5.428043E-04 
8.808576E+00, 7.499401E-06 
1.834399E+00, 3.525447E-04 
6.522891E+00, 4.829964E-05 
1.815232E+00, 3.251519E-04 
4.300191E-01, 3.254743E-04 
3.726923E+00, 1.785450E-04 
9.613931E+00, 4.763023E-07 
4.352208E+00, 1.934345E-04 
3.296284E-01, 2.288649E-04 
1.909137E-02, 5.682267E-05 
2.915261E+00, 2.950770E-04 
9.319674E+00, 2.412906E-06 
1.983357E+00, 3.235238E-04 
6.555591E+00, 4.593534E-05 
9.143486E+00, 3.231678E-06 
2.918473E+00, 3.701081E-04 
4.635693E+00, 1.632084E-04 
9.582279E+00, 1.865287E-06 
7.201705E+00, 2.900801E-05 
2.196718E+00, 3.702156E-04 
1.327537E+00, 4.376741E-04 
5.641084E+00, 6.979963E-05 
3.321642E+00, 1.935909E-04 
7.788707E+00, 2.282274E-05 
4.705137E+00, 1.280629E-04 
5.461544E+00, 9.280740E-05 
5.165311E+00, 9.152196E-05 
6.925166E+00, 2.329202E-05 
4.115926E+00, 1.430659E-04 
8.405878E+00, 7.713788E-06 
5.740065E+00, 7.669108E-05 
2.238193E+00, 4.173190E-04 
7.483873E-01, 2.290039E-04 
6.219055E+00, 4.012891E-05 
2.251062E+00, 2.499287E-04 
6.504397E+00, 5.525001E-05 
1.152565E+00, 3.158962E-04 
8.615006E+00, 5.537933E-06 
9.269693E+00, 2.288693E-06 
4.377059E+00, 1.084160E-04 
6.964160E+00, 3.543699E-05 
9.011144E+00, 2.931713E-06 
2.501964E+00, 2.306319E-04 
1.429486E+00, 2.764582E-04 
3.615026E+00, 2.540054E-04 
-1.601286E-01, 3.190575E-04 
9.405810E+00, 1.392387E-06 
2.251183E+00, 2.324628E-04 
4.953100E+00, 1.214731E-04 
3.482248E+00, 2.698437E-04 
3.473709E+00, 2.144382E-04 
7.721046E+00, 1.050109E-05 
1.318165E+00, 5.497449E-04 
4.128690E+00, 9.788187E-05 
1.127703E+00, 2.745188E-04 
1.452832E+00, 3.790814E-04 
5.006087E+00, 1.159150E-04 
6.279709E+00, 3.838988E-05 
7.855578E+00, 1.720193E-05 
9.558916E+00, 4.552952E-07 
7.397833E+00, 2.474286E-05 
1.010909E-01, 2.841134E-05 
1.164124E+00, 3.274643E-04 
3.646176E+00, 1.441343E-04 
8.690086E+00, 6.194314E-06 
4.636454E+00, 1.281065E-04 
2.859134E+00, 3.580873E-04 
7.440752E+00, 1.743213E-05 
6.539123E+00, 4.388070E-05 
7.617198E+00, 1.435929E-05 
7.128001E+00, 1.801515E-05 
5.754273E+00, 6.784777E-05 
6.690490E+00, 4.367976E-05 
7.407502E+00, 9.527986E-06 
1.142398E+00, 5.210795E-04 
3.563346E+00, 2.629329E-04 
7.330668E+00, 1.607881E-05 
1.317739E+00, 4.739830E-04 
4.943946E+00, 8.110503E-05 
2.005620E+00, 2.983525E-04 
4.539984E+00, 9.388654E-05 
8.228477E+00, 5.836585E-06 
7.639182E+00, 2.139606E-05 
6.137847E+00, 6.141588E-05 
3.960580E+00, 1.118824E-04 
1.175439E+00, 1.470520E-04 
1.014096E+00, 4.157965E-04 
5.851347E+00, 6.054877E-05 
5.218241E+00, 8.554173E-05 
7.739881E+00, 1.720193E-05 
5.035896E+00, 8.921302E-05 
2.761158E+00, 2.029643E-04 
3.357513E+00, 1.460178E-04 
7.769323E+00, 1.370873E-05 
4.536869E+00, 8.922567E-05 
1.391412E+00, 3.436153E-04 
2.161915E+00, 3.630504E-04 
4.731893E+00, 1.368262E-04 
1.269075E+00, 5.070593E-04 
3.130933E+00, 2.663031E-04 
8.731751E+00, 4.866716E-06 
7.657861E+00, 1.321668E-05 
8.057560E+00, 1.371249E-05 
1.281545E+00, 4.050428E-04 
5.562988E+00, 6.979963E-05 
6.897220E+00, 2.257466E-05 
3.495310E+00, 1.383908E-04 
7.645865E+00, 4.685649E-05 
9.826442E+00, 6.883724E-07 
9.687921E+00, 4.102344E-07 
7.902434E-01, 3.783537E-04 
5.071945E+00, 1.159970E-04 
1.044801E+00, 3.988617E-04 
8.487218E+00, 5.109276E-06 
8.224239E+00, 1.341717E-05 
5.982699E+00, 6.551501E-05 
5.534649E+00, 5.031425E-05 
7.813797E+00, 1.434868E-05 
1.681365E+00, 3.435501E-04 
9.165860E+00, 1.124993E-06 
5.116190E+00, 7.126942E-05 
3.846179E+00, 1.204777E-04 
8.418909E+00, 6.474280E-06 
4.469392E-01, 5.224412E-04 
7.128398E+00, 2.563979E-05 
1.454356E+00, 3.424517E-04 
8.355961E+00, 1.126420E-05 
6.655933E+00, 2.418590E-05 
8.733937E+00, 1.377904E-06 
8.427968E+00, 4.427381E-06 
3.480802E+00, 1.502869E-04 
5.865010E+00, 8.549781E-05 
9.375659E+00, 2.541967E-06 
8.344808E+00, 2.287259E-05 
5.891762E+00, 7.181724E-05 
6.323219E-01, 2.753347E-04 
6.576082E+00, 2.509669E-05 
8.239099E+00, 1.132378E-05 
9.169947E+00, 5.251171E-06 
4.707241E+00, 7.641415E-05 
8.237717E+00, 5.520098E-06 
6.621821E+00, 3.178996E-05 
7.089262E+00, 2.148487E-05 
9.373548E+00, 1.755674E-06 
6.765124E+00, 4.583742E-05 
1.591239E+00, 2.606078E-04 
4.514160E+00, 1.301216E-04 
3.741651E+00, 2.370709E-04 
5.538750E+00, 1.175869E-04 
2.304790E+00, 3.674349E-04 
9.810155E+00, 8.043460E-07 
4.859070E-01, 3.683603E-04 
7.308223E+00, 1.389851E-05 
7.995700E+00, 8.496383E-06 
1.851728E+00, 3.496503E-04 
3.455765E+00, 1.903699E-04 
1.907018E+00, 3.650572E-04 
9.451414E+00, 5.103102E-07 
5.975966E+00, 4.947166E-05 
9.664019E+00, 4.827638E-07 
8.714131E-01, 4.314643E-04 
9.003443E+00, 5.890043E-06 
3.732033E+00, 2.165322E-04 
1.386775E+00, 3.218709E-04 
6.408659E+00, 3.667873E-05 
3.874446E+00, 9.203854E-05 
4.301181E+00, 2.155456E-04 
6.405729E+00, 6.107586E-05 
3.408562E+00, 3.058800E-04 
3.656553E+00, 2.327377E-04 
2.097113E+00, 3.736208E-04 
4.927856E+00, 7.554735E-05 
8.135558E+00, 4.747911E-06 
5.028380E+00, 7.350174E-05 
2.175896E+00, 4.293284E-04 
7.132059E+00, 1.486179E-05 
9.615400E+00, 1.454392E-06 
6.374555E+00, 4.958792E-05 
2.887442E+00, 1.460770E-04 
3.610356E+00, 1.999621E-04 
9.682901E+00, 9.384945E-07 
3.674178E+00, 1.622648E-04 
5.321731E+00, 7.497713E-05 
8.725035E+00, 3.133828E-06 
5.094473E+00, 1.059380E-04 
8.723216E+00, 3.783595E-06 
1.817616E+00, 2.639490E-04 
2.945959E+00, 3.046788E-04 
5.304919E+00, 9.616998E-05 
6.297858E+00, 4.891717E-05 
5.007833E+00, 8.886150E-05 
5.417395E+00, 8.830145E-05 
1.969214E+00, 4.551135E-04 
9.653900E-01, 4.838897E-04 
1.937557E+00, 2.857302E-04 
1.879354E+00, 3.426076E-04 
8.580848E-01, 4.577298E-04 
3.345970E+00, 2.073963E-04 
8.890403E-01, 8.964886E-04 
5.972616E-01, 5.685017E-04 
7.220284E+00, 2.302325E-05 
1.164559E-01, 2.165358E-04 
3.662664E+00, 1.422391E-04 
4.901392E-01, 2.288649E-04 
7.502922E+00, 1.383892E-05 
8.368179E+00, 5.092559E-06 
4.442173E+00, 1.304886E-04 
9.216420E+00, 2.457913E-06 
7.325314E+00, 3.609712E-05 
6.586018E+00, 3.758475E-05 
7.358973E+00, 2.119639E-05 
7.031160E+00, 2.894042E-05 
1.848229E+00, 3.830467E-04 
1.286023E+00, 3.423024E-04 
1.857800E+00, 2.801910E-04 
-2.252971E-02, 1.127791E-03 
7.383461E+00, 2.304650E-05 
5.320476E+00, 1.334390E-04 
7.428659E-01, 2.812354E-04 
2.820263E+00, 2.201259E-04 
6.062777E-01, 4.928925E-04 
3.003426E+00, 2.879950E-04 
7.203663E+00, 1.830165E-05 
7.255157E+00, 3.534962E-05 
5.455545E+00, 1.039077E-04 
7.793878E-01, 3.783537E-04 
1.425727E+00, 4.348364E-04 
3.691864E+00, 2.422034E-04 
6.737945E+00, 3.133022E-05 
8.126660E+00, 1.272695E-05 
3.345060E+00, 1.441371E-04 
4.652305E+00, 1.466021E-04 
7.584861E+00, 1.236035E-05 
2.539864E+00, 1.619189E-04 
7.559599E+00, 1.554522E-05 
8.604433E+00, 5.147097E-06 
9.111267E+00, 2.706432E-06 
7.658839E+00, 1.663121E-05 
9.783864E+00, 5.245261E-07 
7.080510E+00, 2.503045E-05 
4.564585E+00, 8.341306E-05 
9.010328E+00, 2.831153E-06 
6.604768E+00, 5.203897E-05 
8.016358E+00, 6.474280E-06 
8.906800E+00, 5.474676E-06 
8.173281E+00, 1.267299E-05 
6.469395E+00, 4.432543E-05 
1.907725E+00, 5.591626E-04 
2.899770E+00, 1.910288E-04 
4.667868E+00, 1.028406E-04 
4.430358E+00, 1.147904E-04 
2.641304E+00, 2.802061E-04 
9.424820E+00, 1.978143E-06 
5.158377E+00, 9.152196E-05 
8.041800E+00, 1.018512E-05 
3.473034E+00, 1.029291E-04 
1.387765E+00, 2.876457E-04 
2.575541E+00, 3.109216E-04 
1.095596E+00, 4.989491E-04 
1.606439E+00, 2.103289E-04 
6.914312E+00, 3.544347E-05 
2.232192E+00, 4.122887E-04 
3.041636E+00, 1.719427E-04 
1.819611E+00, 3.655267E-04 
3.358625E+00, 1.346387E-04 
5.266105E+00, 5.773248E-05 
6.936494E+00, 1.565440E-05 
9.101030E+00, 5.871274E-06 
5.555512E+00, 7.423996E-05 
5.754573E+00, 7.989713E-05 
9.523297E-01, 8.313050E-04 
8.030899E-01, 4.550128E-04 
7.266657E+00, 2.046691E-05 
2.885067E-01, 3.211467E-04 
7.638305E-01, 3.420355E-04 
9.892895E+00, 5.588129E-07 
6.773067E+00, 3.078717E-05 
9.548554E+00, 1.099509E-06 
2.135786E+00, 4.445014E-04 
8.193753E+00, 8.650162E-06 
2.181174E+00, 2.411023E-04 
1.830790E+00, 3.441018E-04 
4.517041E+00, 2.085517E-04 
7.794975E-01, 4.957848E-04 
-2.248667E-01, 2.321608E-04 
4.356447E+00, 1.505375E-04 
8.717670E-01, 7.177883E-04 
2.857714E+00, 2.541801E-05 
3.360774E+00, 1.599677E-04 
5.854515E+00, 8.747881E-05 
1.459268E+00, 4.333270E-04 
1.589893E+00, 2.869143E-04 
2.842945E+00, 1.941057E-04 
8.268114E+00, 1.013545E-05 
8.383147E+00, 1.604629E-05 
9.051196E+00, 2.850374E-06 
1.252533E+00, 3.320448E-04 
2.402399E+00, 3.982345E-04 
4.391002E+00, 8.377420E-05 
1.129113E+00, 4.223568E-04 
9.917366E+00, 4.060936E-07 
2.829164E+00, 3.391991E-04 
8.664980E-01, 4.383078E-04 
3.270081E+00, 2.821122E-04 
8.453419E+00, 6.765525E-06 
6.712791E+00, 1.850068E-05 
1.740417E+00, 3.317641E-04 
4.234950E+00, 9.448642E-05 
3.907058E+00, 2.380797E-04 
6.600902E+00, 3.252393E-05 
7.696794E+00, 2.573752E-05 
7.942289E+00, 1.985556E-05 
3.226347E+00, 3.755412E-04 
5.560069E+00, 7.883193E-05 
7.065703E+00, 3.251254E-05 
9.049756E+00, 3.466203E-06 
5.046817E+00, 1.250193E-04 
1.650851E+00, 4.173367E-04 
5.447850E+00, 8.829119E-05 
8.275201E+00, 1.330158E-05 
4.526301E+00, 2.385310E-04 
3.076922E+00, 1.869753E-04 
2.506451E+00, 1.898490E-04 
3.105878E+00, 1.572370E-04 
7.317822E-01, 5.494199E-04 
8.432908E+00, 4.380173E-06 
5.192419E+00, 1.019475E-04 
3.992870E+00, 3.140167E-04 
1.827829E+00, 3.691826E-04 
8.464947E+00, 7.526323E-06 
7.887504E+00, 8.913298E-06 
5.826494E+00, 7.231170E-05 
6.552070E+00, 6.698395E-05 
8.290131E-01, 8.429365E-04 
3.232770E+00, 2.044095E-04 
4.634362E+00, 1.441538E-04 
9.226413E+00, 3.121225E-06 
1.239492E+00, 2.733917E-04 
7.060075E+00, 2.047406E-05 
3.451304E+00, 2.153377E-04 
2.974317E+00, 2.778673E-04 
5.369142E+00, 8.366471E-05 
4.746348E-01, 2.154513E-04 
3.083470E+00, 2.091548E-04 
2.477665E+00, 2.735994E-04 
8.621625E+00, 2.701661E-06 
2.012412E+00, 3.226656E-04 
2.972059E+00, 2.389453E-04 
9.938882E-01, 5.107448E-04 
8.839547E+00, 4.215117E-06 
8.741230E+00, 1.315279E-05 
4.900191E+00, 1.280629E-04 
1.441759E+00, 3.176289E-04 
2.607213E+00, 3.284758E-04 
5.216302E+00, 8.586226E-05 
5.969680E+00, 1.196440E-04 
3.102606E-01, 2.350824E-04 
2.410066E+00, 2.205275E-04 
1.762907E-01, 5.382631E-04 
6.162031E+00, 1.129215E-04 
6.224785E+00, 5.208398E-05 
6.765083E+00, 4.196158E-05 
4.503639E+00, 1.520801E-04 
5.075487E+00, 1.202070E-04 
1.095082E+00, 3.127296E-04 
8.674975E+00, 4.600152E-06 
2.969847E+00, 2.334053E-04 
4.074456E+00, 2.076786E-04 
5.456314E+00, 9.055715E-05 
8.782381E-01, 2.305455E-04 
5.200331E+00, 1.268829E-04 
-2.964812E+00, 1.841431E-02 
5.888871E+00, 9.884183E-05 
9.836958E+00, 1.314053E-06 
6.981556E+00, 1.936335E-05 
5.320001E+00, 1.044185E-04 
7.522712E+00, 1.666832E-05 
2.245088E+00, 3.876853E-04 
3.375500E+00, 2.074278E-04 
3.249470E+00, 2.818482E-04 
5.174572E+00, 6.119302E-05 
9.079045E+00, 4.906520E-06 
6.243904E+00, 8.272859E-05 
5.065669E+00, 1.161799E-04 
8.718202E+00, 4.294071E-06 
8.975688E+00, 4.538866E-06 
1.963805E+00, 2.952944E-04 
4.043191E+00, 1.088110E-04 
5.481430E+00, 7.638432E-05 
2.256263E+00, 1.804929E-04 
5.040073E+00, 8.335459E-05 
4.767866E+00, 1.217150E-04 
6.897064E+00, 4.091591E-05 
3.792378E+00, 1.430135E-04 
5.217903E+00, 6.430773E-05 
7.762878E+00, 1.245498E-05 
8.547433E+00, 2.999819E-06 
1.965319E+00, 3.504553E-04 
8.572189E-01, 2.558396E-04 
8.922879E+00, 4.639815E-06 
4.104241E+00, 1.169951E-04 
9.720222E+00, 4.692472E-07 
4.328625E+00, 1.340437E-04 
7.218105E+00, 1.793951E-05 
1.186055E+00, 5.276230E-04 
3.031740E+00, 3.602902E-04 
1.347402E+00, 5.871304E-04 
3.459809E+00, 1.564285E-04 
7.368119E+00, 2.415460E-05 
3.483277E-01, 2.088447E-04 
4.274008E+00, 1.044889E-04 
7.958448E+00, 1.151132E-05 
7.965368E+00, 1.440710E-05 
8.901841E+00, 3.108568E-06 
5.709263E+00, 5.384508E-05 
6.218366E+00, 3.455379E-05 
4.662441E+00, 1.177561E-04 
3.034207E+00, 4.493021E-05 
2.976995E+00, 2.561103E-04 
8.581337E+00, 3.027580E-06 
2.549776E+00, 2.264168E-04 
2.520547E+00, 2.234323E-04 
7.338937E+00, 2.061410E-05 
5.505981E+00, 7.051265E-05 
9.301855E+00, 1.014205E-06 
2.300168E+00, 2.243161E-04 
9.367736E+00, 2.166582E-06 
8.088379E+00, 1.421558E-05 
8.595738E-01, 3.158962E-04 
5.757061E+00, 5.460699E-05 
2.241286E+00, 1.910524E-04 
6.148476E+00, 4.089863E-05 
4.263182E+00, 1.235917E-04 
2.415546E+00, 3.551332E-04 
2.009032E+00, 4.764199E-04 
-3.634015E-01, 1.407489E-02 
7.015109E+00, 1.983302E-05 
5.446367E+00, 7.355811E-05 
5.327923E-01, 3.914220E-04 
1.010179E+00, 4.577298E-04 
4.961153E+00, 6.866793E-05 
3.693854E+00, 1.655194E-04 
4.102489E-01, 1.547430E-03 
2.136603E+00, 3.493636E-04 
1.306470E+00, 3.947507E-04 
6.997776E+00, 4.491333E-05 
8.814716E+00, 6.689512E-06 
5.481093E+00, 1.050838E-04 
6.890179E-01, 3.061313E-04 
8.337562E+00, 5.911408E-06 
1.330274E+00, 4.336462E-04 
3.225475E-01, 3.724308E-04 
4.691405E+00, 8.643735E-05 
1.544309E+00, 3.785118E-04 
2.566220E+00, 2.968683E-04 
9.116242E+00, 5.289697E-06 
1.090240E-01, 4.545814E-04 
3.555080E+00, 1.645852E-04 
6.397929E+00, 6.380484E-05 
7.927529E-01, 4.098757E-04 
2.384230E+00, 3.002085E-04 
8.873936E+00, 5.165855E-06 
3.967186E+00, 2.002534E-04 
5.902694E+00, 9.001523E-05 
4.770136E+00, 8.124005E-05 
7.462120E+00, 1.666832E-05 
6.490317E+00, 3.663959E-05 
8.510474E+00, 6.509254E-06 
5.495700E+00, 5.773248E-05 
7.847393E+00, 1.103246E-05 
5.191269E+00, 8.157182E-05 
6.163983E+00, 4.909744E-05 
5.933705E+00, 8.464707E-05 
-1.994474E+00, 1.640216E-02 
2.307791E+00, 3.655025E-04 
2.870536E+00, 2.464844E-04 
2.447550E+00, 1.838751E-04 
9.101339E-01, 4.838060E-04 
3.742796E+00, 1.939867E-04 
2.334758E+00, 3.534465E-04 
5.062843E+00, 7.626122E-05 
3.389503E+00, 8.332249E-05 
5.516036E+00, 6.704448E-05 
2.570932E+00, 1.871250E-04 
6.875270E+00, 2.226638E-05 
4.992733E-01, 2.215368E-04 
3.103829E+00, 1.931819E-04 
7.600432E+00, 8.137790E-06 
2.430124E+00, 3.576233E-04 
8.012536E+00, 2.296980E-05 
3.151934E+00, 2.874425E-04 
8.327204E+00, 8.946697E-06 
8.619785E+00, 4.124043E-06 
1.145160E-01, 4.505466E-04 
4.842437E-01, 3.613557E-04 
6.872201E+00, 2.577889E-05 
1.389424E-01, 2.460618E-04 
7.483975E+00, 2.133221E-05 
8.312039E+00, 8.370663E-06 
5.708233E+00, 8.385748E-05 
8.562158E+00, 4.060864E-06 
5.441275E+00, 7.844372E-05 
1.961748E+00, 3.934407E-04 
6.641546E+00, 4.985360E-05 
3.800003E+00, 1.952537E-04 
1.183828E+00, 5.558007E-04 
9.448717E+00, 2.248994E-06 
7.908678E+00, 8.178415E-06 
1.448689E+00, 3.094675E-04 
2.841342E+00, 2.484913E-04 
2.913556E+00, 2.632700E-04 
3.245773E+00, 1.355925E-04 
2.008200E+00, 1.846445E-04 
4.987931E+00, 9.876309E-05 
8.625515E+00, 5.490809E-06 
5.838375E+00, 7.957926E-05 
5.685069E+00, 8.353112E-05 
5.560281E+00, 8.709828E-05 
5.681350E+00, 6.564594E-05 
5.562370E+00, 6.955308E-05 
4.170259E+00, 8.235039E-05 
8.979666E+00, 3.570152E-06 
7.700807E+00, 1.250940E-05 
4.802258E+00, 1.628392E-04 
2.732179E+00, 2.329773E-04 
3.127242E+00, 3.232705E-04 
8.372462E+00, 6.681954E-06 
4.996898E+00, 6.298417E-05 
7.319298E+00, 3.084467E-05 
8.775408E+00, 2.796546E-06 
3.140298E+00, 2.231182E-04 
5.575274E+00, 9.127015E-05 
3.675888E+00, 2.034470E-04 
4.449428E+00, 1.261644E-04 
1.052840E+00, 2.915779E-04 
9.643873E+00, 4.473919E-07 
2.131809E+00, 3.214539E-04 
4.682798E-01, 2.852697E-04 
1.144636E+00, 2.622952E-04 
4.801596E+00, 7.283234E-05 
4.809894E+00, 9.461647E-05 
4.644233E+00, 1.134302E-04 
4.228262E+00, 1.207432E-04 
4.624204E-01, 3.783537E-04 
-1.332151E-01, 1.363012E-04 
4.267930E+00, 1.051437E-04 
8.664073E+00, 2.665399E-06 
3.394837E+00, 2.710814E-04 
3.162262E+00, 3.438324E-04 
2.902470E+00, 3.585958E-04 
2.823627E+00, 1.734583E-04 
3.483819E+00, 1.882817E-04 
1.450570E+00, 3.251860E-04 
4.117510E-01, 4.325059E-04 
4.019492E+00, 1.724820E-04 
2.415384E+00, 3.517576E-04 
2.879905E-01, 2.767427E-04 
4.141972E+00, 1.441155E-04 
4.122744E+00, 2.400082E-04 
8.090336E+00, 1.172058E-05 
2.475038E+00, 4.890108E-04 
5.604749E+00, 8.092274E-05 
9.582891E+00, 7.857215E-07 
-1.468926E+00, 1.969403E-02 
1.678145E+00, 2.925395E-04 
3.207013E+00, 3.098434E-04 
1.054038E+00, 4.713550E-04 
2.873188E-01, 3.783537E-04 
6.566974E+00, 7.389967E-05 
9.603188E+00, 2.157995E-06 
7.178860E+00, 1.959653E-05 
4.457478E-01, 3.251877E-04 
9.714860E+00, 1.274605E-06 
2.792864E+00, 1.944270E-04 
5.257467E+00, 1.233042E-04 
7.496109E+00, 1.622081E-05 
1.783927E+00, 4.206719E-04 
4.800447E+00, 8.286206E-05 
9.586986E+00, 9.655367E-07 
2.265505E+00, 3.479888E-04 
5.671943E+00, 8.124715E-05 
8.542001E-01, 7.288164E-04 
4.785964E-01, 3.700832E-04 
7.410690E+00, 9.199375E-06 
3.972462E-01, 2.295610E-04 
5.118966E+00, 5.966254E-05 
9.038810E+00, 3.865550E-06 
7.081144E+00, 4.837181E-05 
1.867181E-01, 2.581057E-04 
3.052414E+00, 3.897577E-04 
3.353816E+00, 1.876701E-04 
6.137790E+00, 5.307913E-05 
2.296840E+00, 2.841507E-04 
9.955068E+00, 6.634508E-07 
6.387939E+00, 5.203897E-05 
2.699070E+00, 1.419421E-04 
5.621072E-01, 3.683603E-04 
6.636044E+00, 2.332603E-05 
7.810298E+00, 1.464492E-05 
8.346067E+00, 1.002218E-05 
6.301992E+00, 4.348953E-05 
6.023522E+00, 6.650437E-05 
9.092714E+00, 2.130113E-06 
8.090937E+00, 1.214254E-05 
4.330935E+00, 1.413920E-04 
5.354741E+00, 9.019279E-05 
3.224541E+00, 2.809035E-04 
1.031331E+00, 2.919025E-04 
6.885354E+00, 2.490863E-05 
9.389035E+00, 4.220617E-06 
8.356349E+00, 1.261155E-05 
5.684181E+00, 6.672860E-05 
5.155468E+00, 1.261118E-04 
7.290473E+00, 3.511706E-05 
6.959908E+00, 2.930665E-05 
9.584836E+00, 8.722105E-06 
5.929827E+00, 1.052738E-04 
5.215010E+00, 9.783585E-05 
4.723819E+00, 1.095193E-04 
5.709139E+00, 4.718742E-05 
1.005264E+01, 7.623806E-07 
6.637185E+00, 3.007520E-05 
1.633540E+00, 2.878570E-04 
8.065158E+00, 1.283279E-05 
4.259282E+00, 1.351098E-04 
2.551749E+00, 2.288534E-04 
1.518209E+00, 4.202914E-04 
8.454065E+00, 7.084429E-06 
7.861647E+00, 7.480845E-06 
8.217737E+00, 7.268235E-06 
1.089499E+00, 3.931372E-04 
7.295670E+00, 1.406236E-05 
2.115410E+00, 2.994028E-04 
4.149990E+00, 1.531500E-04 
5.845952E+00, 7.690321E-05 
7.533491E+00, 7.737179E-06 
9.238277E+00, 2.201559E-06 
5.818915E+00, 1.309490E-04 
8.691591E+00, 2.957446E-06 
5.704010E+00, 1.061829E-04 
3.767795E+00, 1.792869E-04 
9.329598E+00, 3.226241E-06 
8.822775E+00, 4.606770E-06 
1.078884E+00, 7.136655E-05 
4.192297E+00, 1.126356E-04 
8.125058E+00, 8.901880E-06 
9.351811E+00, 4.314635E-06 
5.923344E+00, 6.898783E-05 
5.493382E+00, 4.951010E-05 
3.176285E+00, 3.247967E-04 
-1.917642E-01, 5.157841E-05 
3.008514E+00, 2.526283E-04 
1.004696E+00, 3.320533E-04 
4.435752E+00, 1.472292E-04 
8.683078E+00, 5.530439E-06 
6.026113E+00, 7.612281E-05 
8.125188E+00, 1.159964E-05 
9.622380E+00, 6.145682E-07 
8.348111E+00, 1.529167E-05 
8.537088E+00, 4.245784E-06 
3.215564E+00, 2.499287E-04 
4.432899E+00, 1.245387E-04 
5.122024E+00, 1.142774E-04 
9.328392E+00, 1.457133E-06 
9.948004E-01, 5.892528E-04 
-5.188434E+00, 1.616654E-02 
4.362079E+00, 1.293044E-04 
7.963300E+00, 1.031844E-05 
9.269687E+00, 1.332249E-06 
5.618024E+00, 9.835688E-05 
1.580279E+00, 4.170920E-04 
3.507103E+00, 1.643022E-04 
4.574339E+00, 7.006250E-05 
9.210871E+00, 3.428141E-06 
1.480985E+00, 3.094638E-04 
9.179718E+00, 3.818338E-06 
9.996803E+00, 7.727375E-07 
2.777461E-01, 6.418263E-04 
2.288662E+00, 3.573578E-04 
9.725466E+00, 5.245261E-07 
6.755248E+00, 4.193421E-05 
1.959818E-01, 2.029677E-04 
9.789951E+00, 7.370739E-07 
1.656967E+00, 3.995416E-04 
6.750290E+00, 3.525715E-05 
1.009503E-01, 5.157841E-05 
6.083412E+00, 5.506433E-05 
9.916845E+00, 6.133391E-07 
2.898861E+00, 2.742647E-04 
7.830909E+00, 1.963624E-05 
4.751370E+00, 1.295225E-04 
6.625374E+00, 3.249726E-05 
7.751762E+00, 2.184194E-05 
4.829973E+00, 1.259809E-04 
1.128902E-02, 3.987874E-04 
1.114786E+00, 4.274158E-04 
1.435519E+00, 5.015094E-04 
1.191261E+00, 3.847724E-04 
8.079469E+00, 7.428326E-06 
7.575754E+00, 3.419609E-05 
7.036593E+00, 2.772511E-05 
6.059469E+00, 7.743473E-05 
4.116158E-01, 2.149738E-04 
8.562722E+00, 7.174314E-06 
6.609949E+00, 3.268874E-05 
2.137468E+00, 2.850893E-04 
6.539962E+00, 3.343764E-05 
3.673417E+00, 2.749254E-04 
5.775356E+00, 5.493249E-05 
8.473581E+00, 4.525632E-06 
6.198364E+00, 7.464551E-05 
3.963050E-01, 3.787176E-04 
9.716425E+00, 4.763023E-07 
7.027422E+00, 1.535623E-05 
3.561287E+00, 2.243290E-04 
5.287269E+00, 6.119302E-05 
3.394228E+00, 2.201259E-04 
6.239283E+00, 5.066372E-05 
4.571595E+00, 1.095193E-04 
5.150210E+00, 6.186218E-05 
2.485050E+00, 2.155185E-04 
4.600063E+00, 1.432942E-04 
4.790912E+00, 9.120825E-05 
5.386048E-01, 3.251877E-04 
2.628018E+00, 3.301522E-04 
1.934247E+00, 4.446670E-04 
3.282271E+00, 2.947008E-04 
3.993685E+00, 2.694499E-04 
8.518527E+00, 5.135100E-06 
4.239552E+00, 1.026836E-04 
7.633733E+00, 2.299835E-05 
1.335326E-01, 6.501841E-04 
4.301349E+00, 1.311254E-04 
2.064486E+00, 5.079729E-04 
1.308653E+00, 3.314300E-04 
4.273250E+00, 2.221202E-04 
3.432878E+00, 1.702892E-04 
5.066967E+00, 1.088672E-04 
2.149223E+00, 2.297772E-04 
8.975681E+00, 2.490198E-06 
4.944476E+00, 9.661950E-05 
7.017857E+00, 2.281025E-05 
4.470196E+00, 1.854559E-04 
4.251951E-01, 3.773161E-04 
2.612189E-01, 2.215368E-04 
8.368510E+00, 6.679045E-06 
7.262320E+00, 2.521309E-05 
1.031169E+00, 3.320533E-04 
7.542083E+00, 1.620180E-05 
8.405048E+00, 6.834849E-06 
2.154261E+00, 2.176250E-04 
8.858335E+00, 3.443316E-06 
6.205696E+00, 2.527093E-05 
4.179692E+00, 1.099253E-04 
1.416477E+00, 3.722260E-04 
5.503014E+00, 5.457742E-05 
5.608756E+00, 9.746488E-05 
5.657818E-01, 2.981811E-04 
2.322473E+00, 3.215021E-04 
2.878544E+00, 4.092305E-04 
3.546582E+00, 1.655194E-04 
3.169696E+00, 2.366160E-04 
1.434611E+00, 3.293315E-04 
3.408978E+00, 1.455677E-04 
4.643727E+00, 1.191757E-04 
8.927759E+00, 3.970513E-06 
9.709486E+00, 2.208289E-06 
5.153777E-01, 2.480792E-04 
1.913499E+00, 2.205275E-04 
4.573439E+00, 8.151770E-05 
7.010054E+00, 3.084467E-05 
9.572416E+00, 7.551817E-07 
7.793615E+00, 2.721992E-05 
9.637862E+00, 4.525846E-07 
-3.623986E+00, 2.047107E-02 
1.271569E+00, 4.621083E-04 
3.563536E+00, 1.118471E-04 
5.142618E+00, 1.135187E-04 
8.731376E+00, 3.489089E-06 
7.025357E+00, 1.764703E-05 
5.321637E+00, 8.407051E-05 
7.291228E+00, 1.857011E-05 
7.191220E+00, 1.613214E-05 
4.094950E+00, 1.147904E-04 
1.865959E+00, 3.905790E-04 
9.689227E+00, 9.052952E-07 
3.370704E+00, 1.815040E-04 
7.371987E+00, 1.492828E-05 
4.570833E+00, 8.353759E-05 
1.798290E+00, 2.791458E-04 
5.805522E+00, 5.135641E-05 
8.384352E+00, 9.741353E-06 
3.223382E-01, 7.737150E-04 
8.212211E+00, 1.722377E-05 
4.803574E+00, 1.622427E-04 
1.405231E+00, 2.796152E-04 
7.831431E+00, 1.127761E-05 
3.987754E+00, 1.632851E-04 
7.464312E+00, 1.855015E-05 
1.720497E+00, 3.451128E-04 
6.423279E+00, 4.531426E-05 
2.740470E+00, 3.144022E-04 
3.985666E+00, 1.442549E-04 
1.441430E+00, 6.342954E-04 
3.486529E+00, 2.081809E-04 
6.930026E+00, 4.637295E-05 
4.564462E+00, 7.203253E-05 
8.945218E+00, 3.406294E-06 
9.703628E+00, 1.706585E-06 
3.907965E+00, 1.313796E-04 
2.856345E+00, 2.203587E-04 
2.679759E+00, 1.883636E-04 
1.500363E+00, 4.615150E-04 
4.520144E+00, 1.036305E-04 
2.551604E+00, 1.488070E-04 
6.098822E+00, 5.450818E-05 
6.898651E-01, 3.202747E-04 
3.946146E+00, 1.001852E-04 
9.322635E+00, 2.457913E-06 
9.285494E-02, 2.215368E-04 
5.861178E+00, 7.724852E-05 
3.184458E+00, 2.324980E-04 
1.751165E+00, 5.541664E-04 
5.492437E+00, 5.474971E-05 
7.934259E+00, 8.284757E-06 
5.844194E+00, 7.099010E-05 
8.547365E+00, 8.705075E-06 
4.429260E+00, 1.567396E-04 
5.572017E+00, 9.066335E-05 
9.003773E+00, 2.269433E-06 
6.251132E+00, 8.733782E-05 
1.543494E+00, 2.622952E-04 
5.707576E+00, 7.883193E-05 
5.081346E+00, 1.041515E-04 
8.396633E+00, 6.121244E-06 
1.138260E+00, 2.915779E-04 
5.233511E+00, 9.344594E-05 
2.978447E+00, 3.263654E-04 
5.547594E+00, 7.432325E-05 
5.277148E+00, 1.016557E-04 
6.816477E+00, 2.996688E-05 
1.458294E+00, 3.020207E-04 
4.239457E+00, 4.880596E-05 
4.606844E+00, 8.335459E-05 
9.923465E+00, 4.032816E-07 
4.798248E-01, 2.769567E-04 
4.468383E+00, 7.607627E-05 
3.556279E+00, 1.145621E-04 
1.386437E+00, 3.776191E-04 
-4.828900E-02, 9.091627E-04 
7.759431E-01, 4.894164E-04 
4.716346E+00, 9.507160E-05 
9.629032E-01, 4.008112E-04 
8.625738E+00, 7.022433E-06 
2.300478E+00, 4.089689E-04 
4.509511E-01, 3.613557E-04 
8.347423E+00, 1.066986E-05 
5.680086E+00, 7.525971E-05 
4.392333E+00, 1.779345E-04 
9.661114E+00, 7.896745E-07 
7.957682E+00, 1.015588E-05 
7.550803E+00, 1.966229E-05 
7.346650E+00, 1.735028E-05 
1.432907E+00, 3.318889E-04 
1.428645E+00, 3.643314E-04 
3.059798E+00, 4.083410E-04 
7.433009E+00, 3.630142E-05 
2.423501E+00, 2.977943E-04 
5.807651E+00, 4.101198E-05 
5.281919E+00, 7.252978E-05 
6.322032E+00, 4.794173E-05 
6.152381E+00, 3.970429E-05 
1.360287E+00, 6.049888E-04 
8.562917E+00, 9.127122E-06 
9.286152E+00, 2.501460E-06 
2.627754E+00, 1.693582E-04 
9.860565E+00, 3.229400E-07 
6.494870E-01, 5.731380E-04 
6.102517E+00, 1.106681E-04 
6.097424E+00, 6.645385E-05 
3.817031E+00, 2.157376E-04 
5.463535E+00, 7.477750E-05 
4.642386E+00, 9.507160E-05 
6.903647E+00, 3.053529E-05 
7.951145E+00, 6.591445E-06 
5.904375E+00, 7.741421E-05 
8.486743E+00, 6.388691E-06 
5.531474E+00, 7.677604E-05 
5.119685E+00, 1.209118E-04 
2.645151E+00, 2.306319E-04 
2.953224E+00, 1.971830E-04 
1.632854E+00, 3.731678E-04 
5.302630E+00, 1.117507E-04 
8.597498E+00, 6.547913E-06 
5.699204E+00, 6.751982E-05 
-1.212473E-02, 4.321498E-04 
1.467738E-01, 4.545814E-04 
7.099728E+00, 2.735892E-05 
7.384945E+00, 2.382878E-05 
8.684174E+00, 5.646248E-06 
3.908074E+00, 1.916506E-04 
9.566432E-01, 6.086155E-04 
4.088959E+00, 2.359403E-04 
5.142310E+00, 1.044185E-04 
5.807195E+00, 1.300084E-04 
3.910839E+00, 1.029291E-04 
7.740787E+00, 1.455603E-05 
4.800508E+00, 1.175883E-04 
5.332508E+00, 1.023771E-04 
9.012175E+00, 4.941917E-06 
1.914040E+00, 3.791704E-04 
8.995445E+00, 2.850374E-06 
4.766085E+00, 1.261000E-04 
2.511195E+00, 4.360547E-04 
6.961609E+00, 2.642968E-05 
-2.342216E+00, 1.694442E-02 
8.910435E+00, 2.938026E-06 
8.083488E+00, 1.714719E-05 
2.950109E+00, 3.106094E-04 
1.417133E+00, 2.165820E-04 
6.731370E+00, 2.092144E-05 
3.240631E+00, 2.763207E-04 
1.150622E+00, 3.651624E-04 
6.012881E+00, 6.415560E-05 
1.929912E+00, 4.205565E-04 
5.535192E-01, 3.860420E-04 
9.232270E+00, 4.011717E-06 
5.190286E+00, 9.561445E-05 
9.757902E+00, 5.826866E-07 
9.126561E+00, 5.721184E-06 
2.239558E+00, 1.868772E-04 
3.041898E+00, 1.833851E-04 
6.242558E+00, 4.101946E-05 
4.126232E+00, 1.742755E-04 
6.874216E+00, 3.678341E-05 
1.821071E+00, 3.846651E-04 
7.577645E+00, 1.050214E-05 
1.304612E+00, 3.407789E-04 
3.967034E+00, 2.009376E-04 
9.729608E+00, 3.072841E-07 
3.623240E+00, 2.431879E-04 
4.109080E+00, 1.423904E-04 
9.428425E+00, 1.649175E-06 
2.757964E+00, 2.258040E-04 
4.801422E+00, 1.170413E-04 
3.751064E+00, 1.960930E-04 
4.425691E+00, 1.085772E-04 
3.951326E+00, 1.900531E-04 
2.096704E+00, 3.946144E-04 
6.354065E+00, 6.542847E-05 
9.744047E+00, 9.602804E-07 
6.693594E-01, 2.468176E-04 
9.333738E+00, 1.667486E-06 
7.902234E+00, 2.640646E-05 
5.898692E+00, 1.193404E-04 
1.483761E+00, 2.341092E-04 
3.937121E+00, 7.713749E-05 
2.481363E+00, 3.594390E-04 
2.085319E+00, 3.913648E-04 
7.235913E+00, 1.510239E-05 
7.570733E+00, 2.561173E-05 
1.219918E-01, 2.288649E-04 
2.445667E+00, 3.298062E-04 
3.181931E+00, 3.091704E-04 
4.028359E-01, 4.545814E-04 
6.229338E+00, 4.939194E-05 
5.491499E-01, 2.950308E-04 
2.585864E+00, 2.366160E-04 
2.700769E+00, 2.934956E-04 
3.262954E+00, 2.101502E-04 
7.527245E+00, 1.527891E-05 
8.928205E+00, 4.819578E-06 
8.539681E-01, 3.981489E-04 
3.869295E+00, 2.548874E-04 
5.054005E+00, 1.261998E-04 
3.778411E+00, 1.920333E-04 
9.137582E+00, 3.298350E-06 
7.980120E+00, 1.227327E-05 
2.725931E+00, 2.533505E-04 
5.758424E+00, 6.933272E-05 
3.011998E+00, 1.696922E-04 
7.902146E+00, 1.106514E-05 
7.299488E+00, 4.391827E-05 
1.722691E+00, 3.234348E-04 
3.227302E+00, 1.692233E-04 
8.365429E+00, 1.180265E-05 
8.523829E+00, 5.722973E-06 
8.920408E+00, 2.718868E-06 
9.518222E+00, 6.145682E-07 
7.202113E+00, 2.106343E-05 
2.643893E+00, 2.836038E-04 
1.520535E+00, 4.166585E-04 
3.659543E-01, 3.474235E-04 
1.391184E+00, 3.913935E-04 
7.970551E+00, 9.435262E-06 
1.688472E+00, 3.592248E-04 
2.856786E+00, 2.730315E-04 
4.385935E+00, 1.184590E-04 
3.394567E+00, 1.632851E-04 
8.464385E+00, 7.174830E-06 
9.820448E+00, 3.229400E-07 
6.660857E+00, 4.361295E-05 
9.121143E+00, 1.945319E-06 
3.670450E+00, 1.839120E-04 
1.955781E+00, 2.602867E-04 
6.835742E+00, 3.353169E-05 
4.383763E-01, 3.456805E-04 
8.501586E+00, 7.207756E-06 
7.354635E-01, 2.371776E-04 
6.150285E-01, 5.616809E-04 
2.791974E+00, 2.711057E-04 
4.293177E+00, 1.146213E-04 
7.202001E+00, 2.180170E-05 
3.174714E+00, 2.751881E-04 
8.978376E+00, 6.030111E-06 
3.509542E+00, 2.200315E-04 
6.697147E+00, 4.262364E-05 
9.824196E+00, 4.525846E-07 
3.629366E+00, 2.566432E-04 
3.064566E+00, 2.225668E-04 
4.314879E+00, 1.504947E-04 
7.115543E+00, 2.551111E-05 
5.130330E+00, 8.092274E-05 
9.659794E+00, 4.825430E-07 
9.605504E+00, 1.925481E-06 
6.009682E+00, 1.168640E-04 
4.431043E+00, 1.586710E-04 
3.324886E+00, 2.602408E-04 
8.128259E+00, 8.178415E-06 
5.388164E+00, 1.691884E-04 
1.681018E+00, 4.321520E-04 
3.393751E+00, 2.540827E-04 
2.680815E+00, 1.700645E-04 
6.823025E+00, 2.583407E-05 
8.896903E+00, 2.897758E-06 
5.044281E+00, 1.111408E-04 
1.544055E+00, 3.079320E-04 
3.908391E+00, 1.869608E-04 
1.584902E+00, 4.194964E-04 
-1.698614E+00, 1.693758E-02 
6.563380E-01, 2.334928E-04 
8.112964E+00, 1.446458E-05 
3.961577E+00, 7.713749E-05 
4.057910E+00, 1.645852E-04 
1.984415E+00, 4.164390E-04 
5.508266E+00, 7.168377E-05 
6.761348E+00, 2.111347E-05 
8.072814E-01, 3.790814E-04 
4.226265E+00, 1.773307E-04 
8.504743E+00, 6.591445E-06 
7.332897E+00, 3.772091E-05 
6.223231E+00, 3.367594E-05 
3.673381E+00, 2.297705E-04 
8.518308E+00, 6.772203E-06 
6.917922E+00, 2.712903E-05 
8.676344E+00, 3.482609E-06 
9.407825E+00, 9.785381E-07 
2.215960E+00, 3.462590E-04 
5.198051E+00, 6.661701E-05 
3.006799E+00, 3.004263E-04 
1.615978E+00, 4.694700E-04 
9.385351E-02, 6.501841E-04 
5.890502E+00, 8.868961E-05 
1.977089E+00, 3.823988E-04 
2.588411E+00, 3.306455E-04 
7.433005E+00, 4.076274E-05 
2.215910E+00, 2.595137E-04 
4.066644E+00, 1.335734E-04 
6.324352E+00, 4.748321E-05 
1.139717E+00, 6.272952E-04 
3.295833E+00, 3.018154E-04 
3.919608E+00, 1.709520E-04 
3.945547E+00, 2.277070E-04 
5.280338E-01, 4.402593E-04 
4.870616E+00, 1.164834E-04 
5.513835E+00, 8.417353E-05 
7.529827E+00, 1.101376E-05 
6.367102E+00, 4.604461E-05 
3.060250E-01, 1.547430E-03 
1.509674E+00, 3.094675E-04 
3.531864E+00, 1.989399E-04 
5.383527E+00, 5.956383E-05 
9.622624E+00, 4.552952E-07 
9.264718E+00, 3.349835E-06 
1.495369E+00, 4.140121E-04 
1.755774E+00, 4.154696E-04 
9.946942E+00, 4.102344E-07 
6.694762E+00, 6.171828E-05 
5.161078E+00, 8.316628E-05 
1.773032E+00, 3.888510E-04 
2.572048E+00, 2.619405E-04 
6.239959E+00, 5.450818E-05 
9.354701E+00, 2.300076E-06 
2.120605E+00, 2.615074E-04 
4.303011E+00, 1.149470E-04 
3.306862E+00, 1.851442E-04 
6.921769E+00, 4.550774E-05 
5.743901E+00, 5.457742E-05 
1.009234E+01, 3.229400E-07 
1.913353E+00, 2.601576E-04 
4.031193E-01, 2.581057E-04 
9.145902E+00, 4.578809E-06 
8.609338E+00, 6.394360E-06 
3.853157E+00, 2.334763E-04 
4.697454E+00, 7.765301E-05 
9.211389E+00, 2.745405E-06 
4.183497E+00, 1.409257E-04 
6.452955E+00, 2.363910E-05 
7.675112E+00, 1.050109E-05 
5.707490E+00, 5.384508E-05 
8.892802E-02, 3.290107E-04 
2.754586E+00, 2.163397E-04 
7.869613E+00, 8.833569E-06 
-2.014632E-01, 1.647047E-03 
6.159684E+00, 6.346597E-05 
2.311403E+00, 1.961530E-04 
5.045492E+00, 1.367489E-04 
7.795543E+00, 1.983393E-05 
5.711066E+00, 7.799221E-05 
5.062895E+00, 9.181714E-05 
8.668851E+00, 7.725842E-06 
9.829480E+00, 4.998083E-07 
7.057915E+00, 3.704542E-05 
5.034001E+00, 7.252978E-05 
6.306883E+00, 4.773871E-05 
9.267449E+00, 2.897758E-06 
1.671693E+00, 2.829714E-04 
4.827104E+00, 7.006250E-05 
8.597271E+00, 5.073145E-06 
6.031305E+00, 6.994701E-05 
8.254855E+00, 1.427526E-05 
8.325603E+00, 7.761418E-06 
2.228277E+00, 2.169018E-04 
2.645644E+00, 2.518469E-04 
7.402337E+00, 3.106059E-05 
7.847824E+00, 1.197652E-05 
3.798890E+00, 7.933548E-05 
2.325513E+00, 2.823927E-04 
9.068551E+00, 2.248994E-06 
8.619266E+00, 2.989279E-06 
-6.851752E+00, 2.049280E-02 
8.758989E-01, 2.885373E-04 
9.849084E+00, 7.857215E-07 
9.981640E+00, 4.643482E-07 
4.813365E+00, 1.123172E-04 
7.043470E+00, 2.027702E-05 
9.467071E+00, 2.999118E-06 
1.155032E+00, 4.037626E-04 
1.186899E+00, 4.026060E-04 
5.831659E+00, 7.511161E-05 
8.106086E+00, 1.080432E-05 
9.569315E-01, 8.118709E-04 
1.741107E+00, 3.489067E-04 
6.921709E+00, 2.418590E-05 
9.752055E-01, 5.223466E-04 
4.977493E+00, 1.181868E-04 
7.597603E+00, 2.572871E-05 
8.621452E+00, 7.162459E-06 
9.074683E+00, 1.905825E-06 
6.077691E+00, 3.239505E-05 
1.299077E+00, 3.210495E-04 
9.366557E+00, 2.876010E-06 
2.531710E-01, 8.118709E-04 
8.005044E+00, 1.711139E-05 
2.278896E+00, 2.746362E-04 
6.170240E+00, 2.956448E-05 
2.382829E+00, 3.271124E-04 
8.011305E+00, 1.628704E-05 
2.508469E+00, 2.533505E-04 
7.362930E+00, 1.192042E-05 
6.019545E-01, 3.403505E-04 
9.552372E+00, 2.392864E-06 
5.868124E+00, 7.497713E-05 
2.589087E+00, 1.655263E-04 
9.299230E+00, 1.755674E-06 
5.179268E+00, 6.637054E-05 
6.850581E+00, 2.051614E-05 
2.681398E+00, 2.484913E-04 
7.524035E+00, 1.803938E-05 
1.929005E+00, 5.047599E-04 
6.401041E+00, 4.831511E-05 
5.394219E+00, 8.562947E-05 
8.495494E+00, 7.626834E-06 
9.323679E+00, 1.295375E-06 
3.049661E+00, 2.139298E-04 
2.628341E+00, 1.935909E-04 
5.642473E+00, 8.100936E-05 
9.307229E-02, 4.330717E-04 
3.129029E+00, 3.884467E-04 
2.209860E+00, 4.826415E-04 
1.594365E+00, 3.580968E-04 
2.570693E+00, 2.744490E-04 
9.197058E-01, 3.567923E-04 
5.707734E+00, 5.824560E-05 
6.542381E+00, 4.400158E-05 
9.037848E-01, 3.427684E-04 
2.339403E+00, 2.402132E-04 
3.670601E+00, 2.136613E-04 
3.786282E+00, 1.496724E-04 
8.803331E+00, 4.634211E-06 
4.763931E+00, 1.104434E-04 
8.486776E+00, 5.948034E-06 
8.110994E+00, 1.357387E-05 
6.701018E-01, 4.577298E-04 
1.354287E+00, 3.426076E-04 
7.260412E+00, 3.703682E-05 
4.127294E+00, 1.343393E-04 
6.799311E+00, 2.349513E-05 
5.628175E+00, 7.845522E-05 
1.943439E+00, 5.166898E-04 
4.351709E+00, 1.558594E-04 
1.224335E+00, 5.015393E-04 
4.379912E+00, 1.017115E-04 
3.417923E+00, 1.702892E-04 
2.649307E-01, 1.943038E-04 
7.767682E+00, 8.577800E-06 
2.204036E-01, 4.545814E-04 
4.283388E+00, 1.587741E-04 
8.007553E+00, 8.650162E-06 
9.405581E+00, 3.295597E-06 
2.080291E+00, 5.013404E-04 
8.031192E+00, 1.403221E-05 
8.011293E+00, 1.401376E-05 
9.536398E+00, 2.157995E-06 
8.388117E+00, 5.368965E-06 
3.476805E+00, 1.346387E-04 
4.242663E+00, 8.645663E-05 
2.247069E+00, 2.561103E-04 
4.545427E+00, 7.461291E-05 
6.530078E+00, 4.473429E-05 
4.347328E+00, 1.054253E-04 
1.521049E+00, 4.137707E-04 
8.171197E+00, 8.538986E-06 
7.017968E+00, 3.111943E-05 
3.523397E-01, 2.700504E-04 
4.587091E+00, 1.178905E-04 
3.087397E+00, 1.979304E-04 
6.385322E+00, 4.085175E-05 
5.492448E+00, 7.176950E-05 
3.091370E+00, 3.475617E-04 
5.231458E-01, 5.634000E-04 
2.986206E+00, 4.016729E-04 
6.119282E+00, 6.044932E-05 
4.880348E+00, 8.871743E-05 
7.611311E+00, 1.711817E-05 
2.290032E+00, 2.430076E-04 
4.856650E-01, 4.151621E-04 
4.950688E+00, 1.291607E-04 
8.325039E+00, 6.996376E-06 
3.714678E-01, 3.736996E-04 
3.799765E-01, 5.360605E-04 
2.297672E+00, 3.156466E-04 
9.423505E+00, 6.225461E-07 
1.684626E+00, 2.101917E-04 
9.639699E+00, 4.892691E-07 
1.619354E+00, 3.554476E-04 
4.601438E+00, 1.132496E-04 
4.568838E+00, 1.245128E-04 
9.364058E+00, 1.843116E-06 
1.118998E+00, 2.414767E-04 
5.169670E+00, 7.526829E-05 
7.180990E+00, 2.907563E-05 
3.281756E+00, 3.749600E-04 
9.761211E-01, 4.887792E-04 
8.666645E+00, 5.091531E-06 
3.909188E-01, 5.135390E-04 
6.344778E+00, 3.649118E-05 
2.156753E+00, 4.682853E-04 
1.764475E+00, 4.509986E-04 
4.366294E+00, 2.012171E-04 
6.970205E+00, 2.265970E-05 
9.487907E+00, 7.916489E-07 
4.356312E+00, 2.183227E-04 
3.101765E+00, 2.664626E-04 
6.945411E+00, 1.774233E-05 
3.859298E+00, 2.884523E-04 
1.428259E+00, 3.426899E-04 
4.315285E+00, 9.030948E-05 
6.808410E+00, 1.469569E-05 
4.787190E+00, 6.016562E-05 
1.224722E+00, 1.951872E-04 
8.190256E+00, 1.245474E-05 
6.228592E+00, 3.222932E-05 
6.471893E+00, 6.878601E-05 
4.273071E+00, 1.367029E-04 
7.695839E+00, 1.871364E-05 
6.403245E+00, 3.811736E-05 
8.527514E+00, 5.836585E-06 
5.555482E+00, 6.453605E-05 
2.646370E+00, 1.544758E-04 
9.007126E-01, 3.981489E-04 
5.419402E+00, 1.034983E-04 
9.232084E+00, 6.950161E-06 
7.844482E+00, 2.371265E-05 
8.654453E+00, 5.264633E-06 
6.958902E+00, 2.379584E-05 
3.534491E+00, 1.436527E-04 
2.853220E+00, 2.785344E-04 
6.067008E-01, 3.321211E-04 
1.229802E+00, 3.869693E-04 
7.217092E+00, 2.937818E-05 
1.440820E+00, 3.528635E-04 
3.719511E-01, 1.447186E-04 
4.734955E+00, 6.420616E-05 
3.883117E+00, 3.072634E-04 
2.808851E+00, 2.400896E-04 
4.453916E+00, 1.147367E-04 
3.203823E+00, 1.815675E-04 
8.500541E+00, 5.639863E-06 
2.178682E+00, 2.537531E-04 
9.887304E+00, 1.295375E-06 
4.898642E+00, 1.447869E-04 
2.616699E+00, 2.779310E-04 
6.545752E+00, 3.125163E-05 
5.655445E+00, 6.516003E-05 
8.626974E+00, 6.049893E-06 
7.605316E+00, 2.703116E-05 
7.708833E+00, 1.214254E-05 
-3.439738E+00, 1.719276E-02 
5.528853E+00, 5.474971E-05 
6.204727E-01, 3.886077E-04 
5.591795E+00, 8.157182E-05 
6.239416E+00, 7.231170E-05 
5.056644E+00, 1.115394E-04 
1.605117E+00, 5.079731E-04 
1.882491E+00, 2.205429E-04 
6.938192E+00, 3.437755E-05 
3.728420E+00, 1.747015E-04 
3.302291E+00, 1.822195E-04 
8.730592E+00, 1.190739E-05 
9.032266E+00, 2.147036E-06 
6.369183E+00, 5.120373E-05 
5.226397E+00, 6.485329E-05 
2.516998E+00, 2.380643E-04 
9.063180E+00, 2.698921E-06 
5.092173E+00, 7.905334E-05 
5.776303E+00, 9.029173E-05 
9.815901E+00, 6.917055E-07 
8.206665E-01, 4.181943E-04 
7.121568E+00, 1.989773E-05 
1.932372E-01, 8.940035E-07 
1.083580E+00, 3.474235E-04 
7.673870E+00, 1.717543E-05 
3.162743E+00, 3.667992E-04 
9.252272E+00, 1.522129E-06 
4.883666E+00, 1.142118E-04 
8.618467E-01, 4.577298E-04 
5.096488E+00, 7.342527E-05 
8.062488E+00, 7.757113E-06 
3.926711E-02, 4.545814E-04 
4.155251E+00, 1.091578E-04 
7.013204E+00, 1.871364E-05 
7.646621E+00, 7.228545E-06 
3.314389E+00, 1.455782E-04 
8.092284E+00, 1.166988E-05 
3.784177E+00, 1.706133E-04 
3.320017E+00, 3.862839E-04 
7.147764E+00, 1.476060E-05 
1.661847E+00, 3.139396E-04 
6.832721E+00, 2.397311E-05 
9.133536E+00, 2.028748E-06 
3.103305E+00, 3.070775E-04 
9.514863E+00, 2.876010E-06 
2.514463E-01, 3.298760E-04 
8.978666E+00, 3.275566E-06 
8.618453E-01, 5.535780E-04 
1.278121E+00, 5.117289E-04 
3.727763E+00, 2.522682E-04 
2.280951E+00, 2.340492E-04 
2.330962E+00, 1.832691E-04 
6.385346E+00, 3.068414E-05 
3.286321E+00, 1.989399E-04 
8.883226E-02, 3.826056E-04 
7.649071E+00, 1.225280E-05 
1.485021E+00, 2.271388E-04 
2.045469E+00, 3.977932E-04 
9.566193E+00, 1.841472E-06 
9.195506E+00, 1.640938E-06 
4.933561E-01, 1.976215E-04 
-6.850428E+00, 1.971958E-02 
-7.063330E+00, 1.854136E-02 
7.080734E+00, 1.912946E-05 
5.624947E+00, 4.404885E-05 
9.976953E+00, 3.202545E-07 
6.211865E+00, 3.241910E-05 
7.437286E+00, 1.566467E-05 
4.236633E+00, 2.004461E-04 
8.733550E+00, 4.003155E-06 
9.173229E+00, 1.685760E-06 
8.749928E+00, 4.437712E-06 
3.857177E+00, 2.225784E-04 
5.051456E+00, 1.195864E-04 
8.757817E+00, 3.994720E-06 
2.542814E+00, 2.284409E-04 
8.837323E+00, 4.475090E-06 
7.022203E+00, 1.991716E-05 
7.333029E+00, 1.775890E-05 
6.888075E+00, 2.526828E-05 
6.589213E-01, 4.128039E-04 
5.595043E+00, 7.049082E-05 
-2.262801E+00, 1.610532E-02 
8.756212E+00, 4.078491E-06 
8.241996E+00, 6.329822E-06 
1.436810E+00, 2.543548E-04 
8.436290E+00, 4.814814E-06 
4.877670E+00, 8.124005E-05 
7.078001E+00, 2.930252E-05 
8.037643E-01, 2.981811E-04 
4.421763E+00, 1.193643E-04 
3.001173E+00, 1.910288E-04 
6.153855E+00, 4.045616E-05 
3.827883E+00, 1.801109E-04 
1.227793E+00, 2.834228E-04 
8.954239E+00, 3.703482E-06 
6.628166E+00, 5.386659E-05 
4.858020E+00, 7.976372E-05 
9.848871E+00, 1.458993E-06 
4.405831E+00, 6.929932E-05 
6.694505E+00, 4.264442E-05 
4.269216E+00, 1.273711E-04 
4.069683E+00, 1.408558E-04 
7.432381E+00, 2.988658E-05 
9.873018E+00, 4.892691E-07 
3.577268E+00, 2.386406E-04 
4.656363E+00, 1.095241E-04 
6.511954E+00, 5.482099E-05 
-2.603549E+00, 1.580354E-02 
3.355089E+00, 2.171396E-04 
4.739436E+00, 1.194145E-04 
1.789103E+00, 3.893866E-04 
5.651333E+00, 1.321046E-04 
3.062366E+00, 2.000729E-04 
5.795407E+00, 1.062758E-04 
3.433781E+00, 1.231292E-04 
6.560370E+00, 5.807909E-05 
4.684491E+00, 7.813028E-05 
8.734943E+00, 6.314860E-06 
2.973509E+00, 2.564771E-04 
5.223350E+00, 5.993528E-05 
8.818452E+00, 3.495280E-06 
6.663928E+00, 2.051614E-05 
4.681165E+00, 7.313934E-05 
2.200434E+00, 3.109216E-04 
9.713278E+00, 2.348632E-07 
9.863524E-01, 2.552402E-04 
1.056527E+00, 2.379901E-04 
5.889611E+00, 7.982072E-05 
8.441380E+00, 3.486160E-06 
8.950517E+00, 5.973976E-06 
2.526185E+00, 2.002534E-04 
1.293527E+00, 2.188378E-04 
4.712333E+00, 1.258357E-04 
1.248639E+00, 3.771816E-04 
5.033638E+00, 7.265666E-05 
3.368463E+00, 2.460773E-04 
2.437758E+00, 2.865570E-04 
6.250086E+00, 7.114828E-05 
5.964474E+00, 1.003514E-04 
1.964164E+00, 5.467597E-04 
1.991461E+00, 3.472576E-04 
5.300352E+00, 1.212848E-04 
4.775863E+00, 9.461647E-05 
1.982585E+00, 3.251860E-04 
5.665073E+00, 5.135641E-05 
8.958183E+00, 3.769574E-06 
5.500660E-01, 4.254639E-04 
7.289184E+00, 3.852098E-05 
5.389561E+00, 9.289652E-05 
6.571687E+00, 2.204085E-05 
4.531812E+00, 1.342162E-04 
3.175794E+00, 1.876701E-04 
1.456720E+00, 3.260145E-04 
9.012737E+00, 2.325648E-06 
6.329002E+00, 7.857980E-05 
3.985475E-01, 4.987405E-04 
8.141748E+00, 1.427630E-05 
7.309768E+00, 2.180890E-05 
3.142044E+00, 1.947011E-04 
9.138099E+00, 1.315828E-06 
3.938086E+00, 2.056105E-04 
3.907468E+00, 2.687680E-04 
2.286483E+00, 2.492394E-04 
9.432586E+00, 1.857393E-06 
8.339747E+00, 8.769465E-06 
5.110922E+00, 6.095848E-05 
9.134873E-01, 4.913633E-04 
1.045681E+00, 5.905751E-04 
8.187158E-01, 8.179980E-04 
4.044746E-01, 1.529698E-03 
5.922781E+00, 9.095275E-05 
1.622310E+00, 4.196533E-04 
3.732203E+00, 1.965434E-04 
1.385500E+00, 6.136278E-04 
2.463463E+00, 2.639034E-04 
7.015617E+00, 1.983302E-05 
1.535011E+00, 4.078372E-04 
5.777718E+00, 6.864637E-05 
6.431825E+00, 2.337403E-05 
7.728740E-01, 3.804755E-05 
9.890267E+00, 3.229400E-07 
-5.883094E+00, 1.757731E-02 
8.848014E+00, 4.810028E-06 
4.412945E+00, 1.217341E-04 
8.854754E+00, 3.282997E-06 
5.711342E+00, 7.626216E-05 
3.280145E+00, 1.527876E-04 
6.045785E+00, 6.977073E-05 
5.441663E+00, 5.993528E-05 
8.282673E+00, 5.630434E-06 
5.179448E+00, 8.871743E-05 
3.133241E-01, 2.971925E-04 
7.532289E+00, 2.491705E-05 
9.158132E+00, 3.444043E-06 
2.634520E+00, 2.173181E-04 
1.293958E+00, 4.147491E-04 
1.391534E+00, 3.786588E-04 
9.520667E+00, 2.670145E-06 
-2.401350E+00, 1.924832E-02 
5.707821E-01, 3.141415E-04 
9.752372E+00, 3.202545E-07 
4.997061E+00, 1.004855E-04 
2.289842E+00, 3.886393E-04 
8.628865E+00, 8.209304E-06 
7.627281E+00, 2.337046E-05 
5.513031E+00, 9.330621E-05 
9.695302E+00, 1.196221E-06 
7.054264E+00, 1.571559E-05 
6.835022E+00, 2.980632E-05 
4.985270E+00, 8.886150E-05 
9.444380E-01, 2.712076E-04 
6.918167E-01, 3.405677E-04 
-6.995796E-01, 1.489582E-02 
3.037881E+00, 1.719427E-04 
8.731305E+00, 3.321244E-06 
2.596896E+00, 2.690552E-04 
2.782672E+00, 2.823927E-04 
5.208530E-01, 2.971925E-04 
6.220723E+00, 6.279922E-05 
9.210540E+00, 2.957446E-06 
8.681885E+00, 3.172913E-06 
6.651713E+00, 3.284114E-05 
9.229420E+00, 2.243161E-06 
5.700603E+00, 8.846935E-05 
4.457332E+00, 1.091578E-04 
5.080000E+00, 1.099410E-04 
6.975685E+00, 1.969744E-05 
4.279262E+00, 8.235039E-05 
8.982048E+00, 4.577385E-06 
4.465910E+00, 7.478297E-05 
6.824306E+00, 2.116633E-05 
9.040483E+00, 3.027342E-06 
7.782557E+00, 1.808855E-05 
4.792569E+00, 7.976372E-05 
4.293026E+00, 1.735412E-04 
7.939178E-01, 6.684898E-04 
3.801091E+00, 2.300537E-04 
2.221632E+00, 3.554991E-04 
6.874340E+00, 2.027702E-05 
2.109018E+00, 2.767574E-04 
3.053581E+00, 1.981723E-04 
9.795633E+00, 4.692472E-07 
7.107994E+00, 2.121396E-05 
3.984085E+00, 1.947011E-04 
3.669838E+00, 2.791353E-04 
3.478933E+00, 1.692233E-04 
2.574684E+00, 2.501744E-04 
8.226868E+00, 8.044331E-06 
3.906147E+00, 1.549598E-04 
2.486970E-01, 2.272907E-04 
8.226328E+00, 2.397808E-05 
6.351387E+00, 6.539149E-05 
8.196981E-01, 4.216384E-04 
3.946126E+00, 1.960428E-04 
1.763915E+00, 2.512293E-04 
-1.438890E-01, 3.520430E-04 
5.034673E+00, 8.605614E-05 
3.234151E+00, 2.336941E-04 
2.969727E+00, 3.415774E-04 
5.994893E+00, 9.766270E-05 
9.778278E+00, 5.285145E-07 
1.955332E+00, 3.014565E-04 
3.933366E+00, 1.801109E-04 
5.900570E+00, 7.155431E-05 
9.192070E+00, 1.453182E-06 
9.369832E+00, 7.645407E-07 
3.515792E+00, 1.983587E-04 
4.411972E+00, 2.210475E-04 
3.768404E+00, 2.323262E-04 
1.225990E+00, 3.020207E-04 
8.671526E+00, 4.917749E-06 
6.086886E-01, 3.413671E-04 
7.345173E+00, 2.827968E-05 
7.787916E+00, 1.367950E-05 
1.547336E+00, 3.903743E-04 
8.236875E+00, 1.266925E-05 
6.878704E+00, 2.767149E-05 
8.057524E+00, 1.922697E-05 
7.024963E+00, 1.992444E-05 
8.003493E+00, 1.600906E-05 
4.116230E+00, 2.024205E-04 
5.561851E+00, 6.286516E-05 
3.658536E+00, 1.168765E-04 
4.798567E-01, 3.957029E-04 
4.583543E+00, 1.086696E-04 
7.533761E+00, 1.714792E-05 
3.783535E+00, 1.784500E-04 
7.931659E+00, 8.913298E-06 
2.268617E+00, 3.621256E-04 
1.329546E+00, 2.931107E-04 
6.391054E+00, 4.497145E-05 
8.625545E+00, 5.183967E-06 
6.550979E+00, 4.388070E-05 
1.778063E+00, 5.016844E-04 
6.106488E+00, 1.293265E-04 
1.056483E+00, 4.749009E-04 
9.054313E+00, 7.975593E-06 
3.465618E+00, 1.690847E-04 
3.856138E+00, 9.473571E-05 
7.597998E+00, 1.553301E-05 
7.285389E+00, 2.311089E-05 
8.827324E+00, 4.814356E-06 
7.978716E+00, 6.834849E-06 
7.546206E-01, 4.039126E-04 
1.483760E+00, 4.101366E-04 
3.404037E+00, 2.097461E-04 
7.174267E+00, 2.819317E-05 
9.383314E+00, 1.841472E-06 
6.327230E+00, 3.553024E-05 
9.859292E+00, 4.578801E-07 
2.753220E+00, 1.696549E-04 
2.019110E+00, 3.431708E-04 
8.006727E+00, 7.526323E-06 
4.066609E-01, 1.976215E-04 
3.872503E+00, 1.752134E-04 
7.803853E+00, 1.362010E-05 
6.545317E+00, 3.889557E-05 
5.526782E+00, 8.919660E-05 
7.303118E-01, 3.983223E-04 
7.003033E+00, 3.565651E-05 
1.509817E+00, 2.978687E-04 
5.085811E+00, 8.859207E-05 
6.585315E+00, 3.126211E-05 
5.547429E+00, 5.589466E-05 
9.226039E+00, 2.590749E-06 
2.751659E+00, 2.241147E-04 
7.930369E-01, 3.791377E-04 
5.949262E+00, 9.469850E-05 
7.806209E+00, 1.017494E-05 
4.175483E+00, 1.160588E-04 
7.889989E+00, 1.163388E-05 
1.000795E+01, 1.309505E-06 
6.944087E-01, 2.653429E-04 
1.287638E+00, 4.451292E-04 
1.308737E+00, 4.860299E-04 
6.168308E-01, 2.215368E-04 
5.136512E+00, 1.000940E-04 
4.449871E+00, 6.308218E-05 
2.865328E-01, 5.538419E-05 
3.986894E-01, 3.257598E-04 
9.795533E+00, 6.876882E-07 
7.264832E+00, 2.483177E-05 
9.607537E+00, 3.958245E-07 
1.242667E+00, 4.294373E-04 
3.316025E+00, 2.227138E-04 
3.167932E-01, 3.736996E-04 
8.806907E+00, 5.718098E-06 
1.585729E+00, 3.962772E-04 
3.264819E+00, 1.773796E-04 
7.295265E+00, 4.376070E-05 
8.442882E+00, 5.275579E-06 
3.823538E+00, 2.327377E-04 
9.456581E+00, 1.761442E-06 
7.961506E+00, 1.187666E-05 
4.522813E+00, 1.443466E-04 
7.860117E+00, 6.205560E-06 
8.567391E-01, 4.087640E-04 
6.786969E-01, 2.327779E-04 
3.864205E+00, 2.500672E-04 
6.222236E+00, 3.637714E-05 
6.992657E+00, 3.178996E-05 
8.902330E+00, 3.444793E-06 
9.536210E+00, 1.418547E-06 
1.546019E+00, 2.799577E-04 
9.414053E+00, 1.922173E-06 
4.986547E+00, 1.048961E-04 
3.473825E+00, 1.771800E-04 
5.517992E+00, 1.152133E-04 
9.918391E+00, 4.869786E-07 
2.289626E+00, 2.730666E-04 
9.605398E+00, 1.371297E-06 
-1.388334E+00, 1.186001E-02 
9.290396E+00, 1.761442E-06 
5.911036E+00, 5.468743E-05 
1.241396E+00, 2.656556E-04 
5.467355E+00, 7.964979E-05 
7.196172E+00, 1.389851E-05 
2.192992E+00, 3.559777E-04 
3.565999E+00, 1.823860E-04 
2.805614E+00, 1.977285E-04 
1.116465E+00, 4.501200E-04 
7.710507E+00, 1.157292E-05 
5.214832E+00, 8.555220E-05 
8.401991E-01, 4.074350E-04 
1.065757E+00, 4.187827E-04 
6.478822E+00, 8.218786E-05 
4.142737E+00, 2.616725E-04 
5.141413E+00, 4.491611E-05 
3.542723E+00, 1.523441E-04 
8.089381E+00, 9.403507E-06 
9.875561E+00, 5.245261E-07 
4.061398E+00, 2.112048E-04 
3.231904E+00, 2.418880E-04 
4.711073E+00, 1.258357E-04 
9.924046E-02, 3.661338E-04 
3.814367E+00, 1.908735E-04 
8.418601E+00, 8.050103E-06 
5.796502E+00, 5.280120E-05 
8.333074E+00, 8.527441E-06 
4.591477E+00, 1.323259E-04 
4.513581E+00, 1.863878E-04 
7.135199E+00, 1.427265E-05 
9.885204E+00, 3.444759E-07 
2.713203E+00, 2.947009E-04 
7.667237E+00, 1.728718E-05 
9.068925E+00, 3.871459E-06 
4.078181E+00, 1.255899E-04 
5.260823E+00, 1.195762E-04 
7.244244E+00, 2.121635E-05 
9.918690E+00, 3.647482E-07 
9.432563E+00, 1.314053E-06 
3.846450E+00, 1.374193E-04 
9.924103E-01, 2.219350E-04 
9.739277E+00, 2.484422E-07 
8.959518E-01, 5.645253E-04 
2.325485E+00, 3.088173E-04 
5.621023E+00, 4.157610E-05 
5.657879E+00, 6.030396E-05 
8.718626E+00, 4.274688E-06 
9.211723E+00, 3.406294E-06 
5.993937E+00, 1.078292E-04 
8.527362E+00, 4.427381E-06 
6.120270E+00, 2.752950E-05 
5.297674E+00, 7.147683E-05 
4.773833E+00, 1.162707E-04 
1.019559E+00, 4.382691E-04 
1.113379E+00, 4.771516E-04 
9.622238E+00, 1.474841E-06 
4.640961E+00, 6.929932E-05 
7.129101E+00, 3.042442E-05 
3.232835E+00, 1.730153E-04 
2.939441E+00, 1.984683E-04 
2.393735E+00, 2.527408E-04 
8.311476E-01, 6.829976E-04 
1.625482E+00, 2.434933E-04 
6.696820E+00, 3.244257E-05 
6.206407E+00, 3.190304E-05 
1.981146E+00, 3.227639E-04 
1.922322E+00, 3.906374E-04 
5.542048E+00, 7.474822E-05 
5.569283E+00, 6.901433E-05 
9.818520E+00, 4.473919E-07 
9.265947E+00, 3.482609E-06 
6.295776E+00, 5.923449E-05 
9.064616E+00, 4.980397E-06 
4.344019E-01, 3.661338E-04 
8.566616E+00, 6.699669E-06 
2.368025E+00, 2.169037E-04 
2.004623E+00, 3.608252E-04 
9.021330E+00, 4.245784E-06 
6.026311E+00, 1.239364E-04 
1.825912E+00, 2.814272E-04 
9.498819E+00, 3.486160E-06 
5.748207E+00, 4.548366E-05 
6.098941E-01, 2.769567E-04 
1.714335E+00, 4.684719E-04 
3.145050E+00, 1.561306E-04 
5.872760E+00, 1.000485E-04 
7.025890E+00, 5.334990E-05 
1.036948E+00, 5.228281E-04 
2.878055E+00, 1.896849E-04 
2.689434E+00, 1.460770E-04 
9.313348E+00, 3.955843E-06 
1.988655E+00, 2.593174E-04 
6.893543E+00, 3.028327E-05 
5.601666E+00, 8.952263E-05 
3.679396E+00, 3.277637E-04 
1.650178E+00, 3.457779E-04 
1.969779E+00, 2.293509E-04 
4.786531E+00, 6.911571E-05 
9.052922E+00, 1.876847E-06 
3.424709E+00, 2.302339E-04 
7.215946E+00, 1.466777E-05 
3.435633E+00, 1.813944E-04 
4.189070E+00, 1.299805E-04 
1.069414E+00, 1.433258E-04 
8.392979E+00, 1.530085E-05 
9.374682E+00, 2.082920E-06 
3.581802E-01, 3.202747E-04 
8.587617E+00, 6.353894E-06 
8.592894E-01, 4.919589E-04 
9.662308E+00, 1.978143E-06 
3.315433E-01, 5.535548E-04 
7.353175E+00, 2.275164E-05 
7.898701E+00, 8.806648E-06 
8.404972E+00, 2.133354E-05 
4.343514E+00, 1.318983E-04 
9.002457E+00, 5.887007E-06 
5.351320E+00, 1.099968E-04 
2.102724E-01, 2.107046E-04 
7.270817E+00, 2.021005E-05 
2.224274E+00, 2.522287E-04 
7.949961E+00, 8.283116E-06 
8.351062E+00, 1.713433E-05 
4.262186E+00, 1.452343E-04 
1.722953E+00, 3.179221E-04 
4.920431E+00, 8.503809E-05 
7.309982E+00, 2.504199E-05 
4.099499E+00, 2.059633E-04 
6.128381E+00, 6.287520E-05 
-1.149665E+00, 1.352080E-02 
9.615331E+00, 4.153970E-07 
6.482576E+00, 4.260710E-05 
1.560754E+00, 2.893786E-04 
6.416094E+00, 4.401668E-05 
8.719526E+00, 2.931713E-06 
6.218566E+00, 9.667965E-05 
4.725976E+00, 1.152677E-04 
2.492138E+00, 3.372452E-04 
3.005883E+00, 1.945553E-04 
2.457235E+00, 2.975532E-04 
4.437701E+00, 1.062067E-04 
9.503027E+00, 2.610711E-06 
3.235330E+00, 1.451281E-04 
6.259111E+00, 5.959755E-05 
7.040178E+00, 2.050911E-05 
1.046503E+00, 3.559377E-04 
5.864702E+00, 7.956063E-05 
3.510897E-01, 2.215219E-04 
5.489848E+00, 6.300071E-05 
7.615488E+00, 1.503819E-05 
9.787701E+00, 4.892691E-07 
5.800062E+00, 6.727933E-05 
7.050099E+00, 4.093382E-05 
6.439823E+00, 4.567120E-05 
7.235692E+00, 3.169529E-05 
5.540471E+00, 7.051265E-05 
6.895997E+00, 2.488479E-05 
8.669276E-01, 4.769441E-04 
8.135653E+00, 1.232209E-05 
6.129877E+00, 4.432543E-05 
7.207661E+00, 2.484290E-05 
-3.884245E-02, 4.545814E-04 
4.869418E+00, 1.044889E-04 
6.530526E+00, 3.078717E-05 
5.029304E+00, 1.268852E-04 
3.445528E+00, 2.046061E-04 
5.356433E+00, 5.918906E-05 
4.464977E+00, 7.813028E-05 
3.155250E+00, 2.517698E-04 
1.010672E+01, 3.072841E-07 
8.457485E+00, 9.779112E-06 
7.180177E+00, 2.536052E-05 
6.082092E+00, 6.266400E-05 
3.466210E+00, 1.877543E-04 
8.831724E+00, 3.495280E-06 
5.463692E+00, 9.510506E-05 
3.295548E+00, 8.628011E-05 
6.933503E+00, 1.835460E-05 
6.178267E+00, 3.705201E-05 
9.210258E+00, 3.474424E-06 
1.212678E+00, 2.774642E-04 
3.400892E+00, 1.637918E-04 
6.002960E+00, 8.317484E-05 
-1.819521E-01, 2.004056E-04 
5.354209E+00, 6.676304E-05 
7.281444E+00, 2.387699E-05 
6.551013E-01, 4.135023E-04 
4.136821E+00, 1.560442E-04 
2.007196E+00, 3.300521E-04 
4.107058E+00, 1.429637E-04 
6.991883E-01, 4.969713E-04 
3.800117E+00, 1.810198E-04 
4.218207E+00, 1.261000E-04 
3.586263E+00, 1.885995E-04 
4.740742E+00, 8.296956E-05 
7.410896E+00, 2.723096E-05 
1.667668E+00, 2.538600E-04 
6.477466E+00, 6.306225E-05 
7.473868E+00, 2.649283E-05 
8.099977E+00, 1.431516E-05 
3.225342E+00, 3.588189E-04 
9.419361E+00, 4.825430E-07 
7.098448E+00, 3.771922E-05 
6.713047E+00, 3.380796E-05 
4.616970E+00, 1.747021E-04 
1.515196E+00, 4.426632E-04 
3.759675E+00, 2.054456E-04 
3.194404E+00, 1.999709E-04 
4.993100E+00, 1.141372E-04 
2.209552E+00, 2.309154E-04 
8.817839E+00, 1.350830E-06 
7.733079E+00, 1.979133E-05 
7.420963E+00, 2.526934E-05 
6.219891E+00, 4.022389E-05 
8.809900E+00, 2.999819E-06 
9.428690E+00, 1.865287E-06 
9.867253E+00, 2.622630E-07 
1.620225E+00, 6.546812E-04 
3.752499E-01, 1.338643E-04 
3.224600E-01, 5.262458E-04 
9.557947E+00, 3.444759E-07 
9.730876E+00, 6.883724E-07 
8.882407E+00, 2.214499E-06 
1.137381E+00, 3.120539E-04 
9.646340E+00, 1.973153E-06 
4.436055E-01, 2.829175E-04 
8.929080E+00, 3.337395E-06 
9.521734E+00, 9.288870E-07 
9.555028E+00, 1.418547E-06 
9.975410E+00, 6.405090E-07 
9.481798E+00, 4.036231E-06 
9.095031E+00, 4.525846E-07 
6.641974E-01, 1.565030E-04 
8.672924E+00, 2.062902E-06 
2.625743E-01, 2.288649E-04 
9.587241E+00, 5.285145E-07 
4.822106E-01, 2.387401E-04 
8.302070E-02, 9.671438E-05 
9.523123E+00, 2.490198E-06 
2.096882E-01, 1.891769E-04 
9.518862E+00, 5.103102E-07 
-2.274317E-02, 1.653151E-04 
9.742529E+00, 2.199318E-06 
3.727533E-01, 2.316511E-04 
2.159396E-01, 1.316293E-04 
1.480278E-01, 6.501841E-04 
1.066154E-01, 4.545814E-04 
1.771373E-01, 4.545814E-04 
9.583780E+00, 1.518585E-06 
3.916234E-01, 9.091627E-04 
-6.620075E-02, 1.127791E-03 
-6.843907E-02, 1.127791E-03 
3.947127E-02, 2.255581E-03 
3.422209E-02, 1.127791E-03 
2.112400E-01, 1.127791E-03 
9.184582E-02, 1.127791E-03 
9.916096E-02, 3.059396E-03 
2.042626E-01, 3.059396E-03 
6.810571E-02, 3.059396E-03 
1.081402E-01, 1.529698E-03 
3.276233E-01, 2.387401E-04 
6.535415E-01, 2.149738E-04 
3.933911E-01, 2.031216E-04 
5.334939E-01, 3.868575E-04 
7.105640E-01, 3.405677E-04 
4.928034E-01, 3.257598E-04 
4.801911E-01, 3.061313E-04 
7.673119E-01, 3.737303E-04 
8.765013E-01, 2.712076E-04 
6.121297E-01, 2.558396E-04 
8.216034E-01, 2.552402E-04 
6.999189E-01, 2.468176E-04 
7.238136E-01, 2.371776E-04 
8.147732E-01, 2.305455E-04 
5.572359E-01, 2.290039E-04 
5.462560E-01, 2.327779E-04 
8.300110E-01, 3.697458E-04 
1.019893E+00, 3.651624E-04 
1.001356E+00, 3.201480E-04 
9.133514E-01, 2.733917E-04 
8.083969E-01, 2.885373E-04 
9.086695E-01, 2.656556E-04 
1.270345E+00, 2.588208E-04 
1.102154E+00, 2.414767E-04 
1.152908E+00, 2.379901E-04 
9.362029E-01, 2.219350E-04 
1.076767E+00, 2.188378E-04 
8.895831E-01, 2.139971E-04 
8.553967E-01, 2.085058E-04 
1.147689E+00, 1.951872E-04 
1.630628E+00, 2.716823E-04 
1.584426E+00, 2.538600E-04 
1.774833E+00, 2.434933E-04 
1.700490E+00, 2.165820E-04 
1.717344E+00, 2.120104E-04 
1.617915E+00, 2.114669E-04 
1.544006E+00, 2.103289E-04 
1.827594E+00, 2.878570E-04 
1.653699E+00, 2.601576E-04 
1.594421E+00, 2.601443E-04 
1.676093E+00, 2.512293E-04 
2.087954E+00, 2.340492E-04 
2.040921E+00, 2.243161E-04 
2.360250E+00, 2.155185E-04 
2.233565E+00, 2.015404E-04 
2.490458E+00, 1.961530E-04 
2.080322E+00, 2.169018E-04 
2.346510E+00, 2.402132E-04 
2.430650E+00, 1.838751E-04 
2.359493E+00, 1.832691E-04 
2.381599E+00, 1.804929E-04 
2.623050E+00, 1.898490E-04 
2.762512E+00, 1.693805E-04 
2.633271E+00, 1.619189E-04 
2.444283E+00, 2.309154E-04 
2.659340E+00, 1.438806E-04 
2.779945E+00, 1.410951E-04 
2.767128E+00, 1.850637E-04 
2.816294E+00, 1.734583E-04 
2.897124E+00, 1.696922E-04 
2.901584E+00, 2.091338E-04 
3.270178E+00, 1.640042E-04 
3.415692E+00, 1.441371E-04 
3.198070E+00, 1.355925E-04 
3.508540E+00, 1.165337E-04 
3.319780E+00, 1.145621E-04 
3.301161E+00, 1.815040E-04 
3.310725E+00, 1.455677E-04 
3.592965E+00, 1.436527E-04 
3.455083E+00, 1.253425E-04 
3.723640E+00, 1.523441E-04 
3.639054E+00, 1.441343E-04 
3.584056E+00, 1.315899E-04 
3.794345E+00, 1.177680E-04 
3.692353E+00, 1.168765E-04 
3.710203E+00, 1.163347E-04 
3.579471E+00, 1.118471E-04 
3.767329E+00, 1.496724E-04 
3.898590E+00, 1.442549E-04 
4.121536E+00, 1.622530E-04 
3.885170E+00, 1.408558E-04 
3.951688E+00, 1.173262E-04 
4.235385E+00, 1.697647E-04 
3.909407E+00, 1.551815E-04 
4.486911E+00, 1.017115E-04 
4.324696E+00, 9.388654E-05 
4.544202E+00, 8.353759E-05 
4.578527E+00, 8.286206E-05 
4.425938E+00, 7.883585E-05 
4.728881E+00, 9.620756E-05 
4.498144E+00, 9.448642E-05 
5.129401E+00, 6.967401E-05 
5.006035E+00, 6.637054E-05 
5.149352E+00, 6.404222E-05 
5.266310E+00, 5.966254E-05 
5.057137E+00, 5.935969E-05 
5.194287E+00, 7.147683E-05 
5.318565E+00, 7.477750E-05 
5.563555E+00, 6.564594E-05 
5.537776E+00, 5.827752E-05 
5.757991E+00, 5.824447E-05 
5.631907E+00, 6.784777E-05 
5.727603E+00, 6.054877E-05 
5.651152E+00, 5.031425E-05 
5.739238E+00, 5.200249E-05 
5.896992E+00, 5.031387E-05 
5.977434E+00, 5.101289E-05 
6.061884E+00, 4.947166E-05 
6.202845E+00, 4.750447E-05 
5.713243E+00, 4.062739E-05 
6.051990E+00, 4.045616E-05 
6.132139E+00, 5.468743E-05 
5.955953E+00, 5.307913E-05 
6.117736E+00, 4.939194E-05 
6.219875E+00, 4.891717E-05 
6.463033E+00, 3.239505E-05 
6.242486E+00, 3.068414E-05 
6.071261E+00, 3.066983E-05 
6.478738E+00, 2.752950E-05 
6.332965E+00, 2.527093E-05 
6.289217E+00, 2.509669E-05 
6.330326E+00, 2.363910E-05 
6.150746E+00, 4.794173E-05 
6.349111E+00, 4.773871E-05 
6.295218E+00, 3.572545E-05 
6.714554E+00, 3.133022E-05 
6.592540E+00, 3.007520E-05 
6.813622E+00, 2.526828E-05 
6.580452E+00, 2.379584E-05 
6.613849E+00, 2.265970E-05 
6.821473E+00, 2.204085E-05 
6.604808E+00, 1.852601E-05 
6.577534E+00, 2.111347E-05 
6.675774E+00, 1.852601E-05 
6.568306E+00, 1.850068E-05 
3.713456E+00, 1.455782E-04 
6.805612E+00, 2.930665E-05 
7.400056E+00, 2.248461E-05 
7.217057E+00, 1.631630E-05 
7.233978E+00, 1.613214E-05 
7.301213E+00, 1.510239E-05 
7.336154E+00, 1.486179E-05 
7.318266E+00, 1.406236E-05 
7.086831E+00, 1.277788E-05 
7.501204E+00, 1.741179E-05 
7.608421E+00, 1.554522E-05 
7.542879E+00, 1.225280E-05 
7.772728E+00, 1.159964E-05 
7.835445E+00, 1.017494E-05 
7.948170E+00, 9.865483E-06 
7.940731E+00, 9.261814E-06 
7.950929E+00, 1.151132E-05 
7.833634E+00, 8.833569E-06 
7.688153E+00, 8.806648E-06 
8.170174E+00, 8.618280E-06 
7.937347E+00, 8.110404E-06 
7.949839E+00, 7.543439E-06 
7.969369E+00, 6.617701E-06 
7.815426E+00, 6.205560E-06 
7.989338E+00, 1.258104E-05 
8.299002E+00, 7.713788E-06 
8.337830E+00, 7.207756E-06 
8.361383E+00, 5.537933E-06 
8.448075E+00, 5.522531E-06 
8.371495E+00, 5.520098E-06 
8.423010E+00, 6.329822E-06 
8.469367E+00, 5.368965E-06 
8.403152E+00, 5.272269E-06 
8.123755E+00, 5.135100E-06 
8.497581E+00, 5.092559E-06 
8.650231E+00, 4.124043E-06 
8.601565E+00, 5.718098E-06 
8.755077E+00, 5.530439E-06 
8.791279E+00, 5.109276E-06 
8.648494E+00, 4.409544E-06 
8.805271E+00, 3.282997E-06 
8.368733E+00, 3.172913E-06 
8.604516E+00, 3.108568E-06 
8.822055E+00, 2.990574E-06 
8.703405E+00, 4.274688E-06 
8.925394E+00, 3.703482E-06 
8.753658E+00, 3.570152E-06 
8.978763E+00, 2.992144E-06 
1.100887E+00, 1.433258E-04 
9.228188E+00, 2.500821E-06 
9.074457E+00, 2.433358E-06 
9.166492E+00, 2.300076E-06 
9.471382E+00, 2.244254E-06 
8.974658E+00, 2.325648E-06 
9.288719E+00, 2.243161E-06 
9.185243E+00, 1.963146E-06 
9.403475E+00, 1.945319E-06 
9.219527E+00, 1.876847E-06 
9.273962E+00, 3.121225E-06 
9.256500E+00, 2.147036E-06 
9.361091E+00, 2.141307E-06 
9.122122E+00, 2.130113E-06 
9.953227E+00, 1.078906E-06 
1.026269E+01, 7.623806E-07 
9.742911E+00, 5.394532E-07 
9.747803E+00, 6.917055E-07 
9.850800E+00, 5.394532E-07 
9.987278E+00, 5.165339E-07 
9.892892E+00, 4.408642E-07 
9.705785E+00, 3.275526E-07 
1.008056E+01, 5.588129E-07 
9.916346E+00, 4.643482E-07 
9.933385E+00, 4.209837E-07 
9.921493E+00, 3.958245E-07 
1.000138E+01, 3.789535E-07 
9.475206E+00, 3.275526E-07 
9.975591E+00, 3.275526E-07 
9.972899E+00, 2.794064E-07 
