6.948224E+00, 4.900912E-05 
6.933666E+00, 2.117421E-05 
2.041347E+00, 4.307652E-04 
5.241535E+00, 4.611609E-05 
2.817078E+00, 3.131661E-04 
6.749881E-01, 2.381888E-04 
7.455735E+00, 3.441418E-05 
3.552067E+00, 2.588464E-04 
6.318056E+00, 3.648382E-05 
8.471620E+00, 5.795400E-06 
5.018731E+00, 1.003154E-04 
1.026623E+01, 8.816950E-07 
4.785296E+00, 1.532472E-04 
7.321602E+00, 2.657432E-05 
9.781104E+00, 1.980480E-06 
6.056268E-01, 4.556938E-04 
5.221613E+00, 1.010192E-04 
4.111537E-01, 4.548104E-04 
1.436724E+00, 4.249625E-04 
9.992804E+00, 5.593215E-07 
2.100343E+00, 4.762083E-04 
1.125245E+00, 4.150332E-04 
8.719251E+00, 3.812483E-06 
9.401838E+00, 1.599372E-06 
1.908682E-01, 4.610220E-04 
1.823466E+00, 5.216752E-04 
1.003260E+01, 1.207780E-06 
6.356303E+00, 3.827579E-05 
4.262208E+00, 3.401087E-04 
2.190725E-01, 5.237926E-04 
7.510016E-01, 4.501683E-04 
9.952340E+00, 6.612460E-07 
5.209431E+00, 5.331061E-05 
1.050197E+01, 1.100193E-06 
6.505111E+00, 4.747852E-05 
3.295946E+00, 3.950669E-04 
3.128132E+00, 1.880376E-04 
5.268603E+00, 1.117544E-04 
1.067002E+01, 7.518325E-07 
1.791183E+00, 3.118625E-04 
2.546034E+00, 2.933969E-04 
4.747102E+00, 9.170100E-05 
6.241619E+00, 1.052920E-04 
4.241918E-01, 2.104668E-04 
3.104388E+00, 2.453258E-04 
4.267765E+00, 1.045610E-04 
1.094722E+01, 1.352178E-06 
3.483568E+00, 1.685179E-04 
9.831469E+00, 4.178581E-07 
4.801983E+00, 1.265799E-04 
3.242666E+00, 3.336990E-04 
6.108325E-01, 7.849754E-04 
2.569374E+00, 2.212132E-04 
3.837214E+00, 1.350230E-04 
1.002433E+01, 1.100798E-06 
2.433486E+00, 4.083349E-04 
3.758325E-01, 4.040721E-04 
1.686946E+00, 4.308948E-04 
2.243927E+00, 4.368834E-04 
3.285795E+00, 2.455228E-04 
6.790281E+00, 3.449897E-05 
8.283285E+00, 1.159554E-05 
8.396796E+00, 8.949310E-06 
6.397508E+00, 5.854129E-05 
4.023279E+00, 2.905247E-04 
1.095196E+00, 2.954205E-04 
7.133374E+00, 3.244714E-05 
1.087412E+01, 1.536789E-06 
3.810163E+00, 1.160489E-04 
1.667898E+00, 4.516884E-04 
2.862452E+00, 4.153738E-04 
7.708694E+00, 2.099981E-05 
1.269988E+00, 3.460160E-04 
5.950412E+00, 1.295877E-04 
6.173087E+00, 5.947552E-05 
9.083951E+00, 3.592909E-06 
4.899343E+00, 1.360401E-04 
6.451361E+00, 5.021042E-05 
6.191339E+00, 5.851552E-05 
8.633648E+00, 8.375149E-06 
6.687724E+00, 3.000689E-05 
9.458134E+00, 1.584560E-06 
5.511897E+00, 8.338919E-05 
6.715130E+00, 3.674360E-05 
8.424901E+00, 8.182999E-06 
8.790195E+00, 3.061036E-06 
4.718853E+00, 9.063055E-05 
2.811543E+00, 2.961415E-04 
6.799073E+00, 6.367953E-05 
2.455271E+00, 2.628155E-04 
7.168016E+00, 3.539186E-05 
6.953095E+00, 4.058789E-05 
3.556912E+00, 1.167558E-04 
7.070881E+00, 2.613691E-05 
2.588151E+00, 2.650492E-04 
9.788659E+00, 1.646885E-06 
2.097678E+00, 2.991456E-04 
3.470908E+00, 2.042520E-04 
4.415375E+00, 2.160933E-04 
3.332698E+00, 2.130586E-04 
8.234224E-01, 4.350326E-04 
5.537991E+00, 7.718314E-05 
6.894053E-01, 3.140667E-04 
7.787152E+00, 1.863347E-05 
3.663321E-01, 1.317805E-04 
8.448482E+00, 9.688402E-06 
4.778876E+00, 1.275785E-04 
1.893444E+00, 3.668405E-04 
8.343343E-01, 3.694183E-04 
8.592286E+00, 6.582710E-06 
4.990073E+00, 1.487714E-04 
-5.611610E-02, 2.104668E-04 
6.842475E-01, 4.302685E-04 
8.232426E+00, 1.442845E-05 
7.311626E+00, 4.114809E-05 
1.203578E+00, 4.179642E-04 
8.371412E+00, 1.239871E-05 
9.151696E+00, 1.049665E-05 
5.357096E+00, 7.050271E-05 
6.611756E+00, 4.957014E-05 
8.754301E+00, 9.873114E-06 
2.636972E+00, 3.479112E-04 
5.786702E+00, 1.154551E-04 
4.052828E+00, 2.112488E-04 
4.566218E-01, 3.292058E-04 
4.954488E+00, 5.883586E-05 
4.944204E+00, 8.293925E-05 
5.843130E+00, 7.527911E-05 
6.533459E+00, 6.735067E-05 
3.632295E+00, 1.468749E-04 
6.244388E+00, 7.629499E-05 
2.073554E+00, 3.576382E-04 
6.476369E+00, 4.887090E-05 
9.103229E+00, 3.130511E-06 
8.654164E+00, 8.833042E-06 
4.589880E+00, 2.025441E-04 
6.713819E+00, 4.799829E-05 
8.629555E+00, 9.911817E-06 
9.393056E+00, 3.643832E-06 
4.835908E+00, 1.242766E-04 
7.786451E+00, 6.262427E-06 
1.108808E+01, 1.537927E-06 
4.821270E+00, 1.634938E-04 
9.025357E+00, 4.049070E-06 
8.957741E+00, 9.680987E-06 
5.887837E+00, 8.789637E-05 
7.632287E+00, 2.349082E-05 
7.906128E+00, 1.995876E-05 
3.021786E+00, 1.564977E-04 
4.036004E+00, 1.846444E-04 
9.623242E+00, 8.705980E-07 
7.498755E+00, 4.181106E-05 
8.955245E+00, 4.832654E-06 
5.483554E+00, 6.078070E-05 
8.948654E+00, 8.157218E-06 
-1.122234E+00, 1.556989E-02 
7.272804E+00, 2.419123E-05 
4.098477E+00, 1.834423E-04 
7.206438E-01, 3.997567E-04 
8.390785E+00, 4.065528E-06 
3.098912E+00, 2.287091E-04 
3.299659E+00, 1.771847E-04 
7.523694E+00, 2.887442E-05 
9.562568E-01, 2.790482E-04 
9.844492E-01, 2.863765E-04 
8.355843E+00, 1.094473E-05 
3.416674E+00, 3.241683E-04 
5.667154E-01, 3.962168E-04 
4.990758E+00, 9.551066E-05 
7.680101E+00, 2.647606E-05 
2.229142E+00, 2.974658E-04 
1.847137E+00, 2.490470E-04 
6.296922E+00, 5.098633E-05 
3.753178E-01, 3.053830E-04 
6.214011E+00, 8.678525E-05 
2.294276E+00, 3.111138E-04 
2.534322E+00, 5.186435E-04 
4.009084E+00, 1.833858E-04 
6.983618E+00, 4.855023E-05 
2.508570E+00, 3.849838E-04 
8.018244E+00, 2.304455E-05 
4.655643E+00, 8.852841E-05 
6.312640E+00, 1.243555E-04 
-1.760949E+00, 1.257555E-02 
1.843197E+00, 3.491272E-04 
4.120045E+00, 1.614323E-04 
3.603585E+00, 1.902471E-04 
9.563397E+00, 2.688223E-06 
5.011521E+00, 1.060810E-04 
1.981946E+00, 3.799149E-04 
3.143619E+00, 3.345833E-04 
1.996174E+00, 2.388896E-04 
8.214407E+00, 3.390584E-06 
8.732651E+00, 7.619706E-06 
6.005655E+00, 8.400489E-05 
5.325565E+00, 1.016018E-04 
9.154255E+00, 3.293770E-06 
7.043444E+00, 2.792985E-05 
5.973752E+00, 7.119415E-05 
1.063652E+01, 7.659806E-07 
1.002407E+01, 1.036132E-06 
8.560408E+00, 8.833042E-06 
1.466642E-01, 1.640535E-04 
7.322488E+00, 3.377537E-05 
4.528240E+00, 1.233929E-04 
6.483568E+00, 3.575190E-05 
1.013285E+01, 9.214526E-07 
4.985315E+00, 1.192889E-04 
1.040207E+01, 5.611329E-07 
8.171754E+00, 3.685875E-06 
1.535382E+00, 3.825292E-04 
2.783137E+00, 1.822900E-04 
2.263128E+00, 3.801970E-04 
6.403293E+00, 5.430620E-05 
5.721047E+00, 6.078070E-05 
2.319374E-01, 3.316560E-04 
9.095409E+00, 4.019622E-06 
1.641976E+00, 3.372543E-04 
5.737664E+00, 8.051870E-05 
7.479100E+00, 3.761708E-05 
7.492560E+00, 1.642340E-05 
5.993213E+00, 7.209770E-05 
2.758843E+00, 3.369316E-04 
5.543365E+00, 7.874907E-05 
6.275259E+00, 3.661691E-05 
1.122319E+00, 3.699339E-04 
9.245286E+00, 1.322514E-06 
6.988081E+00, 2.954705E-05 
4.882214E+00, 1.381275E-04 
9.179497E+00, 3.304806E-06 
7.009490E+00, 3.619970E-05 
3.718308E-01, 4.501683E-04 
3.358980E+00, 2.428146E-04 
1.980150E+00, 4.214809E-04 
8.113399E+00, 2.100284E-05 
9.730211E+00, 1.168999E-06 
9.634434E+00, 2.058454E-06 
2.952471E+00, 1.822900E-04 
7.214609E+00, 2.798885E-05 
8.530356E+00, 6.205585E-06 
5.577818E+00, 6.376182E-05 
8.625298E+00, 1.252046E-05 
4.368179E+00, 2.813853E-04 
3.211128E+00, 2.545410E-04 
9.102035E-01, 2.404311E-04 
4.829920E+00, 1.032084E-04 
4.287958E+00, 2.471026E-04 
9.798130E+00, 5.404489E-07 
9.384715E+00, 3.293770E-06 
1.339562E+00, 2.913222E-04 
1.709335E+00, 3.259734E-04 
2.924170E+00, 1.601598E-04 
-1.514389E+00, 1.700581E-02 
6.690072E+00, 3.967508E-05 
2.315336E+00, 2.391650E-04 
5.389902E+00, 9.904191E-05 
4.872287E+00, 1.443704E-04 
5.447212E+00, 8.017133E-05 
3.621672E+00, 2.557960E-04 
1.925846E+00, 5.628195E-04 
5.715200E+00, 6.827542E-05 
7.685758E+00, 2.264752E-05 
1.457029E+00, 3.053830E-04 
6.921368E+00, 4.002290E-05 
2.870207E+00, 2.190338E-04 
1.927150E+00, 4.015514E-04 
7.157829E+00, 3.686172E-05 
8.004262E+00, 1.584533E-05 
6.985264E+00, 2.940895E-05 
7.321881E-01, 3.202066E-04 
5.375994E+00, 8.976492E-05 
6.862642E+00, 2.848545E-05 
9.926853E+00, 4.731164E-07 
2.100370E+00, 4.023468E-04 
1.139590E+00, 4.409814E-04 
1.280019E-01, 1.094049E-02 
1.384736E+00, 2.708800E-04 
1.823679E+00, 4.054142E-04 
7.445507E+00, 2.635112E-05 
5.818018E+00, 1.125920E-04 
2.494141E+00, 3.423440E-04 
3.453706E+00, 1.518395E-04 
8.515666E+00, 9.410732E-06 
4.375325E+00, 2.527589E-04 
7.850509E+00, 2.107127E-05 
1.517439E+00, 2.806504E-04 
2.920418E+00, 1.956181E-04 
5.927438E+00, 3.768718E-05 
8.507226E+00, 8.632137E-06 
2.312381E+00, 2.538480E-04 
2.563085E+00, 3.364488E-04 
7.453069E-01, 3.008168E-04 
1.832639E+00, 3.036349E-04 
4.108662E+00, 1.561948E-04 
3.442136E-01, 4.189233E-04 
1.751030E+00, 3.358791E-04 
4.958029E+00, 1.589362E-04 
6.771954E+00, 4.483035E-05 
4.578708E+00, 2.070272E-04 
9.926503E+00, 3.938740E-07 
7.842996E+00, 2.207875E-05 
-8.093022E-01, 1.528466E-02 
6.158074E+00, 5.709779E-05 
8.722546E+00, 1.312139E-05 
2.050544E+00, 4.816987E-04 
6.473113E+00, 3.494557E-05 
9.051653E+00, 3.859225E-06 
3.676026E+00, 1.046689E-04 
9.586469E+00, 1.321488E-06 
9.217329E+00, 9.566595E-06 
3.705379E+00, 1.541627E-04 
7.440274E+00, 4.886777E-05 
7.015829E+00, 7.496383E-05 
9.502169E+00, 2.703128E-06 
9.355694E+00, 1.989098E-06 
6.982961E+00, 5.187830E-05 
8.307705E+00, 1.022174E-05 
8.164455E+00, 1.940996E-05 
-1.107891E-01, 2.288817E-04 
7.419533E-01, 4.501683E-04 
8.291143E+00, 9.267998E-06 
7.859383E+00, 9.919527E-06 
7.941865E+00, 1.281323E-05 
8.212415E+00, 1.564751E-05 
1.039094E+00, 3.616898E-04 
3.044456E-01, 8.467837E-06 
7.198591E+00, 3.774732E-05 
1.509875E+00, 3.104366E-04 
7.811646E-01, 3.749898E-05 
5.350778E-01, 6.107660E-04 
8.911106E+00, 3.130511E-06 
1.211014E+00, 2.857394E-04 
3.372869E+00, 1.405742E-04 
9.542538E+00, 2.449411E-06 
6.428822E+00, 6.889318E-05 
9.001815E+00, 3.163371E-06 
7.833771E+00, 2.354333E-05 
1.866491E+00, 3.270556E-04 
9.058230E+00, 4.102024E-06 
9.245745E-01, 4.974754E-04 
7.447623E+00, 2.519205E-05 
1.002161E+01, 2.906135E-07 
6.197931E+00, 5.217708E-05 
7.240395E+00, 4.152664E-05 
2.997349E+00, 2.044493E-04 
2.827315E+00, 1.623600E-04 
4.822157E+00, 1.304434E-04 
4.144040E+00, 8.961161E-05 
4.381065E-01, 5.016694E-04 
3.303109E+00, 2.852094E-04 
3.743315E+00, 2.512618E-04 
5.865316E+00, 7.346667E-05 
6.038664E+00, 5.977980E-05 
2.373072E+00, 4.299678E-04 
5.164958E+00, 1.186275E-04 
8.106644E+00, 1.387687E-05 
2.938210E+00, 3.004721E-04 
1.685553E+00, 3.403326E-04 
7.599935E+00, 3.551201E-05 
9.414310E+00, 2.475396E-06 
9.641647E+00, 2.123277E-06 
8.494467E+00, 7.220645E-06 
5.845027E+00, 1.056394E-04 
5.519483E+00, 7.665907E-05 
1.048808E+01, 6.739257E-07 
1.904226E+00, 3.869495E-04 
8.196050E+00, 6.553591E-06 
9.713583E+00, 7.407692E-07 
5.060735E+00, 5.607239E-05 
2.394838E+00, 2.834917E-04 
7.547622E-01, 4.676703E-04 
1.643773E+00, 3.079435E-04 
7.019371E-01, 3.327486E-04 
7.768804E+00, 1.390793E-05 
2.115839E+00, 4.502853E-04 
6.093813E+00, 4.586156E-05 
5.953227E+00, 4.424732E-05 
8.818781E+00, 2.960953E-06 
5.583329E+00, 1.212178E-04 
3.044412E+00, 3.081753E-04 
2.632013E+00, 1.914692E-04 
8.308363E+00, 9.570299E-06 
1.164108E+00, 4.403186E-04 
7.865334E+00, 2.387205E-05 
6.639248E+00, 7.132419E-05 
5.023520E+00, 8.072027E-05 
9.733749E+00, 3.262565E-06 
2.923902E+00, 2.664464E-04 
4.808015E+00, 6.674909E-05 
6.594481E-01, 3.782859E-04 
4.142968E+00, 9.829810E-05 
4.133245E-01, 4.981030E-04 
9.074593E+00, 1.279203E-06 
1.614861E+00, 2.960458E-04 
8.000701E+00, 1.441480E-05 
7.970860E+00, 1.407027E-05 
9.624420E+00, 2.942214E-06 
2.543160E+00, 3.592239E-04 
9.033420E+00, 3.036339E-06 
8.979113E+00, 6.883973E-06 
3.378130E+00, 2.047297E-04 
9.581163E+00, 1.613750E-06 
1.008599E+00, 4.902022E-04 
2.562299E+00, 2.587993E-04 
8.257672E+00, 5.300837E-06 
7.670298E+00, 1.767916E-05 
8.751627E+00, 1.389010E-05 
2.156881E+00, 6.297150E-04 
5.042511E+00, 1.086850E-04 
5.467276E+00, 9.468178E-05 
2.170033E+00, 4.597307E-04 
2.798188E+00, 2.626104E-04 
1.828076E-02, 3.472389E-04 
5.613355E+00, 6.620738E-05 
7.518467E+00, 2.773833E-05 
6.082066E+00, 5.530925E-05 
7.708713E+00, 1.449805E-05 
7.274153E+00, 2.722927E-05 
4.378844E+00, 1.533498E-04 
9.399434E+00, 2.018849E-06 
5.868588E+00, 7.367170E-05 
1.000549E+01, 8.705980E-07 
5.016017E-01, 4.152029E-04 
4.089890E+00, 1.521825E-04 
8.009401E+00, 2.376162E-05 
2.677345E+00, 2.147731E-04 
2.204947E+00, 3.423001E-04 
4.294527E+00, 1.108620E-04 
7.116088E+00, 2.886526E-05 
5.824116E+00, 4.803281E-05 
3.217283E+00, 3.166042E-04 
2.851344E+00, 1.986012E-04 
9.392147E+00, 2.376318E-06 
1.430724E-01, 2.075166E-04 
5.608783E+00, 7.336318E-05 
4.295293E+00, 1.031233E-04 
6.933440E+00, 3.341184E-05 
6.989311E+00, 2.671620E-05 
3.790390E+00, 1.627434E-04 
8.102011E+00, 1.221853E-05 
3.032986E+00, 3.641370E-04 
3.116788E+00, 1.575547E-04 
4.880465E+00, 1.387892E-04 
2.525232E+00, 1.602459E-04 
3.464721E+00, 2.327078E-04 
1.089491E+01, 1.015268E-06 
2.541663E+00, 3.110146E-04 
6.679129E+00, 4.442901E-05 
5.705431E+00, 9.176054E-05 
4.128216E+00, 1.329245E-04 
3.892189E+00, 2.274098E-04 
9.876053E+00, 7.504852E-07 
8.994970E+00, 4.865246E-06 
6.392499E+00, 6.719109E-05 
9.448085E+00, 1.656836E-06 
7.769514E+00, 1.961738E-05 
7.044799E+00, 2.611774E-05 
1.543229E+00, 2.772989E-04 
4.735685E+00, 1.131255E-04 
6.408507E+00, 3.305068E-05 
6.815786E+00, 4.483035E-05 
6.379241E+00, 5.640673E-05 
5.907537E+00, 6.937712E-05 
7.475110E+00, 3.437396E-05 
8.103771E+00, 9.579278E-06 
6.332058E+00, 5.680472E-05 
5.732334E+00, 8.612281E-05 
2.179608E+00, 5.610519E-04 
6.129560E+00, 4.481991E-05 
8.990230E+00, 5.158750E-06 
4.035548E+00, 1.281530E-04 
4.323060E+00, 1.259821E-04 
8.894734E+00, 4.354032E-06 
8.812388E+00, 8.532802E-06 
3.310902E+00, 3.115600E-04 
6.214623E+00, 8.233900E-05 
3.130889E+00, 3.746755E-04 
2.587172E+00, 2.784889E-04 
2.816299E+00, 2.392447E-04 
7.438967E+00, 3.269903E-05 
8.128725E+00, 5.696802E-06 
2.594646E+00, 3.776309E-04 
3.365297E+00, 2.829046E-04 
6.288802E+00, 5.141559E-05 
6.986226E+00, 3.597246E-05 
2.812720E+00, 2.897898E-04 
8.376964E+00, 5.795400E-06 
6.818520E+00, 2.353012E-05 
8.921513E+00, 4.257447E-06 
8.784662E-01, 4.206811E-04 
9.593392E+00, 1.904873E-06 
7.276859E+00, 2.671620E-05 
1.967426E+00, 2.515971E-04 
6.392079E+00, 5.111906E-05 
9.265023E+00, 4.441957E-06 
9.047710E+00, 3.287640E-06 
1.094082E+00, 5.510180E-04 
6.401737E+00, 5.519551E-05 
1.758495E+00, 2.913222E-04 
8.913398E+00, 2.410448E-06 
4.351307E+00, 1.046499E-04 
8.880348E+00, 1.258527E-05 
5.169697E+00, 9.169947E-05 
5.238708E+00, 5.557465E-05 
8.333557E+00, 1.634897E-05 
6.130869E+00, 5.773082E-05 
4.604040E+00, 1.644033E-04 
6.088760E+00, 8.216881E-05 
9.770028E-01, 5.613897E-04 
2.579778E+00, 5.854613E-04 
2.681872E+00, 2.762581E-04 
8.518371E+00, 9.117627E-06 
1.704159E-02, 2.405190E-04 
1.075138E+01, 9.812287E-07 
2.684092E+00, 2.107677E-04 
5.561231E+00, 1.133103E-04 
3.070884E+00, 2.317173E-04 
9.758736E+00, 1.033327E-06 
3.498907E+00, 1.195825E-04 
1.642009E+00, 3.990809E-04 
1.722494E+00, 4.537049E-04 
6.344267E+00, 5.530407E-05 
6.130979E+00, 8.078683E-05 
7.614758E+00, 2.541132E-05 
3.815013E+00, 1.783409E-04 
9.831896E+00, 4.607263E-07 
4.199138E+00, 1.128541E-04 
8.465409E+00, 7.619706E-06 
5.945638E+00, 7.171001E-05 
6.995213E+00, 3.580620E-05 
2.311430E+00, 3.908547E-04 
7.585283E+00, 1.694821E-05 
2.100177E+00, 4.105495E-04 
2.460585E+00, 2.960874E-04 
8.775271E+00, 7.745415E-06 
4.171372E+00, 1.366121E-04 
4.019548E+00, 1.605590E-04 
3.373874E-01, 1.936948E-04 
3.972211E+00, 1.106358E-04 
1.611796E+00, 4.118192E-04 
8.897889E+00, 6.672046E-06 
4.590984E-01, 1.354854E-04 
7.099869E+00, 3.774732E-05 
1.023455E+01, 1.325170E-06 
1.812208E+00, 5.119413E-04 
9.552378E+00, 1.831286E-06 
8.361079E+00, 6.725131E-06 
8.279243E+00, 4.130037E-06 
5.626283E+00, 1.237561E-04 
9.978464E+00, 6.121219E-07 
1.495032E+00, 3.711393E-04 
1.086751E+01, 8.375109E-07 
8.186947E+00, 5.582454E-06 
9.425606E+00, 2.566399E-06 
2.889749E+00, 3.936002E-04 
7.979554E+00, 1.470690E-05 
2.036243E+00, 3.445775E-04 
9.192357E+00, 3.752435E-06 
3.139688E+00, 2.040122E-04 
2.509421E+00, 2.209604E-04 
6.137373E+00, 9.082492E-05 
4.277300E+00, 3.281174E-04 
6.392370E+00, 6.421404E-05 
4.170546E-01, 1.640535E-04 
4.152468E+00, 1.118409E-04 
5.719303E+00, 7.448695E-05 
7.333426E-01, 4.471675E-04 
6.628791E+00, 5.886600E-05 
1.018428E+01, 9.385728E-07 
1.920229E+00, 4.865878E-04 
4.700341E+00, 1.124458E-04 
2.383260E+00, 3.597861E-04 
8.005566E+00, 1.822411E-05 
1.145903E+00, 3.330110E-04 
8.131404E+00, 1.221047E-05 
1.110600E+00, 3.997567E-04 
3.083289E+00, 1.575547E-04 
8.736671E+00, 1.234947E-05 
5.957113E+00, 3.037331E-05 
9.762986E+00, 2.534413E-06 
2.110409E+00, 3.662444E-04 
4.361198E+00, 9.003095E-05 
4.154309E+00, 1.590202E-04 
5.037357E+00, 9.391915E-05 
4.078375E+00, 1.721996E-04 
1.131266E+01, 9.193958E-07 
8.110133E+00, 9.996716E-06 
2.550460E+00, 1.798931E-04 
4.270077E+00, 2.753102E-04 
7.136479E-01, 3.679083E-04 
1.845855E+00, 3.746765E-04 
1.503314E+00, 3.339351E-04 
1.742989E+00, 3.383167E-04 
4.192677E+00, 1.766031E-04 
1.859824E+00, 2.886334E-04 
3.643665E-01, 4.910427E-04 
-2.199880E-01, 2.104668E-04 
3.319839E+00, 2.432074E-04 
6.409991E+00, 5.358206E-05 
3.573033E+00, 1.208724E-04 
5.259671E+00, 9.805669E-05 
3.471688E+00, 1.494986E-04 
9.869742E+00, 1.146910E-06 
7.512805E+00, 2.294976E-05 
7.688386E+00, 1.797874E-05 
1.446493E+00, 2.658666E-04 
4.508021E+00, 8.660689E-05 
1.054440E+00, 3.202066E-04 
8.199719E+00, 1.051435E-05 
1.735791E+00, 4.062075E-04 
3.273229E+00, 2.771955E-04 
7.996002E+00, 1.928168E-05 
1.245046E+00, 4.315150E-04 
7.858958E+00, 1.694259E-05 
7.796633E+00, 1.213100E-05 
8.477175E+00, 1.078753E-05 
6.871731E+00, 2.205467E-05 
4.187237E+00, 1.559416E-04 
4.350883E+00, 1.536243E-04 
9.048465E+00, 2.201210E-06 
9.670986E+00, 2.008606E-06 
4.785854E+00, 9.197486E-05 
7.313127E+00, 3.701103E-05 
7.380738E-02, 7.849754E-04 
1.180507E+00, 5.111798E-04 
2.625500E+00, 2.615190E-04 
2.904183E+00, 2.878706E-04 
8.886946E+00, 4.880382E-06 
6.397575E+00, 3.984553E-05 
4.471038E+00, 1.259821E-04 
6.638492E+00, 3.321894E-05 
6.402311E+00, 6.208916E-05 
7.350846E+00, 2.835871E-05 
1.511333E+00, 2.792936E-04 
9.586740E+00, 4.289922E-06 
9.918605E+00, 7.877480E-07 
6.467383E+00, 4.338978E-05 
4.816705E+00, 1.033608E-04 
6.130226E+00, 4.283089E-05 
9.909276E+00, 8.951911E-07 
8.053306E+00, 6.553591E-06 
7.743831E+00, 2.761208E-05 
7.478870E+00, 2.472008E-05 
7.892640E+00, 1.636600E-05 
7.909426E+00, 1.221047E-05 
3.958525E+00, 2.127101E-04 
5.212750E+00, 6.828646E-05 
7.224843E+00, 2.792985E-05 
2.903226E+00, 2.652114E-04 
6.716454E+00, 4.627578E-05 
2.238118E+00, 3.659903E-04 
5.411997E+00, 6.752139E-05 
9.080931E+00, 7.522832E-06 
6.513191E+00, 4.130133E-05 
8.944080E+00, 1.360250E-05 
1.060979E+01, 1.120163E-06 
5.020692E+00, 1.029018E-04 
1.784801E+00, 3.476225E-04 
4.426907E+00, 1.046689E-04 
5.382916E+00, 8.820470E-05 
5.232592E+00, 9.678617E-05 
1.093883E+01, 1.256227E-06 
5.626590E+00, 8.330724E-05 
9.200004E+00, 2.425868E-06 
1.900494E+00, 4.329781E-04 
4.708448E+00, 8.954287E-05 
5.638257E+00, 8.861792E-05 
9.186084E-01, 3.880410E-04 
6.422391E+00, 4.959568E-05 
9.776882E-01, 5.787482E-04 
8.808598E+00, 1.150394E-05 
4.111230E+00, 1.006267E-04 
4.458219E+00, 1.627326E-04 
4.674272E+00, 7.848423E-05 
4.908928E+00, 1.978822E-04 
6.935122E+00, 3.783166E-05 
5.271978E-01, 3.496243E-04 
7.346326E+00, 1.530810E-05 
6.413567E+00, 5.505431E-05 
5.440972E+00, 1.036720E-04 
3.929249E+00, 1.806405E-04 
8.475814E-01, 3.103844E-04 
7.832088E+00, 1.268945E-05 
3.616604E+00, 2.193691E-04 
7.554130E-01, 4.140597E-04 
8.563845E+00, 9.325118E-06 
9.418875E+00, 2.058454E-06 
9.547654E+00, 1.316560E-06 
3.931931E+00, 1.380472E-04 
1.855783E+00, 3.959798E-04 
4.304890E+00, 1.490021E-04 
1.685654E+00, 2.250367E-04 
1.078773E+01, 1.122329E-06 
9.259894E+00, 2.061857E-06 
1.022028E+01, 1.656059E-06 
2.460672E+00, 2.263483E-04 
5.100550E+00, 5.777389E-05 
9.703958E-01, 6.004614E-04 
1.579389E+00, 2.449599E-04 
6.521774E+00, 4.244008E-05 
7.539174E-01, 2.820791E-04 
5.333261E+00, 8.134641E-05 
-7.992310E-02, 1.962439E-04 
1.519697E+00, 4.394177E-04 
5.593209E+00, 7.243393E-05 
3.411987E+00, 2.549010E-04 
3.005935E+00, 2.335117E-04 
5.810631E+00, 6.640287E-05 
1.024474E+00, 2.893467E-04 
5.221596E+00, 1.384880E-04 
9.431961E+00, 2.018921E-06 
-4.835609E+00, 1.625136E-02 
2.663567E+00, 3.145247E-04 
6.782388E+00, 2.647606E-05 
3.717602E+00, 2.327885E-04 
7.259515E+00, 2.581492E-05 
5.276630E+00, 7.245704E-05 
8.924625E+00, 4.040941E-06 
6.414587E+00, 3.625062E-05 
5.894433E+00, 9.306346E-05 
1.522207E+00, 4.508787E-04 
9.489303E+00, 8.105288E-07 
1.407552E+00, 2.765658E-04 
7.204344E+00, 2.565937E-05 
1.571037E+00, 4.910728E-04 
1.428113E+00, 4.373675E-04 
5.239741E+00, 5.105920E-05 
9.818605E+00, 5.617164E-07 
2.004317E+00, 2.640670E-04 
1.988911E+00, 2.535287E-04 
8.084678E+00, 1.066511E-05 
9.575164E+00, 2.247430E-06 
5.392894E+00, 6.833688E-05 
5.894066E+00, 1.093858E-04 
5.037956E+00, 1.918169E-04 
6.320791E+00, 3.786987E-05 
1.820413E+00, 4.832988E-04 
4.138436E+00, 1.237869E-04 
4.881494E+00, 8.612281E-05 
8.029481E+00, 1.727528E-05 
6.270298E+00, 8.423470E-05 
6.563808E+00, 6.045044E-05 
1.013909E-01, 1.962439E-04 
2.731362E+00, 2.179707E-04 
1.107611E+00, 4.973106E-04 
7.161881E+00, 3.474153E-05 
4.606911E+00, 1.362621E-04 
7.315513E+00, 1.465700E-05 
8.334523E+00, 1.330211E-05 
3.849669E+00, 1.306835E-04 
6.734354E+00, 9.470550E-05 
5.997616E-01, 5.507983E-04 
6.438025E+00, 2.533010E-05 
3.782021E+00, 1.284705E-04 
3.270349E+00, 3.395140E-04 
1.669148E+00, 3.304681E-04 
5.364222E+00, 8.832718E-05 
1.760110E+00, 6.129165E-04 
2.867098E+00, 3.051349E-04 
2.198744E+00, 2.127660E-04 
8.911913E-01, 4.798949E-04 
2.909565E+00, 2.499268E-04 
4.904785E+00, 1.018539E-04 
5.678503E+00, 7.975072E-05 
6.575203E+00, 5.938116E-05 
3.421826E+00, 2.243326E-04 
5.022924E+00, 1.207409E-04 
9.997750E+00, 1.183457E-06 
4.176367E+00, 1.659934E-04 
4.331538E+00, 1.657689E-04 
2.637258E+00, 3.810195E-04 
6.710803E+00, 6.283499E-05 
8.795187E+00, 4.237025E-06 
7.151357E+00, 4.039000E-05 
8.085939E+00, 1.402931E-05 
1.329743E+00, 5.802223E-04 
6.430169E-01, 4.667578E-04 
4.548559E+00, 1.160489E-04 
9.009679E+00, 3.859225E-06 
6.023096E+00, 6.396556E-05 
5.233031E-01, 4.209336E-04 
4.273894E-01, 4.209336E-04 
9.650999E+00, 1.131458E-06 
3.412245E+00, 1.721996E-04 
8.475529E+00, 5.611866E-06 
6.797595E+00, 5.007101E-05 
4.575534E-01, 3.202066E-04 
4.142323E+00, 3.044398E-04 
5.798278E+00, 1.360310E-04 
3.016752E+00, 2.031942E-04 
1.073695E+00, 4.862119E-04 
9.135341E+00, 2.449411E-06 
3.610881E+00, 1.497460E-04 
2.351756E+00, 2.985617E-04 
3.138556E+00, 2.551228E-04 
-7.891588E+00, 1.638099E-02 
3.283594E+00, 1.589475E-04 
9.422051E+00, 2.462935E-06 
7.038723E+00, 4.653085E-05 
3.745842E+00, 2.224044E-04 
6.137891E-01, 4.441666E-04 
5.920904E+00, 7.362545E-05 
1.401196E+00, 3.032114E-04 
1.814829E+00, 2.768125E-04 
7.957199E+00, 3.830061E-06 
2.955244E+00, 3.440401E-04 
7.942182E+00, 2.692453E-05 
3.702982E+00, 1.080837E-04 
8.911059E+00, 1.073307E-05 
7.639874E+00, 2.736533E-05 
1.386529E-01, 3.376492E-04 
2.224603E+00, 2.449752E-04 
5.280089E+00, 7.394854E-05 
5.011857E+00, 1.491673E-04 
4.373478E+00, 1.152782E-04 
2.279774E+00, 2.166727E-04 
5.112450E+00, 1.567574E-04 
2.636257E+00, 3.245863E-04 
3.679115E+00, 2.346012E-04 
9.713852E-01, 4.106142E-04 
2.714568E+00, 2.342893E-04 
4.047517E+00, 1.972139E-04 
8.068022E+00, 1.632312E-05 
6.158206E+00, 6.014558E-05 
6.089499E+00, 7.007489E-05 
2.593293E+00, 2.176290E-04 
7.978777E+00, 1.753433E-05 
5.567121E+00, 8.233900E-05 
8.024010E+00, 5.313870E-06 
3.985865E+00, 1.780526E-04 
8.317109E+00, 8.397293E-06 
8.914498E+00, 5.550206E-06 
1.876188E-01, 2.104668E-04 
2.639540E+00, 2.805098E-04 
8.957534E+00, 1.865126E-06 
2.938637E-01, 3.056477E-04 
2.615035E-01, 5.783189E-04 
8.556926E+00, 7.536747E-06 
-8.785506E-02, 3.924877E-04 
1.882267E+00, 2.780856E-04 
6.475998E+00, 3.724722E-05 
-8.559094E-01, 1.731331E-02 
4.571346E+00, 9.105760E-05 
7.467619E+00, 1.371929E-05 
9.627672E+00, 2.321177E-06 
9.148035E+00, 3.324988E-06 
4.686964E+00, 1.039227E-04 
4.033516E+00, 1.206062E-04 
5.475629E+00, 5.601072E-05 
7.564148E+00, 1.342854E-05 
7.957447E+00, 1.952777E-05 
6.107711E+00, 5.461554E-05 
1.209083E+00, 3.713992E-04 
1.928647E+00, 3.573547E-04 
1.038938E+01, 5.180660E-07 
7.847317E+00, 2.349082E-05 
8.625999E+00, 7.087122E-06 
2.535508E+00, 2.299448E-04 
2.183359E+00, 3.469952E-04 
4.360025E+00, 2.145693E-04 
2.910543E+00, 3.725354E-04 
2.712646E+00, 2.116454E-04 
4.356779E+00, 1.157713E-04 
9.952356E+00, 3.306284E-07 
7.119504E+00, 3.381595E-05 
4.889525E+00, 7.541933E-05 
4.861654E+00, 1.505031E-04 
5.316732E+00, 5.508155E-05 
4.366642E+00, 1.163263E-04 
6.718478E+00, 4.779190E-05 
3.129626E+00, 3.713878E-04 
3.087003E+00, 1.938135E-04 
4.911694E+00, 1.047303E-04 
3.656101E+00, 1.550199E-04 
8.731841E+00, 8.625008E-06 
3.738462E+00, 2.021310E-04 
3.726049E+00, 2.608620E-04 
5.944916E+00, 9.261538E-05 
1.355486E+00, 5.404410E-04 
8.466573E+00, 5.440495E-06 
1.701828E+00, 2.972507E-04 
1.781442E+00, 4.218226E-04 
1.775098E+00, 4.470143E-04 
6.333674E+00, 6.557200E-05 
8.369405E-01, 3.977098E-04 
2.190157E+00, 4.070170E-04 
6.331502E+00, 3.927616E-05 
4.325934E+00, 1.981783E-04 
4.762862E+00, 8.126194E-05 
9.467225E+00, 3.618227E-06 
6.152250E+00, 8.834359E-05 
4.128432E+00, 2.118574E-04 
8.073725E+00, 1.537973E-05 
4.332898E+00, 2.426157E-04 
8.145166E+00, 2.281229E-05 
6.396924E+00, 4.665920E-05 
2.942874E+00, 4.225851E-04 
9.898101E+00, 4.578215E-07 
9.660789E+00, 2.531008E-06 
3.712668E+00, 1.306835E-04 
9.422079E+00, 1.703616E-06 
1.019446E+01, 1.644379E-06 
5.461764E+00, 7.913528E-05 
7.603736E+00, 1.933896E-05 
8.428704E+00, 9.344483E-06 
7.158453E+00, 3.023791E-05 
5.967686E-01, 4.742343E-04 
5.280780E+00, 7.225946E-05 
8.773090E-01, 2.801161E-04 
9.645531E+00, 8.353325E-07 
1.873183E+00, 4.895516E-04 
-1.324469E-01, 3.782859E-04 
6.271719E+00, 3.474688E-05 
8.064005E+00, 1.380081E-05 
6.965697E+00, 4.884164E-05 
9.050575E+00, 3.287640E-06 
4.786167E+00, 2.154289E-04 
8.699559E+00, 1.540187E-05 
2.350126E+00, 3.721610E-04 
5.051357E+00, 1.045610E-04 
9.391788E+00, 1.247368E-06 
7.416156E+00, 2.012742E-05 
7.317701E+00, 2.560167E-05 
5.236618E+00, 6.575810E-05 
6.511957E+00, 6.872395E-05 
8.871477E+00, 8.091908E-06 
1.298264E+00, 2.575184E-04 
6.322999E+00, 5.510405E-05 
6.516671E-01, 6.141995E-04 
7.231611E+00, 3.298950E-05 
4.799184E+00, 1.313242E-04 
6.058779E+00, 4.332164E-05 
9.182102E-01, 3.616898E-04 
6.155995E+00, 5.404079E-05 
1.441864E+00, 3.540022E-04 
8.517448E+00, 7.338901E-06 
8.719993E+00, 1.224407E-05 
8.741363E+00, 1.221160E-05 
5.311178E+00, 8.425644E-05 
7.811856E+00, 1.408062E-05 
8.907329E+00, 9.974511E-06 
5.180849E+00, 8.070824E-05 
1.863456E+00, 3.028467E-04 
5.174221E+00, 1.182031E-04 
1.012085E+01, 6.910027E-07 
5.138177E+00, 8.662593E-05 
8.149443E+00, 1.114694E-05 
8.424377E-01, 3.101308E-04 
2.573327E+00, 2.418913E-04 
5.327391E+00, 7.944061E-05 
8.285428E+00, 5.712197E-06 
1.662555E+00, 2.667564E-04 
6.063621E+00, 1.100168E-04 
5.854485E+00, 1.028333E-04 
5.937406E+00, 4.771594E-05 
1.248071E-01, 4.520974E-04 
3.211454E+00, 1.786186E-04 
3.045241E+00, 2.083744E-04 
8.127502E-01, 3.941369E-04 
7.885092E+00, 1.342854E-05 
3.620459E+00, 1.455857E-04 
8.953687E+00, 3.752435E-06 
9.507186E+00, 9.156430E-07 
8.354407E+00, 6.641936E-06 
8.043944E+00, 1.093172E-05 
5.958366E+00, 3.898157E-05 
7.493493E+00, 2.313716E-05 
4.566632E+00, 9.929893E-05 
3.369406E+00, 3.658825E-04 
9.432719E+00, 2.796005E-06 
9.107359E+00, 6.222671E-06 
5.034972E+00, 1.599295E-04 
1.766664E+00, 3.165502E-04 
1.979249E+00, 2.515971E-04 
6.993534E+00, 5.634428E-05 
4.854549E+00, 1.293474E-04 
1.457803E-01, 1.640535E-04 
8.076157E+00, 1.833732E-05 
9.913533E-01, 4.373910E-04 
4.316173E+00, 2.371760E-04 
8.701662E+00, 7.316114E-06 
5.420046E+00, 1.053950E-04 
9.815085E-01, 3.684040E-04 
2.490463E-01, 2.678827E-04 
2.447985E+00, 4.457711E-04 
1.960014E+00, 3.721610E-04 
2.832126E+00, 1.938771E-04 
2.146010E+00, 3.299903E-04 
3.625576E+00, 1.290053E-04 
5.146208E+00, 7.978692E-05 
4.635765E-01, 3.256629E-04 
2.128024E+00, 4.617859E-04 
3.985576E+00, 1.414174E-04 
6.100601E+00, 6.761360E-05 
3.002559E+00, 2.071455E-04 
2.726101E-01, 2.272532E-04 
9.409883E+00, 2.825458E-06 
7.277959E-01, 3.849348E-04 
8.987383E+00, 4.483813E-06 
7.502993E+00, 2.422229E-05 
3.579159E-01, 4.209336E-04 
-1.065710E+00, 1.578222E-02 
1.993353E+00, 4.136345E-04 
8.788134E-01, 5.384327E-04 
2.393460E+00, 2.342893E-04 
4.238774E+00, 2.483250E-04 
4.706103E+00, 1.662496E-04 
8.271590E-01, 3.141791E-04 
4.945016E-01, 5.121805E-04 
4.255982E+00, 1.324328E-04 
8.997071E+00, 1.531961E-06 
6.017048E+00, 8.729536E-05 
8.711178E+00, 7.607312E-06 
4.811758E-01, 3.782859E-04 
1.029614E+00, 4.995970E-04 
1.382790E+00, 2.750496E-04 
3.616418E+00, 1.934720E-04 
7.930808E+00, 1.579521E-05 
9.658951E+00, 1.140721E-06 
9.497701E+00, 2.262915E-06 
7.169177E+00, 1.998342E-05 
-2.105169E+00, 1.767737E-02 
6.284978E+00, 7.012483E-05 
-7.916684E-02, 3.924877E-04 
7.590638E+00, 2.245048E-05 
5.553553E+00, 8.331654E-05 
3.162175E+00, 3.303665E-04 
3.941590E+00, 1.477058E-04 
7.885922E+00, 1.827204E-05 
9.708171E+00, 2.627121E-06 
4.025940E+00, 2.100132E-04 
2.718672E+00, 3.507054E-04 
2.879025E+00, 3.179149E-04 
8.607038E+00, 9.559626E-06 
2.988057E-01, 2.914805E-04 
3.666035E+00, 2.553938E-04 
6.986612E+00, 6.227059E-05 
3.197749E+00, 2.369377E-04 
8.327138E+00, 6.143077E-06 
4.779021E+00, 1.148563E-04 
-2.137623E+00, 1.635848E-02 
3.076034E+00, 2.858808E-04 
7.538705E+00, 2.059588E-05 
5.246103E+00, 4.933754E-05 
3.562597E+00, 2.208156E-04 
7.433965E+00, 2.504971E-05 
6.617079E+00, 4.578150E-05 
5.918792E+00, 8.433489E-05 
2.735521E+00, 2.188543E-04 
7.301943E+00, 2.637161E-05 
4.917658E+00, 9.211413E-05 
5.401774E+00, 9.460298E-05 
5.472132E+00, 9.189033E-05 
8.543935E+00, 1.020244E-05 
7.443205E+00, 2.192182E-05 
5.675657E+00, 6.723489E-05 
4.724732E+00, 1.438837E-04 
2.349323E-01, 3.202066E-04 
7.630620E+00, 1.622357E-05 
8.177827E+00, 1.788986E-05 
1.091672E+00, 1.945098E-04 
9.889002E+00, 1.138474E-06 
7.376051E+00, 2.254376E-05 
5.223986E+00, 6.674909E-05 
1.548707E+00, 2.979161E-04 
8.257731E+00, 9.344483E-06 
1.643819E+00, 5.121883E-04 
8.415601E+00, 9.341100E-06 
7.033017E+00, 3.560189E-05 
3.019215E+00, 1.932605E-04 
2.748250E+00, 2.179707E-04 
8.182829E+00, 5.837339E-06 
4.600116E+00, 1.047472E-04 
2.988041E+00, 2.287091E-04 
2.540532E+00, 2.134568E-04 
6.330116E+00, 3.839013E-05 
4.949390E+00, 8.476396E-05 
2.486355E+00, 3.092468E-04 
9.329227E-01, 7.455523E-04 
9.873377E+00, 1.106057E-06 
2.817159E+00, 3.554717E-04 
8.299232E-01, 2.820791E-04 
7.136350E+00, 3.505419E-05 
7.441584E+00, 1.908731E-05 
1.271562E+00, 2.823668E-04 
4.478082E+00, 9.235192E-05 
9.075077E+00, 6.017686E-06 
1.370657E+00, 2.442417E-04 
2.237842E+00, 2.640670E-04 
1.022156E+00, 3.460160E-04 
9.226608E+00, 3.521475E-06 
9.997177E+00, 3.090352E-07 
2.445805E+00, 2.350382E-04 
3.244276E+00, 3.319400E-04 
4.720032E-01, 3.056657E-04 
5.334343E+00, 1.107174E-04 
4.012466E+00, 1.783595E-04 
9.873058E-01, 3.555173E-04 
1.407195E+00, 3.777431E-04 
5.813104E+00, 1.224867E-04 
8.655753E+00, 1.200579E-05 
5.114401E+00, 1.283713E-04 
8.264957E+00, 5.835954E-06 
6.152494E+00, 6.542841E-05 
1.832980E+00, 4.491863E-04 
1.511013E+00, 3.349129E-04 
9.368342E-01, 4.249163E-04 
6.775916E+00, 3.371243E-05 
2.337249E+00, 3.458189E-04 
1.537845E+00, 4.700241E-04 
4.843047E+00, 5.427360E-05 
3.514743E+00, 2.449645E-04 
5.665559E+00, 6.662483E-05 
2.748052E+00, 1.892007E-04 
6.136456E+00, 4.995371E-05 
6.246335E+00, 3.191059E-05 
5.782905E+00, 8.473894E-05 
3.867800E+00, 1.310597E-04 
9.347154E-01, 1.477497E-04 
6.178114E+00, 4.436844E-05 
2.661090E+00, 2.917054E-04 
2.537694E+00, 2.545702E-04 
6.048743E+00, 6.523587E-05 
8.001756E+00, 6.027486E-06 
6.259976E+00, 3.625062E-05 
1.639785E+00, 4.621072E-04 
3.281550E+00, 3.136152E-04 
-9.556322E-01, 1.741737E-02 
7.808795E+00, 1.465700E-05 
4.361015E+00, 1.002024E-04 
1.923899E+00, 3.119581E-04 
5.462120E+00, 6.728076E-05 
8.548103E-01, 4.123596E-04 
8.247976E+00, 8.413617E-06 
9.443503E+00, 3.324988E-06 
7.978459E+00, 1.232197E-05 
5.917699E+00, 6.908326E-05 
2.215332E+00, 4.439012E-04 
7.896279E+00, 1.253320E-05 
4.754604E+00, 1.530024E-04 
7.365039E+00, 3.207524E-05 
8.343851E+00, 1.271127E-05 
9.696598E+00, 1.218468E-06 
8.414691E+00, 4.065528E-06 
8.940798E+00, 7.497947E-06 
7.773159E+00, 2.817772E-05 
3.668722E+00, 2.367221E-04 
4.517569E+00, 8.540839E-05 
9.611463E+00, 2.130348E-06 
4.513019E+00, 1.294352E-04 
3.399276E+00, 3.498283E-04 
9.887862E+00, 6.023468E-07 
7.997801E+00, 1.480688E-05 
8.210012E+00, 1.172011E-05 
7.868346E+00, 2.004300E-05 
8.916017E-01, 3.153848E-04 
5.806754E+00, 5.091798E-05 
2.379886E+00, 3.937472E-04 
8.432981E+00, 1.167191E-05 
-1.107574E+00, 1.587877E-02 
5.680657E+00, 1.134299E-04 
2.512458E+00, 2.523404E-04 
1.937494E+00, 4.609839E-04 
5.163799E-02, 2.104668E-04 
6.367553E+00, 5.000298E-05 
6.407549E+00, 3.881754E-05 
4.420619E+00, 1.659934E-04 
3.273999E+00, 1.989217E-04 
5.015058E+00, 1.120821E-04 
5.784598E+00, 9.715476E-05 
2.541800E+00, 3.163894E-04 
5.287990E+00, 5.607239E-05 
4.525029E+00, 1.059987E-04 
8.253174E+00, 1.072454E-05 
7.488936E+00, 3.715936E-05 
9.862350E+00, 1.757014E-06 
5.587173E+00, 7.335157E-05 
2.067822E+00, 5.727375E-04 
9.659978E+00, 9.152110E-07 
2.897727E+00, 3.098359E-04 
-9.987207E-01, 1.608993E-02 
4.694624E+00, 7.549535E-05 
4.194869E+00, 1.729537E-04 
6.606576E+00, 5.477421E-05 
1.227468E+00, 3.440563E-04 
6.951624E-01, 2.648643E-04 
5.437218E+00, 1.087831E-04 
3.550867E+00, 1.003321E-04 
5.337562E+00, 1.067963E-04 
8.023720E+00, 5.972752E-06 
2.740238E+00, 3.769340E-04 
8.063427E+00, 1.927307E-05 
7.029492E+00, 4.855456E-05 
2.601055E+00, 2.188543E-04 
2.730430E-01, 1.998106E-04 
8.102001E+00, 1.329056E-05 
1.022409E+00, 4.794744E-04 
5.336510E+00, 7.275779E-05 
1.191218E+00, 4.098471E-04 
4.715753E-01, 2.271105E-04 
3.143961E+00, 2.240471E-04 
8.855078E+00, 6.526461E-06 
9.548933E+00, 1.541553E-06 
3.974984E+00, 1.901248E-04 
2.301305E+00, 3.521713E-04 
1.232811E+00, 4.308174E-04 
6.489301E+00, 2.967252E-05 
7.902140E+00, 1.461118E-05 
6.033850E+00, 6.737744E-05 
-1.267907E-01, 1.103934E-02 
1.157920E+00, 4.089455E-04 
9.059597E+00, 3.163371E-06 
2.518953E+00, 3.066438E-04 
7.363514E+00, 2.627160E-05 
5.263799E+00, 5.298644E-05 
1.072532E+00, 3.771483E-04 
7.013611E+00, 3.170941E-05 
8.062543E+00, 1.421637E-05 
6.985769E-01, 8.467837E-06 
9.195407E+00, 2.586758E-06 
6.984007E+00, 3.049769E-05 
8.891551E+00, 9.030866E-06 
1.802404E+00, 3.211768E-04 
6.201128E+00, 8.270417E-05 
9.401795E+00, 1.473792E-06 
5.436591E+00, 8.322200E-05 
8.697401E+00, 1.256547E-05 
1.897487E+00, 2.945804E-04 
8.444491E+00, 4.454941E-06 
4.647508E+00, 2.011426E-04 
1.810971E+00, 3.118625E-04 
6.622163E+00, 4.476453E-05 
1.907982E+00, 4.613505E-04 
3.642310E-02, 4.724042E-04 
7.085203E+00, 4.175533E-05 
5.399650E+00, 1.068105E-04 
2.848707E+00, 1.916918E-04 
9.451101E+00, 3.649880E-06 
1.237288E+00, 4.790857E-04 
4.360013E+00, 1.156747E-04 
-2.359586E+00, 2.100727E-02 
6.250602E+00, 3.305068E-05 
2.151397E+00, 3.810240E-04 
5.895671E+00, 9.499783E-05 
3.991014E+00, 1.541389E-04 
3.004369E+00, 2.183496E-04 
8.071893E+00, 9.666206E-06 
9.164765E-01, 5.574980E-04 
2.189705E+00, 2.638014E-04 
8.428647E+00, 1.252204E-05 
1.430589E+00, 3.165502E-04 
5.452534E+00, 7.392119E-05 
7.289748E+00, 3.336586E-05 
4.500433E+00, 1.124071E-04 
2.765512E+00, 2.069158E-04 
1.947741E+00, 2.319557E-04 
8.441468E+00, 8.501377E-06 
2.185833E+00, 2.276771E-04 
4.132319E+00, 2.012434E-04 
7.575087E+00, 1.656783E-05 
3.843011E+00, 2.820770E-04 
9.257140E+00, 4.600164E-06 
8.287702E+00, 1.491389E-05 
9.745859E+00, 2.542916E-06 
3.126021E-01, 5.962272E-04 
1.985183E+00, 2.623133E-04 
6.110127E+00, 9.793750E-05 
3.478265E+00, 3.983049E-04 
2.567552E+00, 2.887517E-04 
6.277193E+00, 4.859779E-05 
3.004932E+00, 2.252703E-04 
-1.176040E-01, 2.844026E-04 
3.588187E+00, 1.786186E-04 
1.757049E+00, 2.735419E-04 
8.575350E+00, 7.367821E-06 
4.245103E+00, 2.974381E-04 
2.616610E+00, 2.603448E-04 
1.191969E+00, 3.359257E-04 
6.018254E+00, 5.502631E-05 
2.775956E+00, 2.904961E-04 
5.188824E+00, 7.170371E-05 
4.611870E+00, 1.099115E-04 
1.584236E+00, 4.186790E-04 
7.508088E+00, 1.393326E-05 
4.277193E+00, 2.112603E-04 
2.200862E+00, 4.160033E-04 
7.207532E+00, 3.325777E-05 
4.169800E+00, 1.276613E-04 
2.173716E+00, 4.668042E-04 
1.310740E+00, 5.334458E-04 
1.023476E+00, 3.589645E-04 
5.380627E+00, 8.933175E-05 
3.319713E+00, 3.804387E-04 
4.162302E+00, 1.468749E-04 
5.762269E+00, 7.829572E-05 
8.298962E+00, 7.168791E-06 
7.306726E+00, 2.661583E-05 
3.108596E+00, 3.184888E-04 
7.275102E+00, 3.246772E-05 
9.718004E+00, 2.061857E-06 
2.276345E+00, 5.947349E-04 
1.044172E+00, 3.409422E-04 
2.701095E+00, 1.862155E-04 
2.329428E+00, 2.313399E-04 
8.152990E+00, 1.654861E-05 
5.930514E+00, 8.843911E-05 
1.650108E+00, 2.571208E-04 
2.561077E+00, 3.237912E-04 
4.838095E+00, 1.213697E-04 
3.142691E+00, 1.627717E-04 
5.319733E+00, 7.233032E-05 
9.012431E+00, 9.806946E-06 
3.184956E+00, 4.163207E-04 
1.003260E+00, 5.781156E-04 
7.073453E+00, 3.020126E-05 
1.509755E+00, 5.322174E-04 
8.458646E+00, 3.795631E-06 
7.584338E+00, 2.099983E-05 
8.604458E-01, 2.649781E-04 
7.855594E+00, 1.634595E-05 
3.429126E+00, 2.366627E-04 
4.738394E+00, 1.483994E-04 
5.400557E+00, 5.326355E-05 
6.793908E+00, 2.593425E-05 
5.537292E+00, 8.880274E-05 
4.836637E+00, 7.578546E-05 
6.400402E+00, 4.481991E-05 
1.108398E+00, 2.472581E-04 
7.542415E+00, 1.690659E-05 
4.108646E+00, 1.280365E-04 
6.322075E+00, 4.848497E-05 
6.875404E+00, 3.996219E-05 
3.095491E+00, 2.559849E-04 
9.800113E+00, 7.996860E-07 
2.308463E+00, 4.690038E-04 
3.584414E+00, 4.324664E-04 
7.828574E+00, 2.313670E-05 
1.001567E+01, 5.214326E-07 
3.711659E+00, 2.429803E-04 
8.591244E+00, 1.118916E-05 
8.771926E+00, 9.806946E-06 
5.175473E+00, 6.084987E-05 
1.364969E+00, 2.914534E-04 
2.496812E+00, 2.615190E-04 
1.930826E+00, 5.419033E-04 
7.864145E-01, 3.783593E-05 
2.439653E+00, 3.506216E-04 
3.880412E+00, 2.273720E-04 
6.069239E+00, 4.587658E-05 
5.581244E+00, 1.313091E-04 
5.902192E+00, 9.842121E-05 
7.305689E-01, 3.741837E-04 
6.097276E+00, 3.793886E-05 
2.380185E-01, 4.225893E-04 
5.247920E+00, 9.093033E-05 
-8.599969E-01, 1.541888E-02 
1.976385E+00, 3.073325E-04 
6.368715E+00, 6.157154E-05 
6.320981E+00, 5.501262E-05 
5.601847E+00, 7.292885E-05 
4.978581E+00, 1.345214E-04 
8.360321E+00, 1.121001E-05 
5.757270E+00, 6.901462E-05 
7.518652E+00, 1.877769E-05 
7.191910E+00, 2.761208E-05 
-5.024405E-02, 3.256629E-04 
6.975039E+00, 3.061295E-05 
1.757768E+00, 5.000315E-04 
3.683083E+00, 1.704093E-04 
5.771988E-01, 2.855486E-04 
6.111221E+00, 4.713198E-05 
-9.452536E-01, 1.682280E-02 
6.533011E+00, 5.000298E-05 
9.123554E+00, 2.470666E-06 
4.697535E+00, 1.428088E-04 
5.357913E+00, 7.669483E-05 
8.613118E+00, 8.907366E-06 
5.504210E+00, 8.322200E-05 
8.760562E+00, 9.572448E-06 
5.344456E+00, 7.934565E-05 
3.042226E+00, 2.984680E-04 
1.787435E+00, 3.776278E-04 
1.961437E+00, 3.733573E-04 
2.839392E-01, 2.272532E-04 
7.356881E+00, 2.541900E-05 
2.585226E+00, 5.443718E-04 
7.254514E+00, 3.996543E-05 
8.022992E+00, 2.106439E-05 
4.326287E+00, 1.217165E-04 
1.750578E+00, 3.678074E-04 
1.282921E+00, 5.172819E-04 
7.240798E+00, 3.123417E-05 
2.349898E+00, 3.037630E-04 
1.461335E+00, 3.846202E-04 
3.306020E+00, 2.547321E-04 
1.434360E+00, 4.488781E-04 
6.913773E+00, 6.144277E-05 
8.727979E+00, 1.208081E-05 
1.212768E+00, 5.242260E-04 
1.899582E+00, 4.531789E-04 
6.049975E+00, 8.390977E-05 
8.792843E+00, 8.627862E-06 
4.343995E+00, 1.937866E-04 
7.016089E+00, 4.138744E-05 
9.862360E+00, 8.250567E-07 
8.299164E+00, 1.445040E-05 
4.223736E+00, 1.479702E-04 
7.819365E+00, 2.437265E-05 
4.691434E+00, 1.538968E-04 
4.157163E+00, 1.254357E-04 
7.943716E+00, 1.545992E-05 
2.448547E-02, 1.146023E-04 
1.604817E+00, 2.283416E-04 
6.996546E+00, 2.673812E-05 
8.661455E+00, 1.219919E-05 
4.919011E+00, 6.348265E-05 
4.884345E+00, 9.105760E-05 
3.990862E-01, 2.250841E-04 
5.093677E-01, 4.150332E-04 
3.978078E+00, 1.323426E-04 
4.706078E+00, 1.163263E-04 
7.598355E+00, 2.040991E-05 
5.689160E+00, 4.611609E-05 
4.894253E+00, 1.415939E-04 
7.111787E+00, 4.627578E-05 
3.340017E+00, 2.170709E-04 
4.600542E+00, 7.670364E-05 
1.376067E+00, 3.434842E-04 
3.430626E+00, 2.371804E-04 
-9.590317E-01, 1.251423E-02 
5.228460E+00, 1.026203E-04 
8.020418E+00, 2.294976E-05 
7.586491E+00, 2.778611E-05 
9.210635E+00, 7.645266E-06 
6.375115E+00, 4.359621E-05 
1.008820E+01, 5.696959E-07 
3.729437E+00, 2.421615E-04 
3.728667E+00, 1.485594E-04 
9.155638E+00, 1.255500E-05 
9.081579E-01, 2.954994E-04 
2.421435E+00, 2.958086E-04 
8.383722E+00, 1.894606E-05 
3.403140E+00, 1.468580E-04 
8.885569E+00, 8.669464E-06 
2.078623E-02, 2.311860E-04 
7.677152E+00, 2.056039E-05 
5.187602E+00, 1.096916E-04 
4.324070E+00, 1.933709E-04 
2.605381E+00, 2.968566E-04 
1.011908E+01, 5.180660E-07 
6.182066E+00, 8.076751E-05 
8.125987E+00, 1.078753E-05 
2.778733E+00, 2.482321E-04 
3.591262E+00, 1.924446E-04 
1.539588E+00, 3.736768E-04 
5.277182E+00, 6.334822E-05 
6.559309E+00, 5.314787E-05 
6.994585E+00, 3.427840E-05 
5.195886E+00, 5.790834E-05 
4.649392E+00, 1.031283E-04 
8.974253E-01, 3.256603E-04 
7.219813E+00, 3.455022E-05 
2.254053E+00, 2.634282E-04 
6.193154E+00, 5.379550E-05 
4.873379E+00, 5.427360E-05 
2.605015E+00, 2.238749E-04 
7.239183E+00, 1.964226E-05 
1.987268E+00, 3.618592E-04 
3.779326E+00, 1.124071E-04 
8.029264E-01, 3.996897E-04 
8.386037E+00, 1.262968E-05 
8.767167E+00, 6.908908E-06 
4.196117E+00, 1.771847E-04 
7.695076E+00, 1.619303E-05 
6.565457E+00, 4.668329E-05 
4.451607E+00, 2.061284E-04 
9.445874E+00, 1.134157E-06 
8.924308E+00, 5.686478E-06 
8.506817E+00, 8.861526E-06 
8.786910E+00, 7.908552E-06 
6.401809E+00, 3.506242E-05 
9.168747E+00, 3.304531E-06 
7.834169E+00, 1.842736E-05 
1.390453E+00, 4.586777E-04 
8.746891E+00, 7.593440E-06 
8.178363E+00, 5.611866E-06 
3.657914E+00, 2.062828E-04 
2.013004E+00, 4.680852E-04 
1.342486E+00, 2.702916E-04 
4.584620E+00, 8.783825E-05 
3.942996E+00, 2.313745E-04 
7.078165E+00, 2.624635E-05 
3.366184E+00, 2.169627E-04 
5.490291E+00, 5.252606E-05 
6.714279E+00, 7.861992E-05 
7.879505E+00, 2.355972E-05 
2.089120E+00, 2.958462E-04 
7.310740E+00, 3.630130E-05 
8.800016E+00, 6.130263E-06 
2.060195E+00, 3.166081E-04 
9.788328E+00, 6.612568E-07 
6.238851E+00, 4.551453E-05 
2.996143E+00, 2.872086E-04 
2.558421E+00, 2.806655E-04 
8.263121E+00, 1.710050E-05 
9.352972E+00, 2.700599E-06 
8.089832E+00, 1.267670E-05 
5.020424E+00, 8.280069E-05 
4.909735E+00, 9.235192E-05 
7.627293E+00, 2.160793E-05 
9.260529E+00, 4.268302E-06 
3.640540E+00, 2.038940E-04 
3.199065E+00, 3.959512E-04 
5.384426E+00, 9.657391E-05 
2.717920E+00, 2.780856E-04 
2.065884E+00, 3.493705E-04 
7.624444E+00, 1.313045E-05 
5.682997E-01, 3.997567E-04 
6.189808E+00, 4.519173E-05 
8.481633E-01, 4.628032E-04 
7.280141E+00, 2.614947E-05 
6.033428E+00, 5.502631E-05 
5.404373E+00, 1.014597E-04 
5.816107E+00, 6.735067E-05 
1.486577E+00, 3.493999E-04 
5.557423E+00, 5.777389E-05 
9.756935E+00, 9.990646E-07 
4.764297E+00, 1.092131E-04 
4.446032E+00, 1.998010E-04 
2.385801E+00, 2.211558E-04 
9.867145E+00, 1.151299E-06 
9.162560E+00, 7.249715E-06 
9.864200E+00, 5.503025E-07 
1.079901E+00, 4.622121E-04 
2.367331E+00, 3.375054E-04 
6.653570E+00, 4.340261E-05 
3.721058E+00, 1.405742E-04 
6.798423E+00, 2.205467E-05 
4.422564E+00, 1.719355E-04 
8.785110E+00, 1.156186E-05 
5.863470E+00, 4.755315E-05 
9.332771E-01, 3.008168E-04 
6.250701E+00, 6.116806E-05 
5.139986E+00, 1.053440E-04 
9.460399E+00, 2.423092E-06 
5.090393E+00, 1.557644E-04 
7.820310E+00, 1.463897E-05 
1.443965E+00, 3.249302E-04 
3.259481E+00, 2.916455E-04 
4.138009E+00, 9.755439E-05 
7.517224E+00, 3.148918E-05 
2.228700E+00, 3.987713E-04 
7.087719E+00, 3.832171E-05 
4.830071E+00, 1.080324E-04 
5.768216E+00, 7.379620E-05 
1.600803E-01, 1.663743E-04 
3.245390E+00, 3.494322E-04 
5.717851E+00, 6.788454E-05 
9.385923E+00, 3.162764E-06 
4.401572E+00, 1.478609E-04 
1.931306E+00, 4.551531E-04 
3.262633E-01, 3.996897E-04 
5.367761E+00, 1.095997E-04 
6.453972E+00, 5.397702E-05 
3.436242E+00, 2.160133E-04 
-1.472263E+00, 1.747100E-02 
7.394353E+00, 3.965271E-05 
8.432899E+00, 8.864879E-06 
3.345139E+00, 3.009684E-04 
1.022862E+01, 8.353325E-07 
3.773311E+00, 2.019497E-04 
8.142600E+00, 7.645266E-06 
1.437554E+00, 5.487718E-04 
-1.517156E+00, 1.767676E-02 
6.571336E+00, 3.198278E-05 
4.458105E+00, 1.529151E-04 
8.325205E+00, 9.919527E-06 
3.627131E+00, 1.938821E-04 
7.504947E+00, 2.560167E-05 
3.351263E+00, 2.045355E-04 
4.198971E+00, 1.494986E-04 
1.056958E+00, 7.141963E-04 
6.036476E+00, 9.061954E-05 
6.982408E+00, 4.300139E-05 
7.280227E+00, 3.153087E-05 
4.895964E+00, 1.029616E-04 
1.458390E+00, 2.717699E-04 
8.859057E+00, 5.323458E-06 
3.454333E+00, 2.960381E-04 
6.607981E+00, 4.287435E-05 
9.587733E+00, 1.315649E-06 
7.359435E+00, 2.890929E-05 
2.561233E+00, 2.522002E-04 
3.929668E+00, 1.000047E-04 
7.764739E+00, 1.277658E-05 
3.552585E+00, 2.607836E-04 
1.502971E+00, 3.167487E-04 
6.987368E+00, 8.963096E-05 
8.035034E+00, 1.449610E-05 
9.508414E+00, 2.606063E-06 
6.077729E+00, 9.369659E-05 
9.604729E+00, 1.670665E-06 
5.622682E+00, 6.876590E-05 
1.036502E+01, 6.023468E-07 
9.263257E+00, 2.626508E-06 
3.007644E+00, 2.101431E-04 
8.564098E+00, 7.379491E-06 
5.732003E+00, 1.042918E-04 
6.203952E+00, 3.474688E-05 
4.049226E+00, 2.054814E-04 
4.729643E+00, 1.175013E-04 
3.517264E+00, 1.710684E-04 
3.343394E+00, 2.140527E-04 
3.605230E+00, 1.263536E-04 
9.406311E-01, 4.996149E-04 
6.042029E+00, 7.476997E-05 
6.249838E+00, 7.720049E-05 
8.286432E+00, 5.573468E-06 
2.452996E+00, 4.575749E-04 
6.417810E-01, 3.971109E-04 
9.060302E+00, 5.592009E-06 
7.251540E+00, 2.334272E-05 
2.506192E+00, 3.116773E-04 
9.545818E+00, 2.084462E-06 
2.555708E+00, 2.082188E-04 
6.109586E-01, 2.381888E-04 
7.400031E+00, 1.928343E-05 
4.462565E+00, 1.770549E-04 
6.803135E+00, 2.267045E-05 
9.322145E+00, 2.770387E-06 
5.831476E+00, 9.871002E-05 
8.583862E+00, 8.045462E-06 
1.000337E+01, 5.214326E-07 
9.076763E+00, 4.057018E-06 
4.691167E+00, 1.825999E-04 
5.017575E+00, 5.602584E-05 
9.808513E+00, 1.891421E-06 
8.086896E+00, 1.408049E-05 
4.454557E+00, 1.040499E-04 
3.719414E+00, 1.643983E-04 
8.481901E+00, 5.362272E-06 
7.223457E+00, 4.084960E-05 
2.127506E+00, 3.934510E-04 
9.099050E+00, 3.209366E-06 
7.851610E+00, 2.265740E-05 
8.538010E-01, 3.016374E-04 
7.083576E+00, 2.998912E-05 
3.117250E+00, 2.090789E-04 
1.132593E+00, 4.304102E-04 
2.096768E+00, 5.792197E-04 
4.287713E+00, 1.067833E-04 
1.186313E+00, 3.716612E-04 
2.755318E+00, 2.800687E-04 
8.348104E+00, 1.238017E-05 
1.343908E+00, 2.939397E-04 
7.417442E-01, 3.141791E-04 
1.842515E+00, 4.426693E-04 
9.207914E+00, 1.123107E-06 
4.890100E+00, 8.475508E-05 
3.840150E+00, 2.077966E-04 
7.470163E+00, 1.635942E-05 
6.324668E+00, 4.372261E-05 
9.590923E+00, 1.772152E-06 
1.544490E+00, 2.878469E-04 
3.970134E+00, 1.628750E-04 
2.997819E+00, 3.241815E-04 
8.861305E+00, 8.182999E-06 
4.051085E+00, 1.702252E-04 
6.180692E+00, 4.586156E-05 
1.871773E+00, 2.101783E-04 
1.059456E+00, 2.404311E-04 
8.749849E+00, 8.961970E-06 
9.576820E+00, 9.896618E-07 
7.557975E+00, 2.124478E-05 
6.389376E+00, 6.339374E-05 
3.515170E+00, 1.464827E-04 
7.633126E+00, 1.685546E-05 
9.707905E+00, 1.066563E-06 
5.681491E-01, 3.996213E-04 
8.052861E-01, 4.572960E-04 
7.132225E+00, 2.624635E-05 
6.925530E+00, 6.438608E-05 
4.951289E+00, 9.606561E-05 
1.040027E+01, 7.877535E-07 
4.332721E+00, 1.596588E-04 
4.168619E+00, 1.037062E-04 
3.345666E+00, 2.018034E-04 
1.067864E+00, 4.982669E-04 
2.634791E+00, 2.840100E-04 
6.462221E+00, 4.359621E-05 
4.326976E+00, 1.512995E-04 
1.346754E+00, 3.146476E-04 
4.629990E+00, 1.048022E-04 
2.958806E+00, 2.312849E-04 
2.474443E+00, 3.112327E-04 
3.927870E+00, 2.111011E-04 
8.541608E+00, 1.199446E-05 
3.841288E+00, 2.143658E-04 
2.435261E+00, 4.468156E-04 
3.666339E+00, 2.065925E-04 
3.706207E+00, 1.837496E-04 
1.403410E+00, 4.319644E-04 
3.978621E+00, 3.180971E-04 
1.172902E+00, 5.031701E-04 
8.883338E+00, 2.534413E-06 
6.622220E+00, 4.078068E-05 
8.907353E+00, 7.287664E-06 
8.302362E+00, 4.377663E-06 
3.234677E+00, 2.352717E-04 
9.740563E+00, 2.159239E-06 
6.860188E+00, 2.768148E-05 
8.441955E+00, 5.835954E-06 
3.785651E+00, 2.515171E-04 
2.955663E+00, 2.625277E-04 
9.560820E+00, 5.696959E-07 
9.099274E+00, 7.049456E-06 
9.141665E+00, 2.506077E-06 
5.876274E-01, 2.250841E-04 
2.354967E+00, 3.633177E-04 
3.353288E+00, 2.909730E-04 
5.446326E+00, 8.158239E-05 
1.648119E+00, 3.412016E-04 
6.278249E-01, 4.585666E-04 
1.231512E+00, 3.173558E-04 
2.766726E+00, 2.314636E-04 
7.302000E+00, 2.559547E-05 
9.427572E+00, 2.894634E-06 
4.463031E-01, 3.397234E-04 
5.618100E+00, 9.169947E-05 
9.454042E+00, 3.138197E-06 
9.774968E+00, 4.774109E-07 
-2.776233E+00, 1.923676E-02 
1.946935E+00, 2.623133E-04 
5.064799E+00, 9.468723E-05 
8.857445E+00, 6.212198E-06 
2.199656E+00, 3.864647E-04 
8.206289E+00, 6.124178E-06 
7.290014E-01, 3.817287E-05 
2.444223E+00, 3.031511E-04 
9.880401E-01, 5.937950E-04 
8.890402E+00, 3.804601E-06 
3.764738E+00, 2.038138E-04 
3.857449E+00, 2.358220E-04 
6.546119E+00, 5.063378E-05 
9.100618E+00, 2.190086E-06 
3.303630E+00, 2.636212E-04 
4.946075E+00, 9.953798E-05 
9.053697E+00, 6.908908E-06 
2.103361E+00, 2.160323E-04 
5.302618E+00, 1.449595E-04 
8.307607E+00, 4.065528E-06 
9.467408E+00, 1.825420E-06 
3.336536E+00, 3.242158E-04 
2.585244E+00, 5.001075E-04 
9.426290E+00, 2.765616E-06 
4.769616E+00, 1.495732E-04 
8.653710E+00, 3.662244E-06 
5.477535E+00, 8.168073E-05 
7.822200E+00, 1.622357E-05 
4.468847E-01, 2.592690E-04 
2.824077E-01, 3.202066E-04 
1.019526E+01, 5.593215E-07 
7.170099E+00, 4.847379E-05 
1.869150E+00, 3.802274E-04 
9.643513E+00, 1.134157E-06 
9.732349E+00, 8.215346E-07 
9.147558E+00, 3.436963E-06 
1.316404E+00, 5.265325E-04 
5.473265E-01, 4.150332E-04 
6.245203E+00, 8.315432E-05 
5.813913E+00, 9.656116E-05 
7.369379E+00, 3.196099E-05 
3.326147E+00, 1.962229E-04 
6.265631E+00, 3.881754E-05 
3.908578E+00, 1.656468E-04 
5.426596E+00, 6.058253E-05 
1.253183E+00, 2.914534E-04 
6.726658E+00, 2.613691E-05 
8.299848E+00, 2.394507E-05 
1.974697E+00, 2.469204E-04 
4.521364E+00, 1.115973E-04 
1.574986E+00, 2.960458E-04 
6.009125E+00, 7.776554E-05 
7.038039E+00, 2.672314E-05 
4.903562E+00, 9.211413E-05 
2.166528E+00, 6.686097E-04 
3.719261E+00, 2.075262E-04 
1.066554E+00, 5.365603E-04 
6.525595E+00, 4.263175E-05 
4.148449E+00, 1.898063E-04 
2.524076E+00, 2.564384E-04 
2.194656E+00, 4.455863E-04 
5.731775E+00, 7.054461E-05 
9.010080E+00, 1.057061E-05 
1.739198E+00, 2.848662E-04 
5.177588E+00, 1.675177E-04 
6.700342E+00, 7.652080E-05 
6.128928E+00, 8.376850E-05 
5.110086E+00, 1.307501E-04 
4.788816E+00, 1.267867E-04 
8.694922E+00, 6.641142E-06 
1.177426E-02, 2.462412E-04 
8.941364E+00, 2.770387E-06 
2.573005E+00, 2.564384E-04 
7.265889E+00, 1.722438E-05 
4.807144E+00, 1.263297E-04 
4.995753E+00, 1.528495E-04 
6.669293E+00, 4.103637E-05 
3.902997E+00, 1.013881E-04 
3.297413E+00, 1.844203E-04 
7.052134E-01, 3.256629E-04 
3.780576E+00, 1.713370E-04 
9.476979E+00, 1.683759E-06 
4.895261E+00, 9.786988E-05 
3.110870E+00, 2.998977E-04 
6.105720E+00, 9.719558E-05 
7.939703E+00, 2.366610E-05 
3.757720E+00, 1.757616E-04 
8.790304E+00, 5.468245E-06 
3.341340E+00, 2.430044E-04 
8.974287E+00, 2.642975E-06 
-3.622277E-02, 1.699817E-04 
2.815373E+00, 3.205385E-04 
8.095234E+00, 2.100284E-05 
4.509393E+00, 1.379683E-04 
8.743369E+00, 9.306676E-06 
2.538228E+00, 3.598137E-04 
2.478248E-01, 5.189034E-04 
2.641149E+00, 4.108500E-04 
3.457524E+00, 2.009903E-04 
8.348307E+00, 7.316405E-06 
3.713008E+00, 1.888002E-04 
2.989441E-01, 4.471675E-04 
9.062649E+00, 3.304531E-06 
2.864133E+00, 2.858810E-04 
9.527293E+00, 3.407175E-06 
5.328567E+00, 9.657753E-05 
2.368420E+00, 3.646766E-04 
4.437974E+00, 1.322596E-04 
1.436380E+00, 5.103663E-04 
8.817453E+00, 7.132121E-06 
6.543867E+00, 6.061312E-05 
6.988792E+00, 5.620480E-05 
7.044284E+00, 2.531380E-05 
8.077913E+00, 1.387687E-05 
7.546826E-01, 4.737847E-04 
7.898428E+00, 1.121777E-05 
9.471238E+00, 3.144909E-06 
5.140861E-01, 4.112263E-04 
1.043464E-01, 1.987511E-04 
4.518671E+00, 1.741677E-04 
5.341211E+00, 1.094660E-04 
6.812084E+00, 3.967508E-05 
4.114204E+00, 1.254357E-04 
2.235029E+00, 3.646530E-04 
2.367063E+00, 4.389495E-04 
9.905666E+00, 6.622021E-07 
9.646434E+00, 2.393760E-06 
6.888256E-03, 1.434989E-04 
7.805006E+00, 2.334382E-05 
7.411257E+00, 3.494784E-05 
8.181389E+00, 6.781168E-06 
6.037792E+00, 1.111390E-04 
6.126234E+00, 1.122942E-04 
6.663382E+00, 2.138650E-05 
2.297963E+00, 3.322472E-04 
1.014982E+01, 4.382251E-07 
4.397486E+00, 1.052652E-04 
4.296098E+00, 1.768667E-04 
7.758474E+00, 2.366274E-05 
1.207678E+00, 5.161215E-04 
7.859485E+00, 1.470008E-05 
4.447501E+00, 8.960039E-05 
3.757952E+00, 1.227614E-04 
5.439578E+00, 9.127196E-05 
1.069153E+00, 5.125040E-04 
6.262519E+00, 4.593164E-05 
8.381140E+00, 6.305845E-06 
3.086020E+00, 3.494322E-04 
2.465966E+00, 2.469204E-04 
6.743914E+00, 4.423347E-05 
3.814520E+00, 1.679678E-04 
7.718378E+00, 1.536877E-05 
1.616562E+00, 3.056477E-04 
2.877145E+00, 1.829433E-04 
6.153392E+00, 7.600475E-05 
3.425604E-01, 5.218978E-04 
2.035053E+00, 3.175868E-04 
7.288992E+00, 2.611774E-05 
1.049017E+00, 4.451398E-04 
1.130710E+00, 4.789044E-04 
4.470054E+00, 1.321441E-04 
7.120506E+00, 3.427690E-05 
5.411885E-01, 5.262084E-05 
7.877274E+00, 1.356234E-05 
9.479944E+00, 3.764768E-06 
6.294912E+00, 8.690217E-05 
4.246836E+00, 3.441589E-04 
2.393612E+00, 2.249518E-04 
5.093040E+00, 9.191325E-05 
9.838755E+00, 9.650332E-07 
9.418207E+00, 3.651040E-06 
9.898407E+00, 5.692372E-07 
9.608152E+00, 2.772796E-06 
5.120708E+00, 1.287961E-04 
6.970377E+00, 8.735669E-05 
2.724203E-01, 2.877785E-04 
4.741545E+00, 1.271775E-04 
4.042612E+00, 1.435385E-04 
2.434775E+00, 3.048336E-04 
9.714201E+00, 1.118815E-06 
1.769093E+00, 3.085115E-04 
6.077769E+00, 6.659907E-05 
8.938265E+00, 3.812483E-06 
3.822994E-01, 4.126196E-04 
8.158561E+00, 1.025232E-05 
2.476873E+00, 3.652709E-04 
1.600028E-01, 4.333201E-04 
1.030448E+00, 5.648264E-04 
4.624281E+00, 9.077584E-05 
8.520632E+00, 5.285882E-06 
4.452225E+00, 8.653117E-05 
3.760693E+00, 2.987764E-04 
1.915924E+00, 3.984766E-04 
8.076084E+00, 1.880603E-05 
4.244104E+00, 2.630884E-04 
6.798159E+00, 3.844092E-05 
5.203976E+00, 7.913528E-05 
4.897660E-01, 1.693567E-05 
1.715340E+00, 2.094642E-04 
5.299379E+00, 9.328367E-05 
9.663868E+00, 1.168999E-06 
1.553782E+00, 2.216526E-04 
1.007111E+00, 4.673032E-04 
4.912011E+00, 1.476524E-04 
2.766535E+00, 4.327891E-04 
2.687773E-01, 2.932961E-04 
9.140466E+00, 2.977941E-06 
5.029613E+00, 1.045580E-04 
8.929816E-01, 8.319913E-04 
5.044971E+00, 8.904028E-05 
5.191745E+00, 6.111416E-05 
5.049269E+00, 1.581018E-04 
1.075507E+01, 1.047672E-06 
3.214557E+00, 2.755265E-04 
7.594472E+00, 3.016277E-05 
7.167236E+00, 3.239012E-05 
8.764626E+00, 1.581231E-05 
8.993931E+00, 1.191320E-05 
6.501054E+00, 5.440265E-05 
8.165870E+00, 2.020954E-05 
4.935380E+00, 1.449134E-04 
9.395740E+00, 2.475396E-06 
3.577145E+00, 3.887289E-04 
6.248570E+00, 5.162101E-05 
6.540081E+00, 4.080800E-05 
8.337647E-01, 5.733091E-04 
4.982308E+00, 1.425043E-04 
4.434782E-01, 1.901905E-04 
8.856696E+00, 1.079532E-05 
7.244374E-01, 4.621937E-04 
1.411599E+00, 2.888629E-04 
5.386220E+00, 1.175793E-04 
5.266102E+00, 6.533225E-05 
2.628225E+00, 2.861396E-04 
3.293939E+00, 3.211768E-04 
5.501558E+00, 6.175806E-05 
6.385220E+00, 5.655800E-05 
3.110616E+00, 1.948261E-04 
6.723549E+00, 2.708324E-05 
7.001855E+00, 3.529409E-05 
6.466198E+00, 4.332164E-05 
5.886067E-01, 2.659325E-04 
7.058244E+00, 2.137999E-05 
3.298591E-01, 3.778063E-04 
2.396544E+00, 2.670035E-04 
2.712671E+00, 4.074658E-04 
5.531099E+00, 9.339605E-05 
7.071062E-01, 2.664734E-04 
9.333501E+00, 1.464684E-06 
4.015576E+00, 2.092269E-04 
8.757310E+00, 1.159260E-05 
2.801400E+00, 2.161177E-04 
9.376151E+00, 2.221320E-06 
1.697980E+00, 4.846546E-04 
2.212352E+00, 2.878469E-04 
9.006644E-01, 2.876080E-04 
5.601818E+00, 6.114125E-05 
5.832691E-01, 5.986791E-04 
4.178136E+00, 1.923973E-04 
8.626015E+00, 1.160668E-05 
5.235890E+00, 4.697196E-05 
3.678863E+00, 1.122958E-04 
6.904996E+00, 3.966128E-05 
1.598973E+00, 2.921438E-04 
7.825274E+00, 1.654861E-05 
9.278797E+00, 1.140721E-06 
9.450438E+00, 1.916884E-06 
1.137277E+00, 4.557791E-04 
9.727512E+00, 7.632317E-07 
9.869811E+00, 1.199297E-06 
3.618157E+00, 2.474810E-04 
1.893540E+00, 4.433502E-04 
6.990828E+00, 4.098163E-05 
1.595989E+00, 3.970569E-04 
2.781807E+00, 2.544289E-04 
8.851235E+00, 1.086426E-05 
6.291455E+00, 3.575190E-05 
8.204048E+00, 5.313870E-06 
6.168388E-01, 3.060109E-04 
1.628183E+00, 3.185622E-04 
3.082442E+00, 1.831675E-04 
8.857656E+00, 1.099922E-05 
7.737716E+00, 1.981454E-05 
2.090270E+00, 3.531115E-04 
7.288803E+00, 3.862564E-05 
4.241112E+00, 1.917539E-04 
5.012379E+00, 1.072459E-04 
1.762875E+00, 2.535287E-04 
3.251446E+00, 1.640597E-04 
1.330786E+00, 3.737506E-04 
5.935873E+00, 8.400217E-05 
7.157911E+00, 2.270386E-05 
3.587277E+00, 1.326066E-04 
7.889774E-01, 3.783593E-05 
2.920736E-01, 4.957426E-04 
8.995559E+00, 3.865120E-06 
3.528462E+00, 2.062828E-04 
9.678454E+00, 1.151299E-06 
2.151388E+00, 2.385504E-04 
6.860787E+00, 3.560189E-05 
3.239737E-01, 3.256629E-04 
2.229888E+00, 2.865288E-04 
1.534971E+00, 2.293249E-04 
6.039541E+00, 6.502678E-05 
1.961044E+00, 2.408881E-04 
9.597656E+00, 2.244532E-06 
3.786808E+00, 1.994643E-04 
6.790221E+00, 7.607641E-05 
7.873837E+00, 1.308524E-05 
7.648371E-01, 3.584493E-04 
2.737109E+00, 2.703780E-04 
4.589047E+00, 9.364381E-05 
8.702348E-01, 2.908162E-04 
2.670646E+00, 2.208376E-04 
5.476804E+00, 8.753113E-05 
7.182409E-01, 5.153981E-04 
6.434596E-01, 2.240235E-04 
8.418665E+00, 8.802902E-06 
5.720385E+00, 8.826463E-05 
4.433920E+00, 1.838445E-04 
2.289902E+00, 3.821463E-04 
8.299768E+00, 6.307764E-06 
7.767957E+00, 1.424857E-05 
6.866463E+00, 3.449713E-05 
5.402455E+00, 7.432597E-05 
9.876983E-01, 2.986916E-04 
9.844898E+00, 5.611329E-07 
7.881247E+00, 1.437599E-05 
7.473005E+00, 1.463897E-05 
9.519977E+00, 2.064382E-06 
3.030976E+00, 1.832065E-04 
2.227876E+00, 4.748882E-04 
8.101327E-01, 1.908644E-05 
7.207598E+00, 2.228926E-05 
4.198271E+00, 1.101489E-04 
5.002832E+00, 1.024949E-04 
7.033338E+00, 2.673812E-05 
9.488844E+00, 4.327359E-06 
5.325145E+00, 1.448325E-04 
1.588117E+00, 3.092836E-04 
1.504274E+00, 3.837804E-04 
2.974240E+00, 1.571333E-04 
3.371198E+00, 3.650682E-04 
2.754930E+00, 1.563039E-04 
8.457409E+00, 1.329056E-05 
6.075790E-01, 4.869633E-04 
3.239410E-01, 3.863370E-04 
3.676306E+00, 1.798185E-04 
7.270396E+00, 3.456653E-05 
6.757570E+00, 5.088817E-05 
8.238286E+00, 5.696802E-06 
9.486303E+00, 1.390668E-06 
9.609040E+00, 5.503025E-07 
3.834247E+00, 1.681611E-04 
9.765760E+00, 8.353325E-07 
5.170899E+00, 9.752485E-05 
8.259988E+00, 5.997229E-06 
9.090398E+00, 3.566061E-06 
6.836090E+00, 6.858285E-05 
9.983904E+00, 9.650332E-07 
7.241731E+00, 4.021325E-05 
9.014559E+00, 3.656497E-06 
1.014845E+01, 9.214526E-07 
4.735468E+00, 1.613342E-04 
2.270674E-01, 3.802612E-04 
8.673639E+00, 8.241718E-06 
8.655317E+00, 1.344293E-05 
4.391821E+00, 7.578546E-05 
4.645712E-01, 4.501683E-04 
2.527276E+00, 3.817560E-04 
1.169213E+00, 3.998443E-04 
4.704481E+00, 1.183273E-04 
6.234227E+00, 5.815975E-05 
5.609765E-01, 3.678489E-04 
2.179137E+00, 3.425891E-04 
7.283467E+00, 2.518079E-05 
6.639162E+00, 3.592086E-05 
4.051113E-02, 3.924877E-04 
8.120768E+00, 6.725131E-06 
2.361754E+00, 2.553021E-04 
1.098063E+00, 2.293352E-04 
4.371699E+00, 3.365858E-04 
8.271900E+00, 5.997229E-06 
5.919489E+00, 3.575190E-05 
2.724235E+00, 3.960385E-04 
8.362871E-01, 5.237980E-04 
9.677937E+00, 8.353325E-07 
6.085788E-01, 2.592690E-04 
6.365994E+00, 3.724722E-05 
2.438131E+00, 3.350800E-04 
3.677854E+00, 2.077966E-04 
6.220576E+00, 6.527281E-05 
6.843097E-01, 2.857394E-04 
1.060788E+00, 5.154981E-04 
1.006938E+00, 2.954205E-04 
1.739726E+00, 3.079435E-04 
4.325807E+00, 1.989376E-04 
3.382063E+00, 1.727107E-04 
9.347020E+00, 3.243347E-06 
8.127777E-01, 5.177493E-04 
6.655306E+00, 8.465981E-05 
9.406967E+00, 2.581400E-06 
3.351143E+00, 1.956061E-04 
4.411891E+00, 1.319958E-04 
8.754534E+00, 7.287207E-06 
7.594246E+00, 2.657219E-05 
-5.931231E-01, 1.503428E-02 
3.216941E+00, 1.478229E-04 
1.933988E+00, 4.228701E-04 
3.985739E+00, 1.106772E-04 
1.003253E+01, 9.548218E-07 
4.105590E+00, 2.029686E-04 
1.951926E+00, 3.531115E-04 
7.230333E+00, 2.637161E-05 
2.641881E+00, 2.660085E-04 
7.447801E+00, 2.179862E-05 
3.530952E+00, 1.485594E-04 
9.052299E+00, 7.681037E-06 
8.065414E+00, 6.385052E-06 
6.474339E+00, 1.055980E-04 
1.024609E+00, 3.841590E-04 
3.785114E+00, 1.727107E-04 
3.983275E+00, 1.088786E-04 
7.739605E+00, 1.225473E-05 
7.191942E+00, 2.021770E-05 
6.646126E+00, 7.626285E-05 
2.569838E+00, 2.418536E-04 
5.366493E+00, 9.892332E-05 
4.938786E+00, 1.446285E-04 
4.926448E+00, 7.432597E-05 
6.195913E-01, 1.499959E-04 
2.802195E+00, 2.646405E-04 
7.466956E+00, 3.954162E-05 
7.146169E+00, 5.461213E-05 
5.550779E+00, 9.796147E-05 
5.963189E+00, 7.611249E-05 
1.830711E-01, 2.035672E-04 
6.200975E+00, 4.424732E-05 
1.085775E+01, 7.333087E-07 
9.709383E+00, 1.278563E-06 
4.021140E+00, 1.753755E-04 
8.824106E+00, 1.352978E-05 
7.701973E+00, 1.255369E-05 
7.611123E+00, 2.120335E-05 
1.218797E+00, 4.236814E-04 
9.050917E+00, 6.072677E-06 
1.549304E+00, 4.542210E-04 
1.962248E+00, 4.027474E-04 
7.997385E+00, 1.093172E-05 
9.076781E+00, 4.433883E-06 
9.647067E+00, 1.145052E-06 
8.992787E-01, 4.545065E-04 
9.034430E-01, 4.831139E-04 
5.673592E+00, 7.549399E-05 
9.706111E+00, 9.650332E-07 
2.625136E+00, 1.707791E-04 
7.909694E+00, 1.267089E-05 
6.922106E+00, 3.674360E-05 
9.649458E+00, 1.247368E-06 
1.056445E+00, 4.603276E-04 
8.484140E-01, 5.506384E-04 
1.184004E+00, 2.948253E-04 
4.807466E+00, 7.464317E-05 
3.203401E+00, 2.224554E-04 
7.748575E+00, 1.186170E-05 
4.624701E+00, 1.383621E-04 
1.012147E+01, 5.099052E-07 
7.229482E+00, 1.340001E-05 
8.108135E+00, 1.304775E-05 
2.548047E+00, 3.098794E-04 
1.719014E+00, 3.270556E-04 
4.565867E+00, 1.171992E-04 
3.555495E+00, 2.194687E-04 
8.263292E+00, 9.719683E-06 
9.625044E+00, 1.621948E-06 
3.786991E+00, 1.237869E-04 
1.509297E-01, 2.709708E-04 
5.961042E+00, 1.332469E-04 
5.238579E+00, 8.826411E-05 
4.340791E+00, 1.458627E-04 
6.953238E+00, 1.998109E-05 
8.922596E+00, 3.592909E-06 
6.740590E-01, 3.841344E-04 
3.734893E+00, 1.518395E-04 
3.049040E+00, 2.190338E-04 
9.449385E+00, 2.452113E-06 
8.246943E+00, 9.476962E-06 
1.001179E+00, 4.549291E-04 
8.755242E+00, 7.212116E-06 
5.533859E+00, 5.843091E-05 
2.865624E+00, 4.622118E-04 
9.450969E+00, 2.512610E-06 
1.082596E+00, 4.209336E-04 
4.323045E+00, 1.867706E-04 
8.054632E+00, 1.371929E-05 
2.757085E+00, 3.815600E-04 
7.004455E+00, 4.358860E-05 
3.751122E+00, 1.609074E-04 
5.607062E+00, 1.154485E-04 
4.471860E+00, 9.336621E-05 
5.268400E-01, 3.496243E-04 
2.095399E+00, 3.104138E-04 
9.653945E+00, 1.683759E-06 
2.057593E+00, 1.194448E-04 
3.973975E+00, 1.703574E-04 
3.641317E+00, 2.210300E-04 
7.655206E+00, 2.215007E-05 
9.050205E+00, 2.834844E-06 
7.230629E+00, 2.485095E-05 
3.372301E+00, 1.838773E-04 
3.529273E+00, 1.290053E-04 
1.522107E+00, 2.284135E-04 
1.369902E+00, 2.848869E-04 
7.341596E+00, 2.134511E-05 
7.301231E+00, 2.484279E-05 
2.403662E+00, 2.875217E-04 
1.069506E+01, 7.276010E-07 
3.389496E+00, 2.758969E-04 
9.425434E+00, 2.288014E-06 
2.239897E+00, 3.491272E-04 
3.589319E+00, 2.057065E-04 
2.267954E+00, 4.534677E-04 
5.521233E+00, 5.362752E-05 
2.919760E+00, 3.014230E-04 
6.745770E+00, 6.427227E-05 
5.727576E+00, 8.631977E-05 
5.207159E+00, 5.518017E-05 
6.879379E-01, 4.248829E-04 
2.175598E+00, 4.336556E-04 
4.683163E-01, 5.875852E-04 
5.368873E+00, 7.600130E-05 
9.788815E+00, 4.987447E-07 
1.916512E+00, 4.112747E-04 
3.508010E+00, 3.164766E-04 
1.240443E+00, 5.089172E-04 
8.081134E-01, 5.512793E-04 
9.165744E-01, 2.986916E-04 
6.971139E+00, 3.665616E-05 
2.376461E+00, 2.645115E-04 
3.467034E+00, 1.694951E-04 
5.657695E+00, 6.848533E-05 
3.745831E+00, 1.793230E-04 
7.545489E+00, 1.417176E-05 
7.674278E+00, 2.201429E-05 
4.531316E+00, 9.569581E-05 
7.662951E+00, 1.981454E-05 
9.342728E+00, 3.634123E-06 
9.433131E+00, 2.469617E-06 
7.271815E+00, 2.559547E-05 
6.589865E+00, 5.760487E-05 
7.856901E+00, 1.494147E-05 
9.741665E+00, 1.289778E-06 
6.577204E+00, 4.283089E-05 
7.750070E+00, 2.237163E-05 
6.414113E+00, 5.815975E-05 
8.081227E+00, 1.172011E-05 
8.035131E+00, 3.685875E-06 
3.593904E+00, 2.095631E-04 
6.372596E+00, 6.057741E-05 
5.855948E+00, 6.916979E-05 
3.870655E+00, 1.695430E-04 
3.658601E+00, 1.417144E-04 
8.520136E+00, 1.407326E-05 
1.667963E+00, 3.158319E-04 
5.200866E+00, 7.392119E-05 
1.476533E+00, 4.783922E-04 
8.239898E+00, 5.611866E-06 
9.510777E+00, 3.956968E-06 
9.249911E+00, 3.397551E-06 
9.348207E+00, 2.586758E-06 
4.978885E+00, 8.218378E-05 
5.507596E+00, 8.904028E-05 
9.047521E+00, 2.955636E-06 
8.467374E+00, 6.570488E-06 
6.574180E+00, 3.984553E-05 
8.973552E-01, 4.209336E-04 
5.798972E+00, 6.640287E-05 
7.227781E+00, 3.033233E-05 
6.570796E+00, 3.396124E-05 
1.024908E+00, 2.750496E-04 
4.981628E+00, 1.701668E-04 
1.491037E+00, 3.304681E-04 
2.536653E+00, 3.255836E-04 
6.376658E+00, 3.314863E-05 
1.381242E+00, 3.802355E-04 
5.644823E+00, 1.015635E-04 
9.613042E+00, 2.927811E-06 
1.601776E+00, 2.822984E-04 
7.055260E+00, 2.722927E-05 
7.276351E+00, 2.202701E-05 
4.065104E+00, 1.549363E-04 
8.737930E+00, 7.972365E-06 
8.775692E+00, 9.369288E-06 
2.120052E+00, 2.551666E-04 
2.191250E+00, 3.846443E-04 
1.571459E+00, 3.973472E-04 
7.058096E+00, 3.943434E-05 
4.890847E+00, 1.060810E-04 
1.281471E+00, 2.806580E-04 
2.328076E+00, 4.884976E-04 
2.001222E+00, 2.886334E-04 
7.032858E+00, 4.231966E-05 
8.596754E+00, 1.038926E-05 
9.292363E+00, 3.090829E-06 
6.883118E+00, 7.066032E-05 
1.747246E+00, 4.851688E-04 
2.382069E+00, 4.417819E-04 
6.209914E+00, 9.336078E-05 
9.082099E+00, 4.796522E-06 
5.981511E+00, 9.628335E-05 
7.737263E+00, 1.247029E-05 
8.872768E+00, 9.273070E-06 
5.599991E+00, 9.587874E-05 
5.613805E+00, 1.144986E-04 
4.086411E+00, 1.913733E-04 
2.766470E+00, 1.831675E-04 
7.382625E+00, 3.764019E-05 
8.454696E+00, 9.749095E-06 
8.923325E+00, 3.860133E-06 
1.161640E+00, 3.589645E-04 
5.601461E+00, 4.529484E-05 
1.785052E+00, 4.087411E-04 
8.114911E+00, 1.736726E-05 
6.016820E+00, 4.593164E-05 
7.337797E+00, 3.477220E-05 
9.272469E+00, 3.812979E-06 
4.386355E+00, 1.282209E-04 
1.863700E+00, 2.862391E-04 
6.561849E-01, 3.296951E-04 
7.079708E+00, 2.180060E-05 
8.349950E+00, 6.143077E-06 
5.364355E+00, 5.298644E-05 
7.997801E+00, 1.846518E-05 
2.058848E+00, 3.539230E-04 
8.736456E+00, 2.874324E-06 
5.417282E+00, 6.145005E-05 
1.197688E+00, 5.105224E-04 
3.202937E+00, 1.810681E-04 
8.590511E+00, 7.287207E-06 
6.656710E+00, 5.170691E-05 
3.575028E+00, 2.324551E-04 
3.501966E+00, 2.083744E-04 
5.446244E+00, 1.258746E-04 
2.555409E+00, 2.079480E-04 
3.144109E+00, 3.422147E-04 
5.571781E+00, 6.442002E-05 
6.559508E+00, 2.999581E-05 
1.763778E+00, 5.015983E-04 
7.896526E+00, 1.342074E-05 
6.646253E+00, 7.257104E-05 
3.759396E+00, 2.727446E-04 
4.755094E+00, 9.019323E-05 
9.293197E+00, 7.576649E-06 
4.282342E+00, 2.519861E-04 
1.290336E+00, 2.863765E-04 
-2.291938E-02, 4.798818E-04 
1.296970E+00, 3.330110E-04 
7.500834E+00, 2.004677E-05 
8.271355E+00, 9.958343E-06 
5.237011E+00, 8.845193E-05 
5.294021E+00, 9.950715E-05 
4.419856E+00, 1.728722E-04 
5.168005E-01, 4.501683E-04 
4.340882E+00, 2.480116E-04 
7.263198E+00, 4.632711E-05 
7.547952E+00, 1.225473E-05 
5.519568E+00, 8.465514E-05 
5.673000E+00, 7.054461E-05 
6.697164E+00, 5.999179E-05 
8.523792E+00, 1.033859E-05 
6.628577E+00, 1.967879E-05 
5.574952E-01, 5.304500E-04 
3.412938E+00, 2.129761E-04 
7.192955E+00, 2.117421E-05 
1.002407E+00, 4.841903E-04 
9.540594E+00, 3.209366E-06 
2.795825E+00, 3.128896E-04 
2.216749E+00, 2.998172E-04 
4.965895E+00, 1.313242E-04 
2.419610E+00, 3.647256E-04 
9.645230E+00, 8.262985E-07 
2.969894E+00, 2.482321E-04 
6.102254E+00, 1.227366E-04 
4.925741E+00, 1.159739E-04 
6.294153E-01, 3.382822E-04 
2.063581E+00, 2.292664E-04 
8.091347E+00, 1.308004E-05 
3.378406E+00, 8.709791E-05 
4.809784E+00, 1.390422E-04 
5.489571E+00, 5.956791E-05 
3.938468E+00, 1.589475E-04 
6.692894E+00, 3.078623E-05 
1.385626E+00, 5.590590E-04 
1.633951E+00, 3.379392E-04 
1.757719E+00, 3.175868E-04 
6.385552E+00, 3.336101E-05 
1.204341E+00, 3.282163E-04 
3.198772E+00, 3.464901E-04 
6.310375E+00, 5.632264E-05 
4.342969E+00, 1.369415E-04 
2.644829E+00, 3.425903E-04 
6.129419E+00, 5.348016E-05 
1.855863E+00, 2.285296E-04 
6.672638E+00, 5.385721E-05 
4.256737E+00, 1.244239E-04 
7.916864E+00, 1.703095E-05 
6.194023E+00, 4.915488E-05 
-6.379881E-01, 1.328118E-02 
9.012744E+00, 2.644574E-06 
1.845731E+00, 2.945804E-04 
8.429659E+00, 5.582454E-06 
6.455086E-01, 4.292858E-04 
2.264883E+00, 4.030672E-04 
7.807925E+00, 1.634897E-05 
8.436790E-01, 3.997567E-04 
7.584241E+00, 1.972600E-05 
1.519863E-01, 3.056657E-04 
4.737084E+00, 1.050274E-04 
9.014490E-01, 4.633221E-04 
2.765053E+00, 1.440902E-04 
5.011181E+00, 1.216346E-04 
9.186067E+00, 4.563146E-06 
3.101426E+00, 2.134568E-04 
1.423232E+00, 4.882253E-04 
1.474236E+00, 2.708800E-04 
5.361124E+00, 9.063055E-05 
1.985805E+00, 6.367587E-04 
9.076698E+00, 5.885803E-06 
4.878823E+00, 9.867508E-05 
3.314003E+00, 3.970938E-04 
7.097294E+00, 3.973966E-05 
-1.377494E-01, 3.281071E-04 
4.640629E+00, 1.393837E-04 
4.003020E+00, 1.849384E-04 
1.388240E+00, 4.809133E-04 
4.017872E+00, 1.247010E-04 
8.888591E+00, 9.444610E-06 
3.315343E+00, 2.314636E-04 
6.539087E+00, 4.137675E-05 
4.135080E+00, 1.723999E-04 
2.581979E+00, 3.368901E-04 
3.098708E+00, 2.557960E-04 
8.064108E+00, 1.940996E-05 
3.869455E+00, 2.316596E-04 
5.177754E+00, 1.048098E-04 
2.024836E+00, 4.509687E-04 
8.356410E+00, 1.933241E-05 
7.793571E+00, 1.280454E-05 
3.739682E+00, 1.713370E-04 
6.833251E+00, 1.998109E-05 
6.304184E-01, 3.327486E-04 
5.476246E+00, 6.728076E-05 
7.087835E+00, 2.844630E-05 
-3.638241E-01, 1.202860E-02 
7.263879E+00, 4.678785E-05 
4.772650E+00, 1.239458E-04 
6.236328E+00, 3.619970E-05 
9.116738E+00, 7.607312E-06 
5.667543E+00, 6.175806E-05 
4.319147E+00, 1.048696E-04 
9.290482E+00, 2.677499E-06 
3.498921E-01, 4.275125E-04 
3.482922E+00, 1.786998E-04 
3.729318E-02, 1.642706E-04 
6.029293E+00, 5.893893E-05 
8.094928E-01, 3.997567E-04 
1.844315E+00, 3.895875E-04 
1.982646E+00, 4.598539E-04 
7.598024E+00, 2.366274E-05 
2.982272E+00, 2.449645E-04 
2.641407E+00, 2.435462E-04 
5.527798E+00, 7.669483E-05 
2.043452E+00, 5.556696E-04 
1.509139E+00, 5.624241E-04 
4.424412E+00, 1.721622E-04 
8.183635E+00, 2.144909E-05 
5.817382E+00, 6.827542E-05 
2.276803E+00, 2.831937E-04 
2.901646E+00, 1.790053E-04 
4.604511E+00, 8.950422E-05 
3.112188E-01, 6.423464E-04 
2.863582E+00, 2.407151E-04 
1.348140E-01, 4.595861E-04 
6.287962E+00, 4.600752E-05 
5.798518E+00, 5.833957E-05 
7.902084E+00, 2.004677E-05 
4.433744E+00, 1.106772E-04 
1.009953E+01, 6.482117E-07 
4.485463E+00, 1.734368E-04 
8.668072E+00, 7.583955E-06 
6.888366E+00, 6.660283E-05 
5.218538E+00, 8.212419E-05 
2.549656E+00, 5.493211E-04 
8.737774E+00, 6.582710E-06 
4.285059E+00, 1.840236E-04 
4.195065E+00, 1.802376E-04 
8.488986E+00, 9.240123E-06 
8.357974E+00, 5.712197E-06 
-2.610544E+00, 1.863459E-02 
6.215468E-01, 5.026251E-04 
9.410131E+00, 1.758865E-06 
5.012587E+00, 1.086850E-04 
1.073832E+00, 3.701129E-04 
8.282643E-01, 4.501683E-04 
7.301752E+00, 3.197910E-05 
1.846305E+00, 2.943698E-04 
5.266920E+00, 7.976263E-05 
4.130939E-01, 3.056324E-04 
7.714891E+00, 2.333632E-05 
2.539752E+00, 2.830739E-04 
7.254381E+00, 4.526554E-05 
8.914386E+00, 4.019622E-06 
3.198350E+00, 2.792095E-04 
6.129318E+00, 6.937712E-05 
4.244979E+00, 1.543490E-04 
2.614022E+00, 2.806655E-04 
6.354554E+00, 6.881338E-05 
2.038329E+00, 3.104138E-04 
4.150558E-01, 4.858188E-04 
5.703560E+00, 6.309621E-05 
4.313591E-01, 2.035393E-05 
5.696964E+00, 9.600017E-05 
5.279809E+00, 1.238825E-04 
4.413251E+00, 2.473080E-04 
4.220956E+00, 1.695199E-04 
4.277211E+00, 9.232259E-05 
2.366685E+00, 2.889906E-04 
6.554257E+00, 4.859779E-05 
1.352507E+00, 3.678074E-04 
9.622956E+00, 1.681891E-06 
2.193765E+00, 2.571208E-04 
7.345085E+00, 2.559008E-05 
1.389997E+00, 4.559329E-04 
5.788479E+00, 9.117140E-05 
9.174484E+00, 3.017415E-06 
7.145274E+00, 4.194243E-05 
4.674521E+00, 1.018539E-04 
1.333403E+00, 2.443070E-04 
7.894805E+00, 1.118632E-05 
-8.321508E+00, 1.541315E-02 
5.103991E+00, 1.235887E-04 
2.316238E+00, 3.244235E-04 
7.071403E+00, 4.431179E-05 
3.725655E+00, 2.062465E-04 
1.451858E+00, 3.869396E-04 
1.600852E-01, 4.186898E-04 
4.443626E+00, 1.047303E-04 
7.874657E+00, 1.480688E-05 
3.891575E+00, 2.524680E-04 
7.605117E+00, 1.426424E-05 
7.401874E+00, 2.348680E-05 
6.710542E+00, 4.435953E-05 
1.266796E+00, 3.623904E-04 
3.068462E+00, 1.805048E-04 
9.125015E+00, 9.239135E-06 
3.943931E+00, 1.536243E-04 
6.341708E+00, 5.832914E-05 
2.937093E+00, 1.905905E-04 
3.746232E+00, 1.783409E-04 
7.831582E+00, 1.118632E-05 
7.214479E+00, 2.898807E-05 
3.642919E+00, 1.389191E-04 
6.423064E+00, 5.339353E-05 
8.880159E+00, 8.108111E-06 
5.981897E+00, 7.545983E-05 
6.712442E+00, 3.732680E-05 
5.882526E+00, 5.828006E-05 
9.333009E+00, 3.798486E-06 
3.236083E+00, 2.138274E-04 
5.231730E+00, 9.557832E-05 
2.277384E+00, 4.676567E-04 
2.296483E-01, 1.891430E-04 
5.537355E+00, 6.154042E-05 
5.522484E+00, 8.732495E-05 
4.166068E-01, 3.966399E-04 
9.430249E+00, 1.646885E-06 
9.408118E+00, 2.423092E-06 
2.927714E+00, 1.821096E-04 
1.115219E+00, 3.440563E-04 
9.518235E+00, 2.527814E-06 
3.558963E-01, 1.693567E-05 
8.524131E+00, 9.117627E-06 
6.163672E+00, 4.593053E-05 
5.233109E+00, 1.147956E-04 
6.177492E+00, 4.363094E-05 
7.368900E+00, 2.417873E-05 
8.244826E+00, 4.065528E-06 
3.323446E+00, 2.100132E-04 
5.620402E+00, 5.557465E-05 
9.552419E+00, 3.142474E-06 
7.263862E+00, 5.191250E-05 
1.772240E+00, 3.519078E-04 
1.456131E+00, 2.932670E-04 
5.308573E+00, 1.013331E-04 
1.655030E+00, 4.829370E-04 
3.366644E+00, 1.446749E-04 
7.863178E+00, 1.797874E-05 
6.910304E+00, 2.845838E-05 
9.711659E+00, 7.996860E-07 
7.985081E+00, 1.437599E-05 
5.637531E+00, 8.300195E-05 
7.000006E+00, 3.484672E-05 
5.120484E+00, 5.252606E-05 
3.174834E+00, 2.389571E-04 
2.374517E+00, 3.146476E-04 
4.183935E+00, 1.411574E-04 
1.783526E+00, 2.490470E-04 
8.078657E+00, 1.775452E-05 
7.689608E-01, 4.209336E-04 
2.434852E+00, 2.649143E-04 
2.732304E-01, 4.209336E-04 
3.491110E+00, 2.412470E-04 
4.796009E-01, 3.153848E-04 
9.419305E+00, 2.565729E-06 
5.160384E-01, 3.256629E-04 
3.926557E+00, 1.411574E-04 
2.547653E+00, 2.343578E-04 
8.292978E+00, 1.083705E-05 
2.888144E+00, 1.728985E-04 
3.760462E+00, 2.279706E-04 
3.722215E+00, 2.873728E-04 
4.676328E+00, 1.576924E-04 
4.221366E+00, 3.017239E-04 
1.266994E+00, 3.471783E-04 
4.798562E+00, 1.064357E-04 
9.532345E+00, 2.566399E-06 
1.065815E+00, 7.971885E-04 
6.540228E+00, 4.629144E-05 
3.757696E+00, 1.925260E-04 
4.593805E-01, 5.423397E-04 
7.764173E+00, 1.221853E-05 
2.539621E+00, 3.929229E-04 
4.475531E-01, 4.219905E-04 
3.017494E+00, 2.641883E-04 
3.289382E-01, 4.203000E-04 
7.357623E+00, 2.104879E-05 
7.769506E+00, 2.587455E-05 
1.346994E+00, 4.577030E-04 
6.313656E+00, 6.027690E-05 
5.993423E+00, 6.723369E-05 
6.791823E+00, 2.484279E-05 
4.260353E+00, 1.101489E-04 
6.581915E+00, 4.923840E-05 
7.543256E+00, 1.054866E-05 
7.634671E+00, 2.180060E-05 
6.974410E+00, 3.205827E-05 
5.223858E+00, 8.820470E-05 
6.908752E+00, 5.109703E-05 
9.001854E-01, 2.934853E-04 
7.898442E+00, 1.404149E-05 
2.132220E+00, 5.009767E-04 
5.580785E+00, 6.442002E-05 
5.400121E+00, 6.907579E-05 
8.219605E+00, 7.395018E-06 
2.087716E+00, 3.583967E-04 
9.317339E+00, 3.912088E-06 
7.933840E+00, 2.077270E-05 
4.509044E-01, 5.016821E-04 
2.669043E+00, 2.127132E-04 
3.534055E+00, 1.707417E-04 
6.732462E+00, 2.434182E-05 
3.967902E+00, 1.728722E-04 
1.018735E-01, 6.070046E-04 
2.268934E+00, 2.865288E-04 
2.985280E+00, 1.648486E-04 
1.003273E+00, 2.999919E-04 
3.809295E+00, 2.022349E-04 
2.132506E+00, 2.299448E-04 
4.356953E+00, 1.906753E-04 
4.316097E+00, 1.472156E-04 
8.983618E+00, 4.773239E-06 
5.989374E+00, 6.792248E-05 
6.640048E+00, 3.567768E-05 
8.890940E+00, 8.310018E-06 
9.292164E+00, 3.616970E-06 
6.060728E+00, 6.470099E-05 
9.143131E+00, 3.061036E-06 
5.924634E+00, 9.543206E-05 
3.970731E+00, 1.491494E-04 
5.175319E+00, 1.566180E-04 
1.673512E+00, 2.979161E-04 
3.146286E+00, 3.695004E-04 
4.839223E+00, 1.234318E-04 
9.788274E+00, 1.222390E-06 
1.246119E+00, 4.133479E-04 
2.752241E+00, 3.768072E-04 
-1.290600E+00, 1.829931E-02 
4.815608E-01, 4.556938E-04 
9.239422E+00, 3.436963E-06 
5.935459E+00, 1.441548E-04 
6.040507E+00, 8.944912E-05 
5.630838E-01, 4.577030E-04 
8.515652E+00, 8.919091E-06 
1.469509E+00, 3.583312E-04 
9.220299E+00, 2.905913E-06 
6.937436E+00, 3.551745E-05 
8.516056E+00, 5.846484E-06 
6.417527E+00, 5.580304E-05 
1.646678E-01, 1.090687E-04 
3.991665E+00, 1.159739E-04 
1.027041E+01, 1.100798E-06 
4.590547E+00, 9.131558E-05 
5.764882E-01, 4.549291E-04 
2.806388E+00, 2.061363E-04 
2.015898E+00, 4.904979E-04 
8.425888E+00, 9.267998E-06 
1.555338E+00, 4.706711E-04 
3.059551E+00, 2.019620E-04 
1.001933E+01, 8.956659E-07 
1.489274E+00, 3.191789E-04 
4.755785E+00, 1.152782E-04 
2.404681E+00, 3.163894E-04 
3.861621E+00, 1.753755E-04 
9.713900E+00, 2.106453E-06 
7.340671E-01, 4.957554E-04 
7.184827E+00, 2.220535E-05 
3.409586E+00, 3.015506E-04 
6.107004E+00, 5.833957E-05 
4.845375E+00, 1.230064E-04 
3.863941E+00, 1.713858E-04 
3.412442E+00, 1.227614E-04 
3.524637E+00, 1.297400E-04 
4.077403E+00, 2.466576E-04 
7.363001E+00, 1.603641E-05 
1.046157E+00, 4.854657E-04 
7.792125E+00, 1.788986E-05 
3.782716E-01, 4.480471E-04 
3.615995E+00, 2.259721E-04 
3.891784E+00, 1.703574E-04 
8.959436E+00, 2.354915E-06 
9.917288E+00, 3.309115E-06 
7.038157E+00, 2.731660E-05 
6.552405E-01, 3.327486E-04 
1.825810E+00, 3.907747E-04 
3.027300E+00, 3.593141E-04 
6.771560E+00, 6.802979E-05 
1.769945E+00, 3.726408E-04 
7.912959E+00, 2.193100E-05 
2.519778E+00, 2.057555E-04 
1.677473E+00, 2.317652E-04 
8.096574E+00, 1.343335E-05 
1.994417E+00, 1.989603E-04 
9.029972E+00, 4.139894E-06 
5.305862E+00, 6.505047E-05 
6.816693E+00, 3.660658E-05 
6.762361E+00, 2.595502E-05 
4.149559E+00, 1.338986E-04 
4.122346E+00, 2.183714E-04 
7.507944E+00, 2.394978E-05 
1.525910E+00, 5.637620E-04 
5.389043E+00, 7.498458E-05 
4.926619E-01, 8.051196E-05 
1.351084E+00, 2.533230E-04 
7.627956E+00, 1.807148E-05 
5.130933E-01, 4.949733E-04 
9.178731E+00, 3.407232E-06 
4.360611E+00, 1.790471E-04 
1.742166E+00, 3.032664E-04 
7.905392E+00, 2.050173E-05 
2.624238E+00, 3.606182E-04 
1.228391E+00, 4.460604E-04 
8.890281E+00, 7.448584E-06 
8.138438E+00, 6.479423E-06 
6.427267E+00, 5.695611E-05 
5.650841E+00, 5.255753E-05 
3.982892E+00, 1.604640E-04 
5.305576E+00, 5.732135E-05 
1.039897E+01, 1.036132E-06 
9.098793E+00, 3.662244E-06 
5.329647E+00, 5.705107E-05 
8.781799E+00, 8.961970E-06 
7.027830E+00, 1.268625E-05 
1.264595E+00, 2.798772E-04 
1.666127E+00, 4.627010E-04 
7.234903E+00, 3.187767E-05 
8.738365E+00, 7.039687E-06 
5.947938E+00, 9.808726E-05 
9.864890E+00, 5.716914E-07 
8.498756E+00, 8.644289E-06 
7.674539E+00, 1.594421E-05 
5.541279E+00, 4.414826E-05 
9.490294E+00, 1.830422E-06 
2.997421E+00, 3.035384E-04 
7.614031E-01, 4.501683E-04 
3.481040E-01, 4.108257E-04 
3.410158E+00, 1.565741E-04 
5.366702E+00, 1.287019E-04 
8.196171E+00, 6.155524E-06 
2.669568E+00, 4.090750E-04 
9.878535E+00, 6.581968E-07 
9.358670E+00, 2.146573E-06 
3.660836E+00, 1.284364E-04 
7.753173E+00, 2.844468E-05 
9.283574E+00, 2.448488E-06 
6.429322E+00, 6.435322E-05 
9.676799E+00, 3.312118E-06 
4.193853E-01, 5.033451E-04 
1.256146E+00, 3.612006E-04 
1.070664E+00, 4.479520E-04 
3.518860E+00, 2.016940E-04 
2.009639E+00, 4.055531E-04 
7.896658E+00, 1.257501E-05 
9.351889E+00, 2.603584E-06 
3.871443E+00, 1.242766E-04 
2.779028E+00, 3.482989E-04 
1.005142E+00, 3.358791E-04 
2.168486E+00, 2.859626E-04 
6.484273E+00, 3.975534E-05 
3.796542E-01, 4.556938E-04 
2.177184E+00, 3.676079E-04 
8.270655E+00, 5.793281E-06 
1.551689E+00, 2.984008E-04 
9.336147E+00, 1.447317E-06 
2.283199E-01, 4.152871E-04 
7.302022E+00, 3.783567E-05 
5.055035E+00, 5.044310E-05 
9.164967E+00, 2.534413E-06 
3.610446E+00, 2.606650E-04 
2.318212E+00, 3.785001E-04 
8.891099E+00, 4.447894E-06 
7.992765E-01, 3.202066E-04 
4.993643E+00, 4.601208E-05 
6.973710E+00, 3.611810E-05 
3.129705E+00, 2.318659E-04 
2.289841E+00, 3.831349E-04 
8.596128E+00, 8.994246E-06 
4.742375E+00, 7.535611E-05 
2.059775E-01, 2.145657E-04 
9.290635E+00, 2.750239E-06 
6.840553E+00, 5.075037E-05 
7.880352E+00, 3.529409E-05 
3.071153E+00, 1.948261E-04 
1.160041E+00, 4.690206E-04 
6.251514E+00, 6.995458E-05 
1.394383E+00, 4.787340E-04 
5.358460E+00, 1.273227E-04 
2.764488E+00, 2.958086E-04 
9.091847E-01, 3.849348E-04 
4.615069E+00, 9.929893E-05 
9.332274E-01, 2.805042E-04 
1.030979E+00, 5.688994E-04 
7.444492E+00, 3.246772E-05 
9.136950E+00, 2.642325E-06 
7.574490E+00, 1.267089E-05 
4.266921E+00, 9.830205E-05 
1.623024E+00, 5.306660E-04 
4.667373E+00, 1.033421E-04 
1.436676E+00, 3.261596E-04 
3.628276E+00, 1.122958E-04 
7.821652E+00, 1.806275E-05 
6.354949E+00, 5.075037E-05 
-5.744667E-02, 1.074645E-02 
9.361842E+00, 2.462039E-06 
4.570720E+00, 9.652639E-05 
4.366589E+00, 1.078142E-04 
6.324793E-02, 1.663743E-04 
6.537240E+00, 5.719476E-05 
1.205329E+00, 4.453461E-04 
6.563060E+00, 6.137296E-05 
3.384917E+00, 1.422974E-04 
1.031277E+01, 7.281351E-07 
7.682070E+00, 1.610943E-05 
3.062908E+00, 1.797742E-04 
2.608100E+00, 2.538480E-04 
1.724929E+00, 3.546248E-04 
6.072107E+00, 4.255067E-05 
4.213042E+00, 2.716343E-04 
2.297398E+00, 3.792914E-04 
1.018721E+01, 8.429969E-07 
3.664007E+00, 2.834391E-04 
2.239522E+00, 3.684071E-04 
9.657029E+00, 1.140721E-06 
7.498003E+00, 2.826472E-05 
5.699694E+00, 8.475508E-05 
3.709479E+00, 1.730411E-04 
9.909805E+00, 1.174575E-06 
4.115123E+00, 1.110465E-04 
5.127371E-01, 2.364013E-04 
1.076394E+00, 4.634170E-04 
6.965471E+00, 3.143893E-05 
5.614959E+00, 1.182031E-04 
-6.869729E-01, 1.379565E-02 
5.241595E+00, 8.638646E-05 
4.036184E+00, 1.871244E-04 
5.801508E+00, 8.476396E-05 
5.937622E+00, 7.980870E-05 
2.464670E+00, 2.309320E-04 
7.627979E+00, 3.796360E-05 
6.149384E+00, 5.946564E-05 
1.277313E+00, 4.727205E-04 
9.158792E-01, 4.382163E-04 
9.142845E+00, 3.730252E-06 
8.241278E+00, 3.830061E-06 
3.456020E+00, 8.758716E-05 
9.473641E+00, 1.224244E-06 
7.069786E+00, 2.348680E-05 
-4.979668E+00, 1.755880E-02 
5.456926E+00, 8.672475E-05 
9.850259E-01, 4.806803E-04 
8.655343E+00, 1.462147E-05 
7.322805E+00, 2.334272E-05 
5.358575E+00, 8.658795E-05 
2.776686E+00, 3.228082E-04 
1.444180E+00, 5.645144E-04 
5.439874E+00, 9.377944E-05 
9.949954E+00, 5.716914E-07 
1.038087E+01, 1.005673E-06 
9.291902E-01, 4.209336E-04 
4.217099E+00, 1.480595E-04 
9.258342E+00, 2.700599E-06 
5.119338E+00, 6.273152E-05 
7.098886E+00, 2.848545E-05 
1.097552E+01, 7.739894E-07 
4.972199E+00, 1.241140E-04 
8.247906E+00, 6.641936E-06 
1.809338E+00, 3.512777E-04 
8.626145E+00, 3.981095E-06 
6.783152E+00, 5.991808E-05 
6.741214E+00, 6.356648E-05 
4.865482E-01, 3.556615E-04 
7.633940E+00, 1.313045E-05 
3.261735E+00, 1.279868E-04 
7.851240E+00, 1.186170E-05 
6.546174E-01, 3.850835E-04 
1.807745E+00, 4.656596E-04 
5.793596E+00, 8.261554E-05 
7.288387E+00, 2.415592E-05 
9.323206E+00, 2.084462E-06 
4.694040E+00, 1.079116E-04 
3.738523E+00, 1.350230E-04 
3.586014E+00, 1.949991E-04 
9.157218E+00, 1.447317E-06 
8.250814E+00, 5.793281E-06 
2.275006E+00, 2.837556E-04 
5.939613E+00, 1.323025E-04 
5.485329E+00, 5.549020E-05 
7.527494E+00, 1.591819E-05 
4.300843E+00, 1.295122E-04 
-1.472082E+00, 1.581179E-02 
6.544123E+00, 3.839013E-05 
1.766597E+00, 5.206823E-04 
5.704684E+00, 1.092388E-04 
6.074928E-01, 4.308174E-04 
2.849539E+00, 3.700855E-04 
9.358218E+00, 1.751972E-06 
1.009683E+00, 3.298576E-04 
3.095268E+00, 3.473813E-04 
6.338515E+00, 3.648382E-05 
4.071152E+00, 1.299913E-04 
9.721423E+00, 7.877535E-07 
8.840385E+00, 7.595044E-06 
3.707791E+00, 1.681818E-04 
7.379893E+00, 2.518079E-05 
2.922997E+00, 1.528470E-04 
9.245514E+00, 2.439181E-06 
9.362530E+00, 1.873222E-06 
9.728895E+00, 1.538664E-06 
9.522802E+00, 2.542916E-06 
5.865849E+00, 1.071421E-04 
3.140270E+00, 3.286844E-04 
3.042590E+00, 2.372801E-04 
4.331306E+00, 1.755290E-04 
9.860306E+00, 2.399454E-06 
6.970783E+00, 4.706023E-05 
8.073283E-01, 3.694183E-04 
3.649113E-01, 3.292058E-04 
1.010251E+01, 7.877535E-07 
8.342697E+00, 1.582898E-05 
4.611040E+00, 1.558386E-04 
3.118853E-01, 3.053830E-04 
4.949217E+00, 7.670364E-05 
9.490105E+00, 1.808342E-06 
2.836085E-01, 6.646941E-04 
6.315194E+00, 5.791627E-05 
3.344373E+00, 2.149072E-04 
6.547358E+00, 6.557200E-05 
4.936784E-01, 3.382822E-04 
5.395384E+00, 7.593605E-05 
7.188808E+00, 3.283762E-05 
3.199608E+00, 1.677187E-04 
8.922006E+00, 7.773872E-06 
7.110112E+00, 3.133063E-05 
6.581178E+00, 2.956768E-05 
1.127721E+00, 3.493999E-04 
2.230101E+00, 3.701575E-04 
5.681350E+00, 6.593092E-05 
1.327464E+00, 3.435024E-04 
5.536692E+00, 7.484248E-05 
8.398353E+00, 6.742469E-06 
6.827151E+00, 5.212568E-05 
6.288049E+00, 3.359555E-05 
1.081289E+01, 1.550966E-06 
4.190869E+00, 1.267741E-04 
8.275166E-01, 3.060109E-04 
2.046377E+00, 2.188674E-04 
9.610050E+00, 2.472281E-06 
4.887860E+00, 8.852841E-05 
6.702380E+00, 4.704282E-05 
5.735854E+00, 8.146547E-05 
4.460798E+00, 1.143674E-04 
4.122459E+00, 1.999888E-04 
8.971803E+00, 3.610464E-06 
1.020017E+01, 1.188187E-06 
3.855080E+00, 2.589396E-04 
5.377587E-01, 2.719173E-04 
8.732160E+00, 7.657968E-06 
4.609130E+00, 7.584546E-05 
9.541524E+00, 9.705484E-07 
1.048616E+01, 6.180651E-07 
3.480913E+00, 2.353707E-04 
2.827430E+00, 3.394795E-04 
8.631515E+00, 7.607312E-06 
7.487506E+00, 3.400350E-05 
6.799454E+00, 4.593053E-05 
6.580119E+00, 3.144980E-05 
9.061684E+00, 1.051103E-05 
8.956537E-01, 2.948253E-04 
9.032512E+00, 2.247491E-06 
7.684208E-01, 2.648643E-04 
7.602258E-01, 4.209336E-04 
8.691717E-01, 5.272654E-04 
9.938356E+00, 9.214526E-07 
2.739582E-01, 3.924877E-04 
1.628291E-01, 1.326125E-04 
-4.058535E-02, 2.532792E-04 
-7.885955E-02, 2.462412E-04 
2.166725E-01, 2.104668E-04 
8.907737E+00, 2.977941E-06 
9.173222E+00, 3.566061E-06 
8.156620E-02, 1.663743E-04 
3.002927E-01, 8.467837E-06 
2.094938E-01, 1.642706E-04 
9.028794E+00, 2.626508E-06 
7.708228E-02, 1.326125E-04 
-2.073174E-02, 1.326125E-04 
9.700112E+00, 1.140721E-06 
1.497638E-01, 3.924877E-04 
2.856236E-01, 1.962439E-04 
5.052581E-01, 3.924877E-04 
3.302970E-01, 4.071345E-04 
-2.904693E-04, 3.256629E-04 
-3.702110E-03, 2.844026E-04 
1.467587E-01, 2.405190E-04 
-9.033094E-02, 2.311860E-04 
1.428382E-01, 1.962439E-04 
5.694304E-02, 1.891430E-04 
-8.814935E-02, 1.663743E-04 
2.067531E-01, 1.663743E-04 
-1.087520E-03, 3.316560E-04 
-1.236324E-01, 3.053830E-04 
4.088879E-01, 2.145657E-04 
1.071684E-01, 2.364013E-04 
2.150230E-01, 2.104668E-04 
-2.743120E-03, 2.035672E-04 
5.986168E-01, 3.924877E-04 
1.429037E-01, 1.998106E-04 
2.942691E-01, 1.987511E-04 
8.960187E-03, 1.962439E-04 
1.271317E-01, 3.924877E-04 
2.494330E-02, 1.962439E-04 
3.493365E-01, 3.924877E-04 
2.919623E-01, 3.397234E-04 
6.218646E-01, 3.850835E-04 
7.655411E-01, 3.140667E-04 
6.003040E-01, 3.101308E-04 
6.570504E-01, 3.141791E-04 
8.733533E-01, 2.876080E-04 
9.488951E-01, 2.801161E-04 
1.269723E+00, 3.359257E-04 
1.143819E+00, 3.282163E-04 
1.220247E+00, 2.798772E-04 
1.463832E+00, 2.984008E-04 
1.544422E+00, 3.668405E-04 
1.586387E+00, 2.658666E-04 
1.777077E+00, 2.317652E-04 
1.725782E+00, 2.293249E-04 
1.753514E+00, 2.283416E-04 
1.508760E+00, 2.250367E-04 
1.459757E+00, 2.216526E-04 
1.438590E+00, 2.101783E-04 
1.609374E+00, 2.094642E-04 
2.053454E+00, 2.449752E-04 
2.758471E+00, 1.914692E-04 
2.532928E+00, 1.892007E-04 
2.992102E+00, 2.061363E-04 
2.516024E+00, 1.602459E-04 
2.689573E+00, 1.563039E-04 
2.796353E+00, 1.790053E-04 
2.862013E+00, 1.640597E-04 
2.937389E+00, 1.627717E-04 
3.021494E+00, 1.623600E-04 
2.552114E+00, 1.707791E-04 
3.266520E+00, 1.571333E-04 
2.876640E+00, 1.564977E-04 
2.696166E+00, 1.528470E-04 
2.949728E+00, 1.440902E-04 
2.914438E+00, 2.071455E-04 
3.087571E+00, 2.044493E-04 
3.166026E+00, 2.018034E-04 
3.081008E+00, 1.956181E-04 
3.002250E+00, 1.932605E-04 
3.101777E+00, 2.224554E-04 
3.114318E+00, 2.130586E-04 
2.946896E+00, 1.832065E-04 
3.238605E+00, 1.565741E-04 
3.409161E+00, 1.446749E-04 
3.386229E+00, 1.422974E-04 
3.442633E+00, 1.297400E-04 
3.407417E+00, 1.279868E-04 
3.459049E+00, 1.208724E-04 
3.279766E+00, 1.195825E-04 
3.714006E+00, 1.167558E-04 
3.322732E+00, 1.989217E-04 
3.519189E+00, 1.694951E-04 
3.337102E+00, 1.326066E-04 
3.870261E+00, 1.497460E-04 
4.066669E+00, 1.206062E-04 
3.983208E+00, 1.106358E-04 
3.974773E+00, 1.013881E-04 
3.914375E+00, 1.006267E-04 
3.915459E+00, 1.000047E-04 
3.843199E+00, 9.829810E-05 
3.824113E+00, 9.755439E-05 
4.128940E+00, 8.961161E-05 
4.192048E+00, 1.118409E-04 
4.177427E+00, 1.369415E-04 
4.423700E+00, 1.078142E-04 
4.258986E+00, 1.067833E-04 
4.825179E+00, 1.131255E-04 
4.606276E+00, 8.960039E-05 
4.517059E+00, 8.783825E-05 
4.651828E+00, 8.660689E-05 
4.555727E+00, 8.540839E-05 
4.553686E+00, 7.584546E-05 
4.525083E+00, 7.549535E-05 
4.354867E+00, 1.143674E-04 
4.563849E+00, 1.099115E-04 
4.466181E+00, 1.048022E-04 
4.852314E+00, 1.031283E-04 
4.658044E+00, 1.080324E-04 
4.627236E+00, 1.079116E-04 
4.342893E+00, 9.364381E-05 
5.107655E+00, 7.170371E-05 
5.037170E+00, 6.620738E-05 
5.274190E+00, 6.145005E-05 
5.133993E+00, 5.602584E-05 
5.094129E+00, 5.518017E-05 
5.247315E+00, 5.331061E-05 
5.413574E+00, 7.498458E-05 
5.166608E+00, 7.245704E-05 
5.294390E+00, 5.705107E-05 
5.533935E+00, 5.508155E-05 
5.284642E+00, 5.044310E-05 
5.539439E+00, 4.611609E-05 
4.939109E+00, 4.601208E-05 
5.282158E+00, 6.273152E-05 
5.215849E+00, 6.058253E-05 
5.598134E+00, 7.379620E-05 
5.512234E+00, 7.335157E-05 
5.932219E+00, 6.593092E-05 
5.317954E+00, 5.956791E-05 
5.743051E+00, 5.326355E-05 
5.660910E+00, 6.523587E-05 
6.151255E+00, 5.977980E-05 
6.115059E+00, 4.995371E-05 
6.025164E+00, 4.771594E-05 
6.139991E+00, 4.363094E-05 
6.135979E+00, 4.255067E-05 
6.314485E+00, 5.141559E-05 
6.189353E+00, 3.827579E-05 
6.494646E+00, 3.396124E-05 
6.414749E+00, 3.198278E-05 
6.507986E+00, 3.191059E-05 
5.978914E+00, 3.037331E-05 
5.981635E+00, 2.967252E-05 
6.084024E+00, 2.956768E-05 
6.409010E+00, 4.476453E-05 
6.482337E+00, 4.080800E-05 
6.369571E+00, 3.661691E-05 
6.799413E+00, 1.796043E-05 
6.535209E+00, 3.494557E-05 
6.759801E+00, 4.340261E-05 
6.732707E+00, 3.449897E-05 
6.821957E+00, 3.078623E-05 
6.854511E+00, 2.768148E-05 
6.809081E+00, 2.533010E-05 
6.938684E+00, 2.595502E-05 
7.193821E+00, 2.202701E-05 
7.283970E+00, 2.021770E-05 
7.320912E+00, 1.964226E-05 
7.185974E+00, 1.877769E-05 
7.548524E+00, 1.690659E-05 
7.727887E+00, 1.635942E-05 
7.371178E+00, 1.603641E-05 
7.425118E+00, 1.594421E-05 
7.399847E+00, 1.536877E-05 
7.542887E+00, 1.530810E-05 
7.388693E+00, 1.417176E-05 
7.736563E+00, 1.972600E-05 
7.777544E+00, 1.393326E-05 
6.611938E+00, 1.796043E-05 
7.921391E+00, 1.268945E-05 
7.943277E+00, 1.066511E-05 
7.910991E+00, 1.051435E-05 
8.120301E+00, 9.666206E-06 
8.119651E+00, 1.238017E-05 
8.213969E+00, 7.395018E-06 
8.522262E+00, 8.919091E-06 
2.352462E+00, 7.465300E-06 
2.193267E+00, 7.465300E-06 
2.337431E+00, 1.493060E-05 
2.258936E+00, 1.493060E-05 
2.239344E+00, 1.493060E-05 
2.263008E+00, 1.493060E-05 
2.113330E+00, 1.493060E-05 
2.085793E+00, 1.493060E-05 
2.413676E+00, 7.465300E-06 
2.029660E+00, 7.465300E-06 
9.136354E+00, 4.433883E-06 
9.133126E+00, 2.905913E-06 
9.037416E+00, 2.586758E-06 
9.118299E+00, 2.425868E-06 
9.322360E+00, 3.643832E-06 
9.158992E+00, 2.586758E-06 
9.185189E+00, 2.064382E-06 
9.461173E+00, 2.393760E-06 
9.294175E+00, 2.288014E-06 
9.697272E+00, 1.118815E-06 
9.590160E+00, 6.448891E-07 
9.617448E+00, 8.250567E-07 
9.706982E+00, 7.632317E-07 
9.714238E+00, 7.407692E-07 
9.956707E+00, 6.612568E-07 
9.655200E+00, 6.448891E-07 
9.923051E+00, 6.121219E-07 
9.662921E+00, 1.106057E-06 
9.719145E+00, 9.548218E-07 
1.013348E+01, 8.956659E-07 
9.860749E+00, 6.581968E-07 
9.850614E+00, 4.178581E-07 
1.010888E+01, 3.306284E-07 
1.014210E+01, 5.611329E-07 
9.736700E+00, 4.987447E-07 
9.872104E+00, 4.774109E-07 
1.003974E+01, 4.607263E-07 
1.000507E+01, 4.578215E-07 
9.900504E+00, 4.382251E-07 
9.684961E+00, 4.178581E-07 
9.905303E+00, 4.178581E-07 
1.021120E+01, 3.938740E-07 
1.017625E+01, 3.306284E-07 
1.025380E+01, 3.306284E-07 
1.005453E+01, 3.090352E-07 
9.966293E+00, 2.906135E-07 
