3.170346E+00, 3.062652E-04 
5.850084E+00, 6.572336E-05 
1.700934E+00, 4.237483E-04 
3.507769E+00, 2.175994E-04 
3.737025E-01, 2.316556E-04 
4.221652E-01, 2.411496E-04 
3.515631E+00, 2.274551E-04 
6.670514E+00, 3.564805E-05 
1.462052E+00, 3.157263E-04 
8.826781E+00, 4.749364E-06 
7.713471E+00, 1.371230E-05 
4.845691E+00, 1.489399E-04 
3.481367E+00, 3.890528E-04 
4.170951E+00, 9.367626E-05 
7.848546E+00, 1.490397E-05 
6.759160E+00, 1.799981E-05 
8.921382E+00, 4.148734E-06 
1.924910E+00, 2.480911E-04 
1.717282E+00, 3.157263E-04 
8.645009E+00, 3.328012E-06 
5.401431E+00, 1.034157E-04 
7.278026E+00, 3.426061E-05 
3.832791E+00, 1.641529E-04 
2.493557E+00, 2.143629E-04 
4.960561E+00, 9.646745E-05 
3.669447E-01, 2.546079E-04 
3.192766E+00, 2.382130E-04 
9.772467E-01, 2.820338E-04 
2.597758E-01, 1.828574E-04 
4.891726E+00, 1.289943E-04 
2.038935E+00, 1.950858E-04 
-3.174978E+00, 2.185544E-02 
7.580902E+00, 1.606622E-05 
2.384679E-01, 1.215548E-04 
8.973463E+00, 1.050177E-05 
5.901374E+00, 8.232630E-05 
1.814913E-01, 2.105407E-04 
8.887735E+00, 2.727580E-06 
1.151780E-01, 2.712065E-04 
4.346999E+00, 1.568112E-04 
5.443621E-02, 1.332682E-04 
2.137656E+00, 3.299324E-04 
7.390565E+00, 2.738266E-05 
7.318683E+00, 2.216565E-05 
3.387384E+00, 2.276127E-04 
9.982468E+00, 7.063986E-07 
2.544876E+00, 3.605747E-04 
1.325445E+00, 4.458656E-04 
4.204643E+00, 1.458138E-04 
4.653961E+00, 8.169698E-05 
6.492215E+00, 6.127026E-05 
8.456768E+00, 5.905777E-06 
6.355654E+00, 3.508001E-05 
9.457334E-01, 2.170984E-04 
9.572137E+00, 1.910169E-06 
8.772331E+00, 3.826617E-06 
7.377440E+00, 2.115989E-05 
2.268680E+00, 2.965359E-04 
1.653139E+00, 3.080238E-04 
6.995411E-01, 6.380868E-04 
1.775711E+00, 4.918542E-04 
7.224406E-01, 1.907305E-04 
4.466602E+00, 1.121473E-04 
9.384287E+00, 3.296270E-07 
2.542355E+00, 2.539045E-04 
4.917582E-01, 3.538015E-04 
6.837502E+00, 1.796819E-05 
4.741256E+00, 8.912134E-05 
6.239142E+00, 4.646555E-05 
8.508340E+00, 6.491649E-06 
2.642243E+00, 2.696301E-04 
5.462497E+00, 1.251281E-04 
5.804657E+00, 8.946954E-05 
7.430161E+00, 1.451941E-05 
9.442759E+00, 1.456239E-06 
8.663892E+00, 5.483786E-06 
7.629429E-01, 2.534848E-04 
2.493781E+00, 2.482553E-04 
3.193746E+00, 3.334753E-04 
1.147106E+00, 4.486587E-04 
6.323379E+00, 2.574661E-05 
5.540146E+00, 1.204197E-04 
5.147567E+00, 1.155524E-04 
2.163138E+00, 2.387702E-04 
5.293500E-01, 2.654904E-04 
4.644028E+00, 1.275636E-04 
7.950980E+00, 3.810411E-06 
2.647849E+00, 3.188321E-04 
6.142994E+00, 3.761466E-05 
7.562567E+00, 1.704212E-05 
5.500654E+00, 9.503394E-05 
2.008722E+00, 3.492783E-04 
9.216007E-01, 4.790078E-04 
5.347528E+00, 1.191306E-04 
2.506769E+00, 3.304295E-04 
9.421388E+00, 1.053367E-06 
1.118750E+00, 2.685452E-04 
9.109842E+00, 3.944401E-06 
9.866679E+00, 2.488130E-07 
9.317817E+00, 2.200090E-06 
5.903491E+00, 5.404739E-05 
3.881688E+00, 1.663302E-04 
6.932283E+00, 3.585318E-05 
4.086483E+00, 9.338582E-05 
6.672326E+00, 3.619367E-05 
9.119520E-01, 3.997832E-04 
5.669799E-01, 3.808950E-04 
9.438096E+00, 8.857883E-07 
4.146915E+00, 1.185532E-04 
4.303861E+00, 1.433738E-04 
2.301293E+00, 3.772930E-04 
6.971952E+00, 2.530451E-05 
5.434848E-01, 4.462072E-04 
8.365985E+00, 1.247090E-05 
8.614634E+00, 9.801455E-06 
8.053827E+00, 8.821302E-06 
3.538259E+00, 2.122812E-04 
6.897173E+00, 2.670872E-05 
4.124050E+00, 1.390324E-04 
1.275485E+00, 2.998961E-04 
3.972820E+00, 2.607777E-04 
7.624919E+00, 1.772525E-05 
7.858600E+00, 1.997341E-05 
4.221521E+00, 1.562140E-04 
3.600171E+00, 2.626023E-04 
4.903931E+00, 1.617369E-04 
3.355598E+00, 2.636799E-04 
8.546081E+00, 1.155502E-05 
3.755940E+00, 1.362782E-04 
5.622953E+00, 8.376790E-05 
3.839406E+00, 1.842446E-04 
2.675797E+00, 2.264971E-04 
6.784199E-01, 4.988057E-04 
4.915254E+00, 9.803669E-05 
6.073269E+00, 4.918842E-05 
4.944718E+00, 6.684561E-05 
3.169386E-01, 2.028295E-04 
4.561393E-01, 3.783435E-04 
3.909532E+00, 2.181543E-04 
1.351127E+00, 3.572774E-04 
4.403773E+00, 1.283358E-04 
9.063053E+00, 3.258894E-06 
8.779955E+00, 4.181411E-06 
9.940997E+00, 1.611580E-07 
9.441764E+00, 1.045836E-06 
1.522430E+00, 2.323070E-04 
7.394015E+00, 1.756158E-05 
4.858357E+00, 1.081482E-04 
8.487529E+00, 1.165609E-05 
3.612610E+00, 1.489276E-04 
8.408906E-01, 5.612250E-04 
1.857900E+00, 2.254436E-04 
2.755376E+00, 2.849952E-04 
1.006482E+00, 2.562676E-04 
9.611068E-01, 5.665572E-04 
5.744233E+00, 5.186499E-05 
2.895022E+00, 3.758633E-04 
2.122618E+00, 3.227091E-04 
9.038414E+00, 4.007737E-06 
7.696396E+00, 1.760832E-05 
9.675814E+00, 1.045413E-06 
1.653749E+00, 2.811597E-04 
3.475323E+00, 2.542999E-04 
7.731407E+00, 1.123964E-05 
7.263846E+00, 1.771565E-05 
2.072909E+00, 2.851877E-04 
4.429709E+00, 1.303449E-04 
9.306788E+00, 1.029772E-06 
2.763914E+00, 4.050164E-04 
3.724951E+00, 2.617751E-04 
6.633684E+00, 3.667481E-05 
1.721144E+00, 2.779376E-04 
5.047293E+00, 1.064278E-04 
1.015399E+00, 2.791912E-04 
9.552117E+00, 1.053367E-06 
4.989978E+00, 7.168917E-05 
2.661960E+00, 3.804876E-04 
8.939813E+00, 3.962866E-06 
5.802990E+00, 4.084597E-05 
8.028240E+00, 1.560275E-05 
2.041843E+00, 3.065702E-04 
1.812732E+00, 1.735111E-04 
2.540334E+00, 2.613791E-04 
2.016866E+00, 5.372000E-04 
9.113618E+00, 4.253101E-06 
7.933698E+00, 2.002954E-05 
7.784950E+00, 1.412155E-05 
1.198512E+00, 2.364539E-04 
8.872054E+00, 4.219073E-06 
7.946146E+00, 1.676570E-05 
5.123633E+00, 1.270967E-04 
1.931653E+00, 5.202177E-04 
6.692228E-01, 2.817703E-04 
4.651849E+00, 1.274984E-04 
4.671377E+00, 1.141656E-04 
3.063553E+00, 1.477469E-04 
2.046804E+00, 2.528366E-04 
3.378905E+00, 3.561197E-04 
8.195664E+00, 1.113966E-05 
6.751976E+00, 3.490370E-05 
8.033395E+00, 1.355521E-05 
9.495710E+00, 1.910169E-06 
1.271060E+00, 2.829201E-04 
3.617649E+00, 1.437092E-04 
8.956294E+00, 7.108363E-06 
9.117247E+00, 3.441562E-06 
6.916963E+00, 3.515054E-05 
8.762983E+00, 8.486842E-06 
6.836680E+00, 2.149161E-05 
1.396907E+00, 2.807122E-04 
4.598353E+00, 1.440014E-04 
2.765846E+00, 2.421933E-04 
5.427170E+00, 8.912103E-05 
1.424386E+00, 3.024322E-04 
7.894295E+00, 1.007372E-05 
4.690580E+00, 1.392971E-04 
2.459674E+00, 3.341603E-04 
5.285527E-01, 5.775730E-04 
9.441839E+00, 1.042861E-06 
6.754317E+00, 2.981216E-05 
3.960603E+00, 1.100654E-04 
5.133320E-01, 1.556492E-04 
3.278999E+00, 2.012938E-04 
9.067581E+00, 3.385676E-06 
4.313946E+00, 1.083990E-04 
3.366682E+00, 1.877828E-04 
4.037662E+00, 2.850682E-04 
7.089536E+00, 1.428033E-05 
6.520733E+00, 3.643870E-05 
-1.496964E+00, 2.073725E-02 
3.482015E+00, 1.491830E-04 
4.778869E+00, 1.777170E-04 
9.195394E+00, 3.643706E-06 
5.525003E+00, 8.386672E-05 
1.989034E+00, 2.991242E-04 
1.353444E+00, 2.809987E-04 
1.825707E+00, 3.510136E-04 
2.341370E+00, 2.063427E-04 
6.600427E+00, 5.387934E-05 
5.213339E+00, 5.149737E-05 
7.309591E+00, 2.653777E-05 
9.127578E+00, 4.495173E-06 
6.318583E+00, 2.941260E-05 
3.857736E+00, 2.557675E-04 
6.482442E+00, 3.239481E-05 
5.874458E+00, 9.027444E-05 
5.553974E-01, 2.454496E-04 
6.295686E+00, 3.183652E-05 
4.721222E-01, 3.314708E-04 
5.458502E+00, 6.157727E-05 
1.647111E+00, 2.282195E-04 
7.775478E+00, 2.119169E-05 
5.256891E-01, 1.221212E-04 
7.011999E+00, 2.868064E-05 
2.869882E+00, 2.356907E-04 
6.835195E-01, 2.784588E-04 
2.837119E+00, 3.057667E-04 
8.296885E+00, 7.274990E-06 
3.580649E+00, 1.830074E-04 
8.621384E+00, 6.043129E-06 
6.003439E+00, 4.474393E-05 
6.834715E+00, 4.725381E-05 
5.322279E-01, 2.558899E-04 
7.127518E+00, 3.782515E-05 
2.459350E+00, 4.509124E-04 
9.465288E-01, 3.025115E-04 
3.262488E+00, 3.346198E-04 
1.000761E+01, 2.908089E-07 
8.368830E+00, 7.382365E-06 
5.775836E+00, 5.881998E-05 
1.356640E+00, 3.507860E-04 
9.408846E+00, 2.709998E-07 
1.727718E+00, 4.173618E-04 
4.285209E-01, 2.817703E-04 
4.905230E+00, 9.014456E-05 
8.586850E+00, 8.445013E-06 
9.233855E+00, 3.498160E-06 
8.068508E+00, 1.102179E-05 
8.166644E+00, 1.652642E-05 
1.986736E+00, 2.238368E-04 
3.618920E-01, 1.904475E-04 
2.242092E+00, 1.854175E-04 
5.253538E+00, 6.731766E-05 
3.173153E+00, 3.568373E-04 
3.910966E+00, 1.412529E-04 
4.420409E+00, 8.892512E-05 
1.375404E+00, 2.676924E-04 
7.663063E-01, 3.721302E-04 
-1.708999E+00, 1.642386E-02 
8.678637E+00, 5.425250E-06 
5.556845E-01, 4.627556E-04 
2.486932E+00, 2.186867E-04 
8.649901E+00, 5.006333E-06 
1.918115E+00, 1.951005E-04 
2.640544E+00, 2.783608E-04 
3.915733E+00, 1.733729E-04 
7.013402E+00, 2.670555E-05 
3.703629E+00, 1.594497E-04 
3.578370E+00, 3.960251E-04 
2.188406E+00, 1.950234E-04 
1.082865E+00, 4.199448E-04 
6.564633E+00, 2.818809E-05 
4.159266E+00, 2.467332E-04 
9.291331E+00, 5.910187E-06 
9.265506E+00, 4.962040E-06 
8.082093E-01, 3.257912E-04 
4.722192E-02, 1.259004E-04 
4.362363E+00, 1.295581E-04 
1.474037E+00, 2.323070E-04 
7.161880E+00, 2.541247E-05 
7.218730E+00, 2.865744E-05 
1.801344E-01, 1.564373E-04 
1.824815E+00, 3.111923E-04 
-3.069111E+00, 1.711990E-02 
9.333552E+00, 3.268198E-06 
3.769579E+00, 2.527017E-04 
1.772774E+00, 2.484244E-04 
7.458903E+00, 2.765372E-05 
5.612546E+00, 6.089360E-05 
2.364758E+00, 2.491616E-04 
9.581432E+00, 3.456145E-06 
1.134827E+00, 4.444049E-04 
3.996283E+00, 1.169215E-04 
2.198370E-01, 1.628856E-04 
9.876512E+00, 2.367830E-06 
2.998886E+00, 2.136039E-04 
8.256278E+00, 1.155147E-05 
8.240211E+00, 1.241471E-05 
5.525266E+00, 7.791076E-05 
1.468787E+00, 2.462766E-04 
6.775213E+00, 2.801282E-05 
1.201846E+00, 2.789701E-04 
7.199015E+00, 2.530215E-05 
3.370441E-01, 2.325386E-04 
8.420377E+00, 6.105336E-06 
7.389890E+00, 2.010591E-05 
5.569268E+00, 7.302967E-05 
4.268825E+00, 1.123888E-04 
9.416727E+00, 1.172396E-06 
5.276536E+00, 8.312364E-05 
6.993097E+00, 2.761349E-05 
7.386761E+00, 1.140165E-05 
6.371132E+00, 2.794174E-05 
9.586455E+00, 6.060433E-07 
2.360908E+00, 2.693536E-04 
7.848435E+00, 1.359345E-05 
5.839960E+00, 5.387653E-05 
3.257101E+00, 2.336467E-04 
6.032203E-01, 3.177697E-04 
4.140688E+00, 1.273766E-04 
4.785280E+00, 1.843630E-05 
8.091238E+00, 8.091077E-06 
9.326570E+00, 5.310712E-07 
6.965251E+00, 3.150516E-05 
6.103295E+00, 3.990526E-05 
4.676164E+00, 1.042893E-04 
7.690291E+00, 1.238784E-05 
9.850639E+00, 1.153612E-07 
7.756245E+00, 2.261434E-05 
4.823907E+00, 7.541700E-05 
6.694022E+00, 2.843561E-05 
4.650619E+00, 1.037673E-04 
8.258055E+00, 5.780235E-06 
2.360015E-01, 1.471115E-04 
7.584666E+00, 2.071068E-05 
6.996397E+00, 4.106764E-05 
2.882791E+00, 4.477737E-04 
1.543587E+00, 1.790876E-04 
8.913933E+00, 2.825594E-06 
3.103597E+00, 1.547875E-04 
8.929430E+00, 4.141643E-06 
6.032177E+00, 5.964730E-05 
3.223112E-01, 1.487505E-04 
9.512177E+00, 1.725640E-06 
4.142490E+00, 1.588193E-04 
3.639828E+00, 1.936301E-04 
6.685615E+00, 2.845509E-05 
-9.336279E-01, 2.009921E-02 
4.677300E+00, 7.425976E-05 
8.986812E-02, 2.665030E-04 
1.919624E+00, 5.074300E-04 
9.882750E+00, 1.600964E-07 
3.141777E+00, 2.336022E-04 
8.807027E-01, 2.586193E-04 
7.775978E+00, 1.856627E-05 
-1.415891E-01, 1.500033E-03 
2.500271E+00, 2.282354E-04 
8.883656E+00, 4.111251E-06 
9.292547E+00, 3.451360E-06 
3.259858E+00, 1.974122E-04 
2.052383E+00, 2.545189E-04 
2.013980E+00, 2.182959E-04 
8.727231E+00, 3.920969E-06 
8.484155E+00, 5.557739E-06 
8.587744E+00, 3.737029E-06 
6.009993E+00, 3.601159E-05 
9.651498E+00, 9.409303E-07 
5.960015E-01, 2.534081E-04 
2.611475E+00, 3.121340E-04 
6.375928E+00, 3.197987E-05 
1.931317E+00, 2.968041E-04 
7.335782E+00, 2.293470E-05 
7.148437E+00, 2.413796E-05 
3.663451E+00, 1.440579E-04 
3.640459E+00, 1.932888E-04 
3.575116E+00, 3.214706E-04 
8.793840E+00, 4.253101E-06 
1.724227E-01, 1.445404E-04 
1.976016E+00, 4.913037E-04 
3.788881E+00, 1.394058E-04 
8.079464E+00, 1.128444E-05 
7.309956E+00, 2.575250E-05 
2.050356E+00, 4.017287E-04 
2.425558E+00, 2.083829E-04 
-2.514596E+00, 1.711384E-02 
-5.142082E-01, 1.683434E-02 
3.027188E+00, 2.120625E-04 
6.586339E+00, 1.721298E-05 
8.486888E-01, 5.051056E-04 
1.416714E+00, 2.443356E-04 
7.823471E+00, 1.662769E-05 
9.114170E+00, 3.188553E-06 
2.282318E-01, 2.887048E-04 
1.575423E+00, 2.552899E-04 
6.212924E+00, 3.010035E-05 
6.108003E+00, 5.681445E-05 
5.992463E+00, 6.327761E-05 
7.644224E+00, 1.427671E-05 
4.160964E+00, 1.070810E-04 
7.532577E+00, 2.267828E-05 
9.537458E+00, 1.509045E-07 
9.504149E+00, 1.966313E-06 
7.630699E+00, 2.666116E-05 
2.995565E+00, 1.753712E-04 
3.637320E+00, 2.568427E-04 
4.551289E+00, 1.633079E-04 
5.870831E-01, 2.854986E-04 
1.886046E+00, 3.468098E-04 
4.673387E+00, 9.318310E-05 
2.592954E+00, 4.137978E-04 
4.888029E-01, 2.425845E-04 
8.249065E+00, 4.955712E-06 
3.967058E+00, 1.880594E-04 
2.116346E+00, 2.153212E-04 
1.286360E+00, 4.007246E-04 
4.578747E+00, 1.288376E-04 
9.654798E+00, 1.125095E-06 
7.304826E+00, 1.121473E-05 
2.816537E+00, 2.099077E-04 
6.134021E+00, 5.882520E-05 
2.077920E+00, 2.352033E-04 
3.173278E+00, 2.256484E-04 
6.621563E+00, 3.377319E-05 
5.466383E+00, 8.445024E-05 
7.036693E+00, 3.507576E-05 
8.184054E+00, 7.555019E-06 
8.782856E+00, 3.498160E-06 
6.319640E+00, 6.416354E-05 
8.489518E+00, 1.364719E-05 
4.739028E+00, 1.015912E-04 
3.473825E+00, 3.095389E-04 
8.319066E+00, 6.393797E-06 
5.610324E+00, 6.898830E-05 
5.137842E+00, 6.902692E-05 
8.281202E+00, 8.862431E-06 
4.193809E+00, 1.859233E-04 
5.820566E+00, 5.647376E-05 
4.225422E+00, 1.593435E-04 
2.763095E+00, 3.337106E-04 
1.008258E+01, 1.993741E-07 
4.077183E+00, 1.088700E-04 
8.197334E+00, 7.216382E-06 
5.952296E+00, 5.904722E-05 
8.375110E+00, 9.241667E-06 
5.155107E+00, 7.527543E-05 
2.541937E+00, 3.207283E-04 
8.528830E+00, 4.620834E-06 
7.423727E+00, 2.692927E-05 
9.241971E+00, 2.268864E-06 
5.064587E+00, 1.571266E-04 
3.059920E+00, 3.103893E-04 
6.094347E+00, 5.993394E-05 
8.193722E+00, 1.706545E-05 
2.963858E+00, 1.988525E-04 
7.951731E+00, 1.204719E-05 
1.657598E+00, 3.345062E-04 
6.764947E+00, 4.915651E-05 
1.339051E+00, 5.339323E-04 
9.417727E+00, 1.310823E-06 
3.773826E+00, 1.831776E-04 
8.492844E+00, 4.965638E-06 
9.382774E-01, 2.964911E-04 
1.775850E+00, 4.439037E-04 
4.115715E+00, 1.583430E-04 
5.015956E+00, 1.159366E-04 
8.593259E+00, 4.017954E-06 
5.606771E-01, 2.842408E-04 
8.692662E+00, 4.789105E-06 
9.801162E+00, 4.053267E-07 
9.186159E+00, 3.518335E-06 
7.720677E+00, 1.388910E-05 
-2.521066E+00, 1.638544E-02 
2.309448E+00, 3.842750E-04 
2.123467E-01, 1.583301E-04 
8.140906E+00, 1.291139E-05 
2.128001E+00, 3.428800E-04 
2.982855E+00, 2.049846E-04 
2.282671E+00, 2.784993E-04 
6.670661E+00, 3.025107E-05 
8.601272E+00, 3.796346E-06 
7.198702E+00, 2.701512E-05 
4.352170E+00, 1.715273E-04 
8.923385E+00, 6.557703E-06 
2.834847E+00, 3.240965E-04 
6.313402E+00, 4.352721E-05 
6.495486E+00, 3.005424E-05 
8.214927E+00, 8.733526E-06 
9.773141E+00, 3.007644E-07 
6.954241E+00, 1.485316E-05 
8.357383E+00, 1.993961E-06 
8.700157E+00, 2.339895E-06 
4.644873E+00, 1.429902E-04 
4.864894E+00, 9.746676E-05 
5.708461E+00, 4.501320E-05 
6.966386E+00, 2.195320E-05 
2.059299E-02, 7.283947E-05 
6.577417E+00, 2.679807E-05 
4.323725E-01, 1.628856E-04 
2.736781E+00, 3.500100E-04 
3.340076E+00, 2.448626E-04 
2.217451E+00, 3.944444E-04 
5.799768E+00, 4.473431E-05 
8.081249E+00, 1.014413E-05 
8.732206E+00, 3.928091E-06 
2.113521E+00, 1.908379E-04 
8.430813E+00, 1.271884E-05 
7.227193E+00, 3.534491E-05 
3.256850E+00, 1.844306E-04 
5.163062E+00, 1.004138E-04 
7.328874E+00, 1.521793E-05 
1.913564E+00, 2.480911E-04 
2.716522E+00, 2.599037E-04 
1.410398E+00, 2.345204E-04 
4.293413E+00, 1.453290E-04 
8.770272E+00, 3.810411E-06 
2.650847E+00, 2.726304E-04 
2.134431E+00, 4.072252E-04 
5.625790E+00, 9.869183E-05 
1.127331E+00, 5.023622E-04 
3.605740E-01, 2.777615E-04 
6.874653E+00, 4.940935E-05 
7.764443E+00, 1.667620E-05 
9.572789E+00, 8.628400E-07 
5.444277E+00, 1.518394E-04 
9.111255E+00, 2.250190E-06 
4.270137E+00, 1.169215E-04 
1.689177E+00, 1.854126E-04 
4.816071E+00, 9.983162E-05 
9.898667E+00, 5.592828E-07 
3.537888E+00, 1.946843E-04 
2.959885E+00, 1.217599E-04 
4.930288E+00, 1.899979E-04 
-1.462357E+00, 1.842281E-02 
6.307867E-01, 2.558899E-04 
1.531909E+00, 2.616559E-04 
-1.403454E+00, 1.662365E-02 
6.133458E-02, 2.062740E-03 
9.459194E+00, 5.697616E-06 
8.814164E+00, 2.981831E-06 
5.454675E+00, 1.107378E-04 
8.774596E+00, 5.538819E-06 
1.367311E+00, 4.659157E-04 
3.866621E+00, 2.673054E-04 
3.361424E+00, 1.260180E-04 
9.672484E+00, 4.428942E-07 
4.693972E+00, 1.311190E-04 
3.910926E+00, 1.959988E-04 
7.121258E+00, 2.297745E-05 
5.705640E+00, 9.969233E-05 
2.637416E+00, 2.120625E-04 
4.733519E+00, 1.274984E-04 
1.275920E+00, 2.160750E-04 
2.767331E+00, 2.261010E-04 
6.858563E+00, 3.367399E-05 
2.388975E+00, 2.387702E-04 
6.261487E+00, 6.241266E-05 
2.913221E+00, 1.778771E-04 
9.317464E+00, 2.281847E-06 
1.780421E+00, 1.859938E-04 
5.411404E+00, 1.238743E-04 
2.001648E+00, 1.847992E-04 
-4.987122E-02, 1.181386E-04 
-3.818567E-02, 3.008050E-04 
3.338006E+00, 3.050432E-04 
7.319974E+00, 1.766715E-05 
3.059100E-02, 1.500142E-04 
3.230089E+00, 2.993475E-04 
8.517090E+00, 7.683650E-06 
4.759027E+00, 1.113660E-04 
2.730233E+00, 3.587575E-04 
3.134156E+00, 3.301638E-04 
2.705008E+00, 2.864890E-04 
4.945267E+00, 7.709204E-05 
2.232393E+00, 2.623488E-04 
8.545936E+00, 5.121738E-06 
9.463105E+00, 1.138292E-06 
7.402366E+00, 2.860263E-05 
6.401256E+00, 3.527075E-05 
3.770274E-01, 2.877869E-04 
4.497390E+00, 1.060605E-04 
1.211528E+00, 5.121983E-04 
5.117846E+00, 1.011068E-04 
4.634990E+00, 1.251462E-04 
2.678435E+00, 2.818756E-04 
9.177395E-01, 4.475392E-04 
4.771068E+00, 1.397091E-04 
5.469542E+00, 9.336286E-05 
2.959975E+00, 2.336467E-04 
5.840595E+00, 3.333562E-05 
3.184640E+00, 2.125875E-04 
8.820687E+00, 3.975082E-06 
9.685712E+00, 1.572583E-06 
6.599209E+00, 4.884285E-05 
6.980161E+00, 1.848336E-05 
6.092017E+00, 6.950411E-05 
1.492518E+00, 3.073947E-04 
1.044280E+00, 2.945690E-04 
6.104309E+00, 3.844546E-05 
4.621285E+00, 7.703292E-05 
2.047573E+00, 3.530834E-04 
9.405326E+00, 2.477249E-06 
5.713793E+00, 1.323712E-04 
1.791104E+00, 1.681874E-04 
8.921280E+00, 2.545799E-06 
4.096926E+00, 1.562491E-04 
7.127953E+00, 1.773539E-05 
1.730042E-01, 1.416101E-04 
6.820556E+00, 1.721298E-05 
7.238165E+00, 1.701180E-05 
2.513318E+00, 2.143629E-04 
5.188814E+00, 8.029354E-05 
5.528805E+00, 5.890328E-05 
4.293385E+00, 1.562811E-04 
5.682434E+00, 7.790058E-05 
3.163071E+00, 3.141193E-04 
8.525492E+00, 9.132405E-06 
2.185055E+00, 2.367064E-04 
7.373766E-01, 4.369091E-04 
6.162515E+00, 4.731806E-05 
1.881458E+00, 2.988903E-04 
3.319665E+00, 2.572335E-04 
9.624758E+00, 2.709998E-07 
6.080377E+00, 3.300957E-05 
7.386174E+00, 1.781523E-05 
2.285944E+00, 3.878760E-04 
6.254405E+00, 8.296709E-05 
6.375234E+00, 1.929149E-05 
2.422506E+00, 3.481204E-04 
8.504998E+00, 8.655922E-06 
4.552835E+00, 1.818936E-04 
9.564224E+00, 3.740902E-06 
4.468778E+00, 1.170043E-04 
8.087068E+00, 1.372034E-05 
5.292573E+00, 8.919654E-05 
8.487718E+00, 1.056773E-05 
6.067874E+00, 4.968142E-05 
5.958238E+00, 5.403443E-05 
8.424107E-01, 3.103808E-04 
6.537126E+00, 3.567622E-05 
8.457604E+00, 4.005927E-06 
9.123131E+00, 2.008977E-06 
2.427142E+00, 2.843275E-04 
9.546988E+00, 1.444428E-06 
2.008647E+00, 5.702795E-05 
1.980868E+00, 2.491616E-04 
3.334469E+00, 8.753435E-05 
8.547054E+00, 4.530381E-06 
5.726451E+00, 7.056463E-05 
5.507947E+00, 6.275228E-05 
4.216953E+00, 9.670421E-05 
3.573178E+00, 3.104733E-04 
5.755446E+00, 5.303189E-05 
6.124017E+00, 4.481494E-05 
7.088130E+00, 2.156864E-05 
8.270708E+00, 1.204187E-05 
3.476401E-01, 2.342370E-04 
1.993288E-01, 3.888247E-04 
4.181455E+00, 1.656992E-04 
3.392260E+00, 1.868963E-04 
7.260572E+00, 1.514374E-05 
8.488310E+00, 1.384841E-05 
3.609378E+00, 2.170193E-04 
2.075245E+00, 1.965909E-04 
8.057542E+00, 1.720618E-05 
3.627679E+00, 1.628551E-04 
5.051767E+00, 9.472706E-05 
1.548425E+00, 3.054186E-04 
6.615262E-01, 3.492153E-04 
7.543999E+00, 1.159042E-05 
6.870306E+00, 2.956818E-05 
3.392168E+00, 2.066798E-04 
8.392315E+00, 1.019742E-05 
6.791681E+00, 2.150005E-05 
3.750450E+00, 1.891781E-04 
5.768049E+00, 7.963578E-05 
2.309574E+00, 4.962375E-04 
2.803708E+00, 2.397964E-04 
8.871152E+00, 4.526361E-06 
4.776992E+00, 1.752783E-04 
2.603741E+00, 2.176637E-04 
8.949124E-01, 4.132944E-04 
2.285528E+00, 2.646421E-04 
1.003865E+01, 1.564200E-07 
6.613596E+00, 5.185687E-05 
6.857983E+00, 5.657340E-05 
6.814400E+00, 2.061185E-05 
6.607868E+00, 1.181170E-05 
7.698727E+00, 1.760832E-05 
6.913942E+00, 6.197106E-05 
8.791530E+00, 6.333443E-06 
6.504988E+00, 3.479564E-05 
7.926315E+00, 7.912985E-06 
8.576023E+00, 8.053535E-06 
7.247777E+00, 1.576480E-05 
1.304526E+00, 3.345413E-04 
9.380627E+00, 8.628400E-07 
4.384163E+00, 7.041751E-05 
7.782292E+00, 1.881963E-05 
1.762720E+00, 1.908379E-04 
1.080184E+00, 2.968681E-04 
9.261073E+00, 1.371005E-06 
9.168374E+00, 3.713426E-06 
3.953650E+00, 1.546681E-04 
9.400006E+00, 9.354341E-07 
6.830730E-01, 2.528323E-04 
7.332908E+00, 1.620802E-05 
7.802847E-01, 4.167473E-04 
-1.257567E-01, 1.935464E-04 
5.693903E+00, 2.875597E-05 
5.688945E+00, 5.728783E-05 
4.652638E+00, 1.069035E-04 
4.469805E+00, 1.124920E-04 
6.946208E+00, 3.204510E-05 
2.829863E+00, 2.305595E-04 
7.699579E+00, 2.086417E-05 
9.283360E+00, 2.295605E-06 
9.548385E-01, 2.918537E-04 
8.273088E-01, 4.199386E-04 
2.221129E-01, 1.256466E-04 
-3.041461E-02, 2.712065E-04 
5.333063E+00, 7.995859E-05 
4.793246E+00, 1.859170E-04 
6.609145E+00, 2.818809E-05 
8.721906E+00, 5.905777E-06 
5.608214E+00, 7.564866E-05 
8.124035E+00, 1.359345E-05 
8.399953E+00, 1.188171E-05 
4.013886E+00, 1.619022E-04 
3.879162E+00, 1.619022E-04 
2.112225E+00, 3.476391E-04 
5.670353E+00, 1.189528E-04 
9.299725E+00, 3.264413E-06 
5.716933E+00, 5.579668E-05 
8.761300E+00, 5.886793E-06 
2.184107E+00, 2.337459E-04 
9.681890E-01, 4.793777E-04 
6.078335E+00, 3.740985E-05 
3.816500E+00, 1.620878E-04 
3.308455E+00, 2.640499E-04 
1.846553E+00, 2.659939E-04 
9.909714E-01, 2.662821E-04 
1.428148E+00, 3.041714E-04 
3.018649E+00, 2.233737E-04 
3.312973E+00, 2.234026E-04 
8.247879E+00, 7.657668E-06 
7.747138E+00, 1.652837E-05 
5.605178E+00, 1.309674E-04 
4.056047E+00, 1.222495E-04 
4.552874E+00, 9.898488E-05 
2.020623E+00, 2.689321E-04 
6.589922E+00, 3.400706E-05 
5.981719E-01, 2.833794E-04 
5.427693E+00, 8.261928E-05 
6.838809E+00, 2.970631E-05 
4.112631E+00, 1.756914E-04 
2.631129E+00, 2.271959E-04 
5.630039E-01, 3.190070E-04 
4.210301E+00, 1.905209E-04 
3.619342E+00, 1.512189E-04 
8.959484E+00, 6.096401E-06 
2.584923E+00, 2.264230E-04 
4.987839E+00, 9.255970E-05 
3.388428E+00, 2.085901E-04 
3.120953E+00, 5.010094E-04 
5.585437E+00, 4.750919E-05 
6.407369E+00, 3.571953E-05 
6.346386E-01, 4.167117E-04 
8.477534E+00, 3.643000E-06 
4.451679E+00, 2.180612E-04 
6.948888E+00, 2.567216E-05 
7.329934E+00, 1.581452E-05 
7.619295E+00, 2.119183E-05 
9.180161E-01, 2.153396E-04 
5.201693E+00, 5.193907E-05 
7.486149E+00, 1.986754E-05 
4.012749E-01, 2.716989E-04 
7.890885E+00, 1.198325E-05 
7.229549E+00, 1.329673E-05 
6.181898E+00, 3.648865E-05 
7.830085E-01, 2.316556E-04 
5.788189E+00, 6.701097E-05 
9.243213E+00, 3.222190E-06 
6.406195E+00, 3.773816E-05 
4.174622E+00, 1.545488E-04 
7.673437E+00, 1.815113E-05 
4.541004E+00, 2.222044E-04 
4.703695E+00, 1.412417E-04 
9.756099E+00, 1.743135E-07 
7.056872E+00, 2.038947E-05 
1.053450E+00, 3.567252E-04 
6.963331E+00, 1.720938E-05 
2.619707E+00, 2.897748E-04 
9.139858E+00, 1.445059E-06 
4.474893E+00, 1.955740E-04 
-2.902728E+00, 1.650880E-02 
2.181539E+00, 4.059646E-04 
4.480798E+00, 1.137907E-04 
8.845655E+00, 3.824426E-06 
5.208223E+00, 6.408976E-05 
2.916171E+00, 3.522342E-04 
7.392440E+00, 1.139616E-05 
2.885902E-01, 2.399955E-04 
3.178166E+00, 2.012938E-04 
7.195845E-01, 3.520917E-04 
3.992411E+00, 1.620976E-04 
4.692301E+00, 1.722925E-04 
9.000174E+00, 2.268864E-06 
4.982388E+00, 1.155928E-04 
7.914405E+00, 1.753493E-05 
3.945776E+00, 1.930111E-04 
9.304172E+00, 2.573653E-06 
7.787108E+00, 1.330494E-05 
5.910886E+00, 5.566630E-05 
7.480398E-01, 2.629494E-04 
8.490026E+00, 6.018202E-06 
2.894102E+00, 2.471802E-04 
3.342890E+00, 3.452436E-04 
6.292886E+00, 3.585941E-05 
3.624858E+00, 1.185264E-04 
9.832711E+00, 5.419995E-07 
1.959825E+00, 2.145177E-04 
6.424225E+00, 2.761118E-05 
5.818138E-01, 3.977575E-04 
3.499395E+00, 1.361300E-04 
9.898946E+00, 4.094709E-07 
9.105918E+00, 2.300147E-06 
5.119839E+00, 7.502613E-05 
1.292334E+00, 3.250834E-04 
7.137665E+00, 2.223665E-05 
3.248492E+00, 2.981010E-04 
7.148309E+00, 2.002564E-05 
3.343350E+00, 3.162832E-04 
2.210375E+00, 2.213650E-04 
5.387691E+00, 6.507386E-05 
6.817938E-01, 5.095623E-04 
5.996768E+00, 8.659103E-05 
6.598465E+00, 3.288424E-05 
8.161663E+00, 8.197728E-06 
5.310996E+00, 1.372319E-04 
2.318967E+00, 2.174495E-04 
2.760337E+00, 3.121621E-04 
4.240382E+00, 7.918127E-05 
1.128689E+00, 4.665555E-04 
2.361428E+00, 3.698080E-04 
6.664913E+00, 3.617705E-05 
2.149388E+00, 1.696858E-04 
6.777313E-02, 1.518197E-04 
3.220927E+00, 1.427230E-04 
1.936731E+00, 3.493940E-04 
6.827334E+00, 2.216565E-05 
1.269439E+00, 2.654783E-04 
8.322469E+00, 1.066606E-05 
6.634831E+00, 3.770655E-05 
8.154220E+00, 1.871369E-05 
3.200872E-01, 2.832202E-04 
3.917206E+00, 1.474061E-04 
1.387657E+00, 3.073947E-04 
6.662887E+00, 4.200705E-05 
7.035618E+00, 5.184995E-05 
9.303411E-01, 3.145450E-04 
2.966606E+00, 1.959694E-04 
7.320519E+00, 2.709603E-05 
1.664684E+00, 3.792251E-04 
7.542630E+00, 1.626525E-05 
1.814056E+00, 2.811597E-04 
7.530499E+00, 1.926817E-05 
1.936305E+00, 2.797154E-04 
9.284483E+00, 3.103016E-06 
8.323425E+00, 1.406785E-05 
-1.736031E+00, 1.689711E-02 
5.513875E+00, 1.257838E-04 
7.200547E+00, 2.846553E-05 
8.457182E+00, 6.105336E-06 
8.138082E+00, 7.573760E-06 
6.399590E+00, 5.622875E-05 
4.888982E+00, 1.153445E-04 
9.467521E+00, 5.546611E-06 
4.782363E+00, 1.062753E-04 
2.872976E+00, 3.086420E-04 
5.897355E+00, 3.481997E-05 
3.789802E+00, 1.749762E-04 
7.045744E+00, 1.634102E-05 
3.513707E+00, 1.948871E-04 
9.520696E+00, 1.629493E-06 
6.126569E+00, 4.044641E-05 
1.228369E+00, 4.600794E-04 
7.233602E+00, 1.102179E-05 
2.771046E+00, 1.865261E-04 
7.243381E+00, 1.678133E-05 
8.161162E+00, 5.932624E-06 
3.451921E+00, 1.988525E-04 
1.068407E+00, 3.821626E-04 
2.308096E+00, 3.594544E-04 
1.218920E+00, 2.790582E-04 
2.130707E+00, 4.083262E-04 
5.844625E+00, 9.630787E-05 
1.722415E+00, 2.198473E-04 
1.657721E+00, 2.554430E-04 
5.772380E+00, 4.376696E-05 
9.186199E+00, 1.977223E-06 
7.086584E+00, 3.117704E-05 
4.588623E+00, 1.437804E-04 
5.726074E+00, 5.226932E-05 
4.704458E+00, 1.437804E-04 
4.401792E+00, 6.392561E-05 
7.663779E+00, 9.733308E-06 
-9.320777E-02, 6.488956E-05 
4.321484E+00, 1.106428E-04 
4.346924E+00, 1.341521E-04 
5.129553E+00, 1.195667E-04 
6.542287E+00, 3.015322E-05 
3.987323E+00, 1.086517E-04 
1.381692E+00, 2.049882E-04 
-9.608654E-02, 1.437420E-04 
6.645071E+00, 4.295289E-05 
4.382113E+00, 1.569919E-04 
8.156645E+00, 5.162012E-06 
6.746628E+00, 2.439523E-05 
6.421762E+00, 4.968421E-05 
2.656677E+00, 3.283526E-04 
4.097510E+00, 1.395420E-04 
6.421630E+00, 7.689498E-05 
9.722300E+00, 2.145375E-07 
2.549742E+00, 3.692235E-04 
7.853451E+00, 1.562684E-05 
5.819204E+00, 5.279192E-05 
8.030142E+00, 1.184542E-05 
3.370906E+00, 2.881633E-04 
7.852398E+00, 2.079563E-05 
1.231757E+00, 3.744101E-04 
6.097609E+00, 4.699650E-05 
7.191259E+00, 2.647265E-05 
2.387206E+00, 3.054255E-04 
7.035976E+00, 1.855634E-05 
6.705746E-01, 3.328651E-04 
1.674376E+00, 2.110349E-04 
1.318719E+00, 2.792561E-04 
1.776058E+00, 4.865265E-04 
4.168384E+00, 1.354922E-04 
5.683116E+00, 4.728356E-05 
7.413142E+00, 2.486171E-05 
9.459593E+00, 9.831567E-07 
4.159977E-01, 1.583301E-04 
2.699027E+00, 3.990634E-04 
2.267725E+00, 2.764073E-04 
4.851515E+00, 1.493599E-04 
8.536212E+00, 4.704657E-06 
9.077036E+00, 4.024111E-06 
8.508574E+00, 1.251500E-05 
1.697324E+00, 2.288151E-04 
4.185464E+00, 9.582503E-05 
7.981457E+00, 1.026176E-05 
4.569068E+00, 1.154930E-04 
3.612659E+00, 2.216363E-04 
6.751568E+00, 3.204295E-05 
5.878581E+00, 3.280823E-05 
5.525410E+00, 7.898674E-05 
7.126539E+00, 1.612851E-05 
3.617082E+00, 2.075844E-04 
4.974638E+00, 8.721459E-05 
6.388393E+00, 3.236716E-05 
3.969628E+00, 1.758488E-04 
9.056235E+00, 2.651204E-06 
1.171548E+00, 5.505606E-04 
4.292706E+00, 1.444481E-04 
4.412526E+00, 1.314547E-04 
2.636920E+00, 3.370960E-04 
5.357851E+00, 5.923393E-05 
5.701700E+00, 3.515116E-05 
6.345266E+00, 3.515054E-05 
9.522271E+00, 1.053367E-06 
7.871024E+00, 1.373096E-05 
1.876671E+00, 4.435902E-04 
2.724768E+00, 2.330731E-04 
5.225675E+00, 1.414486E-04 
3.837868E+00, 1.830074E-04 
1.904857E+00, 1.986618E-04 
2.585648E+00, 1.787697E-04 
5.487038E+00, 9.378266E-06 
3.525120E-01, 2.045628E-04 
5.532511E+00, 5.659767E-05 
9.391623E+00, 1.258947E-06 
5.252707E+00, 7.147360E-05 
1.002243E+01, 2.719018E-07 
1.317927E+00, 3.715903E-04 
5.704938E+00, 8.836562E-05 
5.882371E+00, 8.954926E-05 
8.554993E+00, 4.537728E-06 
3.058736E+00, 1.601742E-04 
1.519251E+00, 3.527015E-04 
4.836376E+00, 1.281718E-04 
4.914884E+00, 8.018615E-05 
8.117765E+00, 7.653557E-06 
9.282938E+00, 2.268864E-06 
3.439197E+00, 1.225791E-04 
3.903963E+00, 1.762999E-04 
5.977081E+00, 3.895962E-05 
2.671340E+00, 3.551127E-04 
5.500051E-01, 2.260188E-04 
5.618458E-01, 2.763397E-04 
2.750982E+00, 3.088708E-04 
3.995048E+00, 1.396683E-04 
6.954966E+00, 2.993241E-05 
7.603347E+00, 1.800442E-05 
8.473278E+00, 3.737029E-06 
8.953975E-01, 3.653176E-04 
5.034625E+00, 9.128963E-05 
3.291966E+00, 1.246593E-04 
6.900788E+00, 6.350399E-05 
3.470308E+00, 3.832890E-04 
4.861295E+00, 9.207703E-05 
5.670411E+00, 7.972877E-05 
3.766329E+00, 1.756914E-04 
4.076661E+00, 8.651790E-05 
2.308784E+00, 2.826321E-04 
3.708498E+00, 2.878641E-04 
7.977034E-01, 3.089530E-04 
8.320943E+00, 1.298069E-05 
8.811240E+00, 5.887030E-06 
8.930689E+00, 3.879863E-06 
5.103979E-01, 3.134065E-04 
2.692553E+00, 3.228156E-04 
7.455657E+00, 1.320535E-05 
1.777793E+00, 2.971873E-04 
7.407463E-01, 4.796092E-04 
3.113823E+00, 1.495582E-04 
6.810318E+00, 3.684816E-05 
3.849286E+00, 1.533503E-04 
1.722882E+00, 2.825340E-04 
1.041696E+00, 4.102002E-04 
3.627445E+00, 2.111180E-04 
9.047456E+00, 3.791321E-06 
6.102330E+00, 8.441163E-05 
9.055638E+00, 2.823991E-06 
3.504622E+00, 2.743434E-04 
9.035319E+00, 2.419745E-06 
8.700373E+00, 7.392427E-06 
-1.048893E+00, 1.745072E-02 
8.907180E+00, 3.411613E-06 
1.966448E+00, 2.885275E-04 
7.380787E+00, 1.689866E-05 
5.044470E+00, 1.492480E-04 
1.393778E+00, 3.769063E-04 
8.973512E+00, 2.300147E-06 
3.724753E+00, 2.449655E-04 
8.007048E+00, 1.159042E-05 
-9.717827E-01, 1.650941E-02 
9.063860E+00, 5.628024E-06 
1.995078E+00, 1.540119E-04 
9.402742E+00, 1.890857E-06 
5.193973E+00, 6.876547E-05 
4.439720E+00, 1.712217E-04 
9.068850E+00, 6.258839E-06 
7.545761E+00, 2.583764E-05 
6.179080E+00, 3.431817E-05 
7.960011E+00, 3.640821E-06 
6.042414E+00, 3.638821E-05 
6.933113E+00, 1.654967E-05 
5.877380E-01, 2.903973E-04 
3.788280E+00, 2.438435E-04 
1.448704E+00, 4.218906E-04 
1.015682E+01, 1.993741E-07 
3.998696E+00, 1.395420E-04 
1.470881E+00, 3.563433E-04 
7.666194E+00, 1.763962E-05 
4.902997E+00, 8.202727E-05 
6.371596E+00, 6.561178E-05 
2.980848E+00, 1.550890E-04 
7.815315E-01, 3.648793E-04 
1.926451E+00, 2.734883E-04 
6.812246E+00, 2.018301E-05 
7.483389E+00, 1.605299E-05 
2.402282E+00, 2.306161E-04 
7.973659E+00, 5.910293E-06 
4.884886E+00, 9.074930E-05 
7.877196E+00, 1.584606E-05 
4.751216E+00, 8.721459E-05 
6.075375E+00, 6.335580E-05 
7.860437E-01, 5.768270E-04 
6.713852E+00, 4.621308E-05 
9.284713E+00, 3.699870E-06 
2.493386E+00, 2.357233E-04 
-3.355868E+00, 1.641123E-02 
2.938011E+00, 2.481166E-04 
5.830712E-01, 3.261843E-04 
3.343828E+00, 2.723004E-04 
7.411889E+00, 2.434339E-05 
7.945365E+00, 7.716428E-06 
7.636319E+00, 1.181155E-05 
7.176742E+00, 2.229861E-05 
5.384063E+00, 9.617985E-05 
2.177196E+00, 2.004985E-04 
8.220298E+00, 4.842101E-06 
8.614169E+00, 2.298467E-06 
5.201766E+00, 1.463916E-04 
4.940760E+00, 7.641899E-05 
4.939320E+00, 8.471871E-05 
8.174226E+00, 8.492043E-06 
8.930066E+00, 3.528681E-06 
8.968500E+00, 2.411088E-06 
9.493615E+00, 8.503144E-07 
7.429082E+00, 1.541934E-05 
6.929785E+00, 4.377282E-05 
2.664310E+00, 2.907737E-04 
1.388519E+00, 4.918175E-04 
5.059476E+00, 8.085347E-05 
7.121902E+00, 4.405517E-05 
2.827810E+00, 2.621923E-04 
7.328788E+00, 1.007464E-05 
4.922079E-01, 1.445404E-04 
4.267465E+00, 1.806833E-04 
7.457277E+00, 1.148293E-05 
3.218156E+00, 2.221247E-04 
7.102136E+00, 3.824988E-05 
7.757967E+00, 1.321833E-05 
8.021393E+00, 1.014413E-05 
9.052806E+00, 6.897350E-06 
7.189798E-01, 1.907305E-04 
4.189172E+00, 9.554404E-05 
9.234209E+00, 3.404117E-06 
4.349898E+00, 1.075025E-04 
4.725836E+00, 9.255970E-05 
8.146504E+00, 8.862431E-06 
1.674506E+00, 2.695275E-04 
5.899894E+00, 6.494220E-05 
5.195351E-01, 3.071533E-04 
2.089092E+00, 2.991242E-04 
5.917686E+00, 6.228865E-05 
9.684638E+00, 5.746167E-07 
6.430182E-01, 5.514253E-04 
5.969942E-01, 4.477852E-04 
4.146025E+00, 1.249479E-04 
6.658569E+00, 4.195033E-05 
5.657941E-01, 2.247811E-04 
8.472618E+00, 6.909179E-06 
1.312686E+00, 3.858454E-04 
8.722455E+00, 4.779893E-06 
8.643498E+00, 3.385676E-06 
4.906704E+00, 1.439686E-04 
4.696535E+00, 7.881562E-05 
8.883519E+00, 9.781545E-07 
3.323966E+00, 1.822677E-04 
9.044766E+00, 5.036859E-06 
8.363507E+00, 2.769409E-06 
6.351910E+00, 4.097083E-05 
3.971503E-01, 2.784588E-04 
5.589093E+00, 7.337118E-05 
7.781848E+00, 1.908715E-05 
8.572862E+00, 6.902720E-06 
3.432118E+00, 2.374967E-04 
4.076044E+00, 1.521216E-04 
4.788311E+00, 1.327293E-04 
8.902157E+00, 2.912479E-06 
4.488268E+00, 1.383255E-04 
4.379725E+00, 1.280801E-04 
6.826402E-01, 3.248732E-04 
8.825315E-01, 5.022343E-04 
8.734759E+00, 4.540213E-06 
4.466210E+00, 9.740692E-05 
7.369692E+00, 1.978516E-05 
9.971763E+00, 1.461313E-06 
1.551791E+00, 3.241809E-04 
2.638763E+00, 3.155567E-04 
4.053292E+00, 1.233153E-04 
1.158922E+00, 2.720416E-04 
4.126407E+00, 1.208388E-04 
5.082544E+00, 6.484557E-05 
9.060057E+00, 6.830940E-07 
4.948332E+00, 9.933444E-05 
2.858292E+00, 2.271959E-04 
9.521552E+00, 3.727105E-07 
1.586593E+00, 3.811465E-04 
2.411151E+00, 3.696199E-04 
4.933540E+00, 1.367220E-04 
7.634515E+00, 1.909795E-05 
5.383667E+00, 9.148281E-05 
5.992391E+00, 3.946341E-05 
2.903324E+00, 3.225088E-04 
9.663535E-01, 4.531152E-04 
9.347121E+00, 1.448029E-06 
1.590837E+00, 2.955159E-04 
1.777101E+00, 3.301996E-04 
6.457708E+00, 4.472534E-05 
7.952783E+00, 1.051190E-05 
1.880707E-01, 1.595035E-04 
2.204886E+00, 3.515923E-04 
5.883787E+00, 5.852380E-05 
2.300394E+00, 2.864334E-04 
2.826097E+00, 2.255958E-04 
8.878383E+00, 5.006333E-06 
3.312341E+00, 2.330899E-04 
2.544229E+00, 3.389541E-04 
8.652275E+00, 3.125853E-06 
8.196070E+00, 1.629010E-05 
3.167962E+00, 2.201902E-04 
2.239669E+00, 2.324213E-04 
5.700391E+00, 5.641795E-05 
7.586076E-01, 4.225776E-04 
2.777080E-01, 2.740466E-04 
3.624727E+00, 1.440579E-04 
6.512134E+00, 3.222284E-05 
5.850794E-01, 2.646782E-04 
1.618383E+00, 5.874187E-04 
4.813772E+00, 9.970721E-05 
6.168941E+00, 8.975957E-05 
2.019754E+00, 1.850841E-04 
1.815176E+00, 2.609276E-04 
7.624022E-01, 4.582003E-04 
1.329754E-01, 2.854986E-04 
9.407541E+00, 2.908089E-07 
5.907380E+00, 2.875597E-05 
7.895024E+00, 1.781973E-05 
4.921747E+00, 8.032987E-05 
9.078418E+00, 3.043748E-06 
4.191349E+00, 1.655280E-04 
6.637687E+00, 3.502804E-05 
5.530117E+00, 4.952828E-05 
6.384094E+00, 3.222284E-05 
1.638110E+00, 4.699310E-04 
6.274338E+00, 3.821484E-05 
6.057103E+00, 5.428010E-05 
5.993074E+00, 5.708629E-05 
2.628069E-01, 1.653419E-04 
3.782371E+00, 1.454336E-04 
7.762760E+00, 1.752967E-05 
3.642510E+00, 1.733729E-04 
3.487974E+00, 1.784241E-04 
7.878563E+00, 1.919095E-05 
6.210516E+00, 6.860367E-05 
3.668022E+00, 1.588907E-04 
7.841727E+00, 1.457758E-05 
1.475686E+00, 2.238120E-04 
2.597394E+00, 2.467563E-04 
9.839387E+00, 1.258947E-06 
2.233025E+00, 2.505750E-04 
1.109099E+00, 3.792217E-04 
2.278580E+00, 2.455594E-04 
6.536530E+00, 2.082168E-05 
6.398342E+00, 3.967795E-05 
4.134722E-01, 2.521450E-04 
6.493472E+00, 5.498012E-05 
6.992197E+00, 2.080689E-05 
4.929824E+00, 9.222984E-05 
5.927517E-01, 5.736188E-04 
5.533398E+00, 6.875228E-05 
2.174303E+00, 3.024322E-04 
2.262262E+00, 2.948414E-04 
6.553961E+00, 2.777584E-05 
7.887914E+00, 1.288299E-05 
3.017324E+00, 2.757445E-04 
8.134319E+00, 1.104406E-05 
5.974712E+00, 3.339309E-05 
3.782159E+00, 2.254700E-04 
7.897684E-01, 2.882628E-04 
7.118820E+00, 1.842026E-05 
6.158851E+00, 2.752363E-05 
-7.137868E-01, 1.664380E-02 
8.134797E+00, 1.340697E-05 
1.780031E-01, 1.055661E-04 
1.587513E+00, 5.312597E-04 
9.751543E+00, 1.359509E-07 
5.703066E+00, 9.508528E-05 
6.134443E-01, 4.448173E-04 
8.242237E+00, 3.796346E-06 
9.588621E+00, 8.093665E-07 
1.576678E+00, 4.777965E-04 
4.905215E+00, 1.064166E-04 
7.933012E+00, 1.416003E-05 
5.223250E+00, 1.005693E-04 
8.710322E+00, 7.447821E-06 
1.191167E+00, 3.188321E-04 
5.438097E-01, 2.792561E-04 
8.401953E-01, 4.295554E-04 
1.204094E+00, 4.731701E-04 
6.342131E+00, 3.987795E-05 
1.453703E+00, 3.300412E-04 
9.642738E-01, 3.079451E-04 
3.809359E+00, 1.838906E-04 
4.480449E+00, 1.106428E-04 
6.132726E+00, 7.505121E-05 
6.524130E+00, 4.035236E-05 
5.972960E+00, 6.885305E-05 
3.367624E+00, 1.713799E-04 
9.605409E+00, 1.300232E-07 
6.178240E-01, 1.904475E-04 
4.098144E+00, 1.968662E-04 
5.325831E+00, 1.349101E-04 
6.505362E+00, 2.761349E-05 
4.171303E+00, 1.155962E-04 
6.539558E+00, 2.843561E-05 
9.264291E+00, 1.345399E-06 
1.838876E+00, 3.188214E-04 
1.389117E+00, 2.629494E-04 
6.437600E+00, 2.936287E-05 
8.832815E+00, 5.728605E-06 
3.256072E+00, 1.948871E-04 
3.066687E+00, 1.812924E-04 
1.598113E+00, 3.121340E-04 
9.297424E+00, 2.983691E-06 
9.235541E+00, 3.682239E-06 
3.700114E+00, 1.325223E-04 
6.801193E+00, 1.793825E-05 
3.110992E+00, 2.402463E-04 
2.251550E+00, 3.616249E-04 
8.469025E-01, 3.425301E-04 
3.431128E+00, 3.113260E-04 
6.887601E+00, 3.679234E-05 
8.191791E+00, 1.694284E-05 
5.147107E+00, 1.314245E-04 
8.287019E+00, 8.678326E-06 
7.223127E+00, 2.518669E-05 
7.554601E-01, 3.190070E-04 
8.645536E-01, 4.308901E-04 
4.800242E+00, 1.885411E-04 
2.754272E+00, 2.249002E-04 
9.410415E+00, 1.881861E-06 
2.919503E+00, 2.826462E-04 
3.646280E+00, 2.276517E-04 
8.334652E+00, 1.040905E-05 
5.352322E+00, 1.567655E-04 
4.051825E+00, 1.696948E-04 
2.179399E+00, 2.809609E-04 
7.484767E+00, 1.541934E-05 
7.373126E+00, 1.599838E-05 
2.864544E+00, 2.552419E-04 
5.581166E-01, 5.401713E-04 
4.544130E+00, 1.249845E-04 
3.018731E+00, 1.622028E-04 
1.001978E+01, 5.746167E-07 
6.688223E+00, 2.434586E-05 
5.920967E+00, 4.868447E-05 
2.446090E+00, 2.513622E-04 
4.377803E+00, 1.299067E-04 
8.457320E+00, 3.643000E-06 
2.763129E+00, 5.036949E-04 
1.260466E+00, 5.338552E-04 
1.007401E+01, 1.743135E-07 
3.508052E+00, 1.714370E-04 
5.227243E+00, 9.529774E-05 
7.683611E+00, 2.573389E-05 
3.718401E+00, 2.454644E-04 
9.982754E+00, 3.546405E-07 
5.770948E+00, 4.724892E-05 
8.407446E+00, 5.932624E-06 
3.354467E+00, 1.660035E-04 
1.687087E+00, 3.700121E-04 
6.056815E+00, 9.774574E-05 
1.518460E+00, 3.494765E-04 
6.655618E+00, 1.937307E-05 
2.249913E+00, 3.494843E-04 
4.824712E+00, 1.037673E-04 
2.831534E+00, 2.217886E-04 
3.952769E+00, 1.070932E-04 
3.529723E+00, 2.049846E-04 
2.094485E+00, 2.801888E-04 
3.811850E+00, 1.887464E-04 
5.160101E+00, 8.065955E-05 
1.242208E+00, 2.438167E-04 
9.001728E+00, 3.379259E-06 
-4.188779E+00, 1.892906E-02 
7.208108E+00, 2.055106E-05 
7.767456E-01, 3.190070E-04 
2.504933E+00, 2.754937E-04 
7.175319E+00, 2.267093E-05 
2.588695E+00, 3.661048E-04 
8.808903E+00, 5.401495E-06 
2.949111E+00, 2.936771E-04 
6.979708E+00, 5.267487E-05 
3.412592E+00, 2.197711E-04 
5.707770E-01, 1.519654E-04 
8.386322E+00, 6.297366E-06 
9.179787E+00, 2.651204E-06 
4.444181E+00, 1.318505E-04 
3.454741E+00, 1.924411E-04 
1.243728E-01, 1.952949E-04 
3.980699E+00, 2.200982E-04 
5.847284E+00, 7.061333E-05 
5.235044E+00, 1.082768E-04 
5.179159E+00, 8.292124E-05 
2.556869E+00, 2.517551E-04 
9.153357E+00, 3.954446E-06 
5.425265E+00, 9.869183E-05 
4.464053E+00, 1.271584E-04 
4.341974E+00, 1.542389E-04 
1.719178E-01, 1.928880E-04 
1.131848E+00, 2.355243E-04 
4.311756E+00, 1.705735E-04 
6.792823E+00, 1.605299E-05 
1.234181E+00, 4.864409E-04 
3.026556E+00, 1.622028E-04 
8.755329E+00, 5.237010E-06 
9.408830E+00, 9.763540E-07 
6.764243E-01, 4.022018E-04 
2.632271E+00, 2.820642E-04 
4.677284E+00, 9.507786E-05 
6.404263E+00, 3.562683E-05 
3.085107E+00, 2.090842E-04 
4.800340E+00, 1.148158E-04 
9.279075E+00, 2.518430E-06 
6.108110E+00, 4.873338E-05 
3.706033E+00, 1.614767E-04 
5.369252E+00, 1.112257E-04 
1.597735E+00, 4.965522E-04 
3.433190E+00, 3.060716E-04 
4.588698E+00, 9.803669E-05 
6.028052E+00, 4.582519E-05 
8.087803E+00, 2.403046E-05 
8.320320E+00, 1.019742E-05 
4.154771E+00, 1.452101E-04 
8.029331E+00, 1.435455E-05 
1.821164E+00, 2.557082E-04 
6.160584E+00, 2.826238E-05 
4.693438E+00, 1.375573E-04 
5.965392E+00, 3.422671E-05 
3.808827E+00, 7.062645E-05 
5.069496E+00, 1.041566E-04 
7.908254E+00, 1.390690E-05 
4.224599E+00, 1.539637E-04 
7.512949E+00, 2.075151E-05 
8.160867E+00, 1.312451E-05 
2.181853E+00, 2.482553E-04 
9.393250E+00, 7.222140E-07 
1.434361E+00, 2.829201E-04 
2.454075E+00, 2.954054E-04 
9.793791E+00, 6.059183E-07 
3.061934E+00, 1.638608E-04 
1.828020E+00, 2.243758E-04 
3.994345E+00, 1.583430E-04 
8.754369E+00, 5.628024E-06 
2.560439E+00, 4.280895E-04 
3.747209E-02, 9.522375E-05 
8.540271E+00, 7.293272E-06 
3.267430E+00, 2.437001E-04 
6.719172E+00, 1.839617E-05 
8.657198E+00, 3.666131E-06 
9.792577E-01, 3.139310E-04 
5.087724E+00, 6.389593E-05 
7.826281E+00, 1.580318E-05 
8.156876E+00, 8.636788E-06 
6.458446E-01, 2.961762E-04 
3.945071E+00, 1.255682E-04 
6.971356E+00, 2.115187E-05 
9.212081E+00, 1.767984E-06 
3.218536E+00, 2.545189E-04 
7.640551E+00, 1.957976E-05 
3.631676E+00, 2.192283E-04 
1.241935E+00, 3.291153E-04 
9.269868E+00, 5.095045E-06 
1.145630E+00, 3.012012E-04 
7.751527E+00, 2.202162E-05 
8.108062E+00, 1.224352E-05 
9.241526E+00, 3.824426E-06 
3.342118E+00, 2.207374E-04 
7.467794E+00, 1.868877E-05 
7.601681E+00, 1.892947E-05 
2.721830E+00, 4.403793E-04 
6.652323E+00, 2.852558E-05 
5.517087E+00, 1.020665E-04 
6.656124E+00, 3.273902E-05 
3.435489E+00, 2.630484E-04 
4.301967E+00, 1.140457E-04 
7.538677E+00, 1.077834E-05 
8.695153E-01, 2.493401E-04 
9.457872E+00, 2.072049E-06 
2.666512E+00, 1.921804E-04 
3.568945E+00, 2.815499E-04 
3.321763E-01, 3.454047E-04 
3.108447E+00, 2.863482E-04 
9.495089E+00, 1.870868E-06 
3.083686E+00, 1.567070E-04 
5.848284E+00, 5.022566E-05 
2.068935E+00, 2.977639E-04 
4.641170E+00, 2.174653E-04 
4.872449E+00, 7.449057E-05 
3.161153E+00, 1.865261E-04 
7.311067E+00, 1.931101E-05 
1.333229E+00, 2.105335E-04 
4.964951E+00, 1.423695E-04 
3.305647E+00, 2.399691E-04 
9.629269E+00, 3.016481E-06 
4.459237E+00, 1.629956E-04 
3.120252E+00, 2.931902E-04 
4.505314E+00, 1.888811E-04 
5.573991E+00, 9.392385E-05 
9.656310E+00, 5.267225E-07 
7.723448E+00, 1.345533E-05 
7.581958E+00, 1.886819E-05 
2.131547E+00, 4.124285E-04 
8.988654E+00, 3.881671E-06 
4.138835E+00, 1.882271E-04 
8.699869E+00, 6.324112E-06 
2.238268E+00, 2.772654E-04 
9.639772E+00, 2.969510E-07 
7.319938E+00, 5.640452E-05 
7.179689E-01, 2.554886E-04 
6.442832E+00, 4.469725E-05 
4.730363E+00, 1.241198E-04 
5.318048E+00, 9.709178E-05 
6.212245E+00, 3.785966E-05 
4.153870E+00, 1.929333E-04 
9.347657E-01, 4.120592E-04 
3.872577E+00, 1.070932E-04 
8.395354E+00, 2.339895E-06 
2.336858E+00, 2.829300E-04 
1.796821E+00, 2.414488E-04 
3.214846E+00, 2.662810E-04 
4.397972E+00, 1.682044E-04 
5.432137E+00, 1.012556E-04 
7.569518E+00, 3.846609E-05 
2.020788E+00, 2.755691E-04 
3.700680E+00, 1.325223E-04 
6.228631E+00, 4.904628E-05 
1.223608E+00, 3.603357E-04 
5.486497E+00, 9.304372E-05 
2.315049E+00, 1.921804E-04 
4.221398E+00, 1.061832E-04 
6.269991E+00, 2.267972E-05 
9.212442E+00, 2.442979E-06 
1.253193E+00, 2.580102E-04 
7.811433E+00, 3.942539E-06 
7.000925E+00, 3.029189E-05 
5.277046E+00, 1.491927E-04 
3.594881E+00, 1.761379E-04 
9.416709E+00, 2.345702E-06 
6.718955E+00, 2.962034E-05 
8.964470E+00, 5.129945E-06 
2.486011E+00, 2.609276E-04 
4.312976E-01, 2.292474E-04 
2.362632E+00, 2.383741E-04 
1.578685E+00, 3.987691E-04 
7.509399E+00, 2.209856E-05 
5.745110E+00, 4.931128E-05 
1.720215E+00, 2.825340E-04 
8.239941E+00, 1.284557E-05 
2.830574E+00, 3.136368E-04 
6.231729E+00, 4.994653E-05 
9.061452E+00, 2.205524E-06 
1.809119E+00, 2.479953E-04 
1.504530E+00, 5.123620E-04 
8.426577E+00, 2.581940E-06 
9.918952E+00, 1.211837E-06 
3.533237E+00, 2.428479E-04 
8.425846E+00, 6.407796E-06 
1.072299E+00, 3.178083E-04 
2.556301E+00, 2.850814E-04 
8.056917E+00, 6.539579E-06 
4.204439E+00, 1.789183E-04 
8.226984E+00, 1.474123E-05 
2.430071E+00, 2.392160E-04 
7.767584E+00, 2.210965E-05 
5.452874E+00, 5.149737E-05 
6.438916E+00, 1.485316E-05 
6.936440E+00, 3.012844E-05 
3.633553E+00, 2.321395E-04 
1.403825E+00, 2.885685E-04 
5.123037E+00, 1.167817E-04 
8.451876E+00, 4.842101E-06 
5.679256E+00, 6.364203E-05 
7.025958E+00, 4.297263E-05 
4.115639E+00, 2.206753E-04 
8.579215E+00, 2.411088E-06 
4.186450E+00, 1.562491E-04 
1.015382E+01, 1.509045E-07 
6.061609E+00, 5.442349E-05 
6.913657E+00, 1.364070E-05 
4.099063E+00, 1.279404E-04 
1.980578E+00, 1.323810E-04 
8.484524E+00, 7.880529E-06 
4.813360E+00, 1.478692E-04 
6.081158E+00, 3.807548E-05 
9.721567E+00, 7.225293E-07 
3.578936E+00, 2.733850E-04 
3.779710E+00, 1.844306E-04 
3.996208E+00, 1.208388E-04 
8.407951E+00, 5.672910E-06 
3.379155E+00, 1.942915E-04 
6.723660E+00, 2.650363E-05 
2.332839E+00, 3.032756E-04 
8.382267E+00, 1.767474E-05 
2.010027E+00, 2.169207E-04 
2.108882E+00, 3.145055E-04 
9.641935E+00, 3.202424E-06 
4.276253E+00, 1.280801E-04 
2.294326E+00, 2.517551E-04 
5.997698E+00, 8.173628E-05 
3.373490E+00, 2.911751E-04 
5.500934E-01, 3.260414E-04 
6.436328E+00, 2.082046E-05 
6.945547E-02, 1.904475E-04 
5.745845E-01, 3.498760E-04 
1.318176E+00, 3.324265E-04 
9.032475E+00, 3.813950E-06 
4.287275E-01, 2.618389E-04 
6.978906E+00, 1.699567E-05 
9.417080E+00, 8.628400E-07 
4.160538E+00, 1.555991E-04 
9.269206E+00, 6.283422E-06 
4.103270E-01, 7.280041E-05 
2.222048E+00, 1.732582E-04 
1.020064E+01, 1.509045E-07 
7.067503E+00, 2.452502E-05 
4.280031E-01, 2.582086E-04 
9.966687E+00, 5.267225E-07 
3.098433E+00, 2.538119E-04 
2.955742E+00, 2.430278E-04 
2.678941E+00, 3.237666E-04 
4.221422E+00, 1.805567E-04 
1.979342E-01, 7.916503E-05 
3.226253E+00, 2.066195E-04 
3.632144E+00, 1.648122E-04 
5.753275E+00, 3.343222E-05 
4.004252E-01, 2.528323E-04 
8.773011E-01, 4.481865E-04 
6.105146E+00, 2.970673E-05 
3.065562E+00, 2.238415E-04 
7.573317E+00, 1.800442E-05 
2.146025E+00, 1.925719E-04 
9.631006E+00, 6.193123E-07 
6.636578E+00, 3.236013E-05 
1.539444E+00, 2.012144E-04 
2.794319E+00, 3.128105E-04 
2.893717E+00, 3.227263E-04 
8.872443E+00, 3.518091E-06 
5.158736E+00, 7.859949E-05 
6.244458E-01, 4.353629E-04 
7.478227E+00, 2.207456E-06 
3.305400E+00, 1.736882E-04 
5.612793E+00, 1.133766E-04 
4.187171E+00, 1.315632E-04 
9.043133E+00, 6.150480E-06 
2.175783E+00, 2.020853E-04 
4.183460E+00, 1.076063E-04 
8.228340E+00, 7.573760E-06 
1.034848E+00, 5.768778E-04 
7.853955E+00, 2.390111E-05 
3.182238E+00, 1.493372E-04 
9.552324E+00, 3.223160E-07 
3.549498E+00, 1.233669E-04 
4.591169E+00, 8.129466E-05 
5.504823E+00, 1.092516E-04 
4.386056E+00, 7.288629E-05 
8.826962E+00, 3.518335E-06 
3.615859E+00, 1.838906E-04 
6.282081E+00, 4.447921E-05 
-2.555086E+00, 1.645438E-02 
2.256335E+00, 1.820342E-04 
7.043341E+00, 2.333800E-05 
3.133723E+00, 1.723222E-04 
7.742556E-01, 3.828802E-04 
1.132952E+00, 5.502290E-04 
1.964956E-01, 1.221212E-04 
9.257874E+00, 1.218441E-06 
2.768908E+00, 4.352976E-04 
2.454690E+00, 2.862217E-04 
5.053239E+00, 8.816922E-05 
4.124332E+00, 1.288340E-04 
5.524690E+00, 3.990526E-05 
8.295116E+00, 9.352558E-06 
6.742545E-01, 4.306675E-04 
7.188338E-01, 3.179821E-04 
7.793418E-01, 4.059720E-04 
4.098332E+00, 1.859937E-04 
5.636465E+00, 7.777230E-05 
8.712095E+00, 2.937986E-06 
5.544727E+00, 8.175919E-05 
6.125579E+00, 4.775892E-05 
3.708938E+00, 2.366548E-04 
9.372312E+00, 6.193123E-07 
1.015536E+01, 6.044732E-07 
4.257120E+00, 1.039408E-04 
8.549126E+00, 1.216868E-05 
-2.567324E+00, 1.756817E-02 
5.936717E+00, 8.323038E-05 
7.609889E+00, 1.795890E-05 
5.558202E+00, 8.463311E-05 
7.212868E+00, 2.495783E-05 
5.284923E+00, 1.426473E-04 
3.571763E+00, 2.924323E-04 
2.828932E+00, 3.229278E-04 
2.064882E+00, 3.268456E-04 
5.968530E+00, 3.471793E-05 
3.355262E+00, 1.935682E-04 
9.254494E+00, 3.975290E-06 
1.683269E+00, 3.281234E-04 
5.433680E+00, 9.193043E-05 
1.132299E+00, 3.134589E-04 
2.357673E+00, 2.488523E-04 
2.540311E+00, 3.664958E-04 
8.170096E+00, 1.521104E-05 
1.036294E+00, 2.777615E-04 
-1.593921E-01, 1.556492E-04 
7.067709E+00, 1.759480E-05 
6.931137E+00, 2.647265E-05 
9.702588E+00, 2.242602E-07 
1.086799E+00, 3.887572E-04 
1.464340E+00, 2.429453E-04 
9.620181E+00, 2.090825E-06 
5.877510E+00, 6.283225E-05 
3.437428E-01, 1.653419E-04 
9.656711E+00, 2.908089E-07 
8.679540E+00, 7.270309E-06 
2.481215E+00, 2.131159E-04 
1.945138E+00, 3.002279E-04 
8.102825E+00, 1.192011E-05 
6.531493E+00, 2.083561E-05 
7.473123E+00, 1.037054E-05 
7.389559E+00, 1.261075E-05 
8.619481E+00, 7.764345E-06 
8.707636E+00, 3.810411E-06 
6.466249E-01, 3.565596E-04 
4.596800E+00, 9.075739E-05 
2.871500E+00, 3.500497E-04 
2.874786E-01, 2.854986E-04 
5.794520E+00, 7.905529E-05 
2.991643E+00, 1.336301E-04 
8.039651E+00, 8.544619E-06 
3.263942E+00, 2.250452E-04 
2.706946E+00, 2.901042E-04 
2.529789E+00, 2.665304E-04 
8.623917E-01, 4.351719E-04 
3.280836E+00, 1.718796E-04 
1.956559E+00, 1.965909E-04 
8.800771E+00, 4.224481E-06 
1.283105E+00, 2.804577E-04 
1.791619E+00, 2.917500E-04 
7.570931E+00, 1.175301E-05 
3.776376E+00, 1.451566E-04 
2.794798E+00, 2.645505E-04 
9.468331E-01, 2.913792E-04 
8.471408E+00, 9.297879E-06 
5.175486E+00, 1.155962E-04 
8.097701E+00, 2.440655E-05 
1.041655E+00, 4.591150E-04 
3.725061E+00, 2.868090E-04 
5.781297E+00, 8.234708E-05 
6.956114E+00, 4.852199E-05 
1.349994E+00, 2.933017E-04 
1.325123E+00, 4.660761E-04 
2.668823E+00, 4.759551E-04 
2.194579E+00, 2.503785E-04 
1.693803E+00, 2.288151E-04 
4.636714E+00, 1.034206E-04 
1.173430E+00, 4.902963E-04 
4.325572E+00, 1.680954E-04 
3.478479E+00, 2.510920E-04 
9.891011E+00, 2.600464E-07 
4.858632E+00, 1.814686E-04 
7.698242E+00, 1.157797E-05 
3.767514E+00, 2.348324E-04 
6.943147E-03, 7.916503E-05 
7.286525E+00, 2.701512E-05 
3.088854E+00, 1.550890E-04 
3.839620E+00, 1.122533E-04 
3.482466E+00, 2.329047E-04 
9.289093E+00, 2.019000E-06 
2.611146E+00, 3.549364E-04 
1.018850E+00, 3.731482E-04 
7.275861E+00, 2.469497E-05 
6.443184E+00, 3.300957E-05 
4.828141E+00, 1.018273E-04 
6.781458E+00, 2.613016E-05 
3.740397E+00, 1.400691E-04 
5.714502E-01, 4.808245E-04 
5.566609E+00, 3.252203E-05 
8.900662E+00, 3.643706E-06 
4.392165E+00, 1.091323E-04 
-7.567277E+00, 2.080524E-02 
4.274751E+00, 1.878873E-04 
8.360849E-01, 3.256132E-04 
9.203252E+00, 2.727580E-06 
8.068881E+00, 7.592693E-06 
2.947879E+00, 2.783608E-04 
2.421864E+00, 2.490087E-04 
4.616872E+00, 7.864206E-05 
3.753300E+00, 2.493323E-04 
5.874495E+00, 4.861142E-05 
7.448117E+00, 2.873643E-05 
4.104921E+00, 2.035999E-04 
3.797249E+00, 1.797420E-04 
7.080064E-01, 2.045628E-04 
7.510238E-01, 2.796225E-04 
7.170540E+00, 2.322176E-05 
1.878367E+00, 2.066555E-04 
1.368581E+00, 2.547720E-04 
-5.431024E+00, 1.889983E-02 
7.490460E-01, 5.581944E-04 
3.365532E+00, 2.270943E-04 
6.232036E+00, 3.449711E-05 
1.739513E+00, 5.347470E-04 
9.177329E+00, 4.835786E-06 
8.220081E+00, 1.069493E-05 
7.897585E+00, 3.342484E-05 
4.108340E+00, 1.332246E-04 
2.013422E+00, 2.408167E-04 
7.221220E+00, 9.888856E-06 
4.640849E+00, 1.084256E-04 
4.541432E-01, 3.089530E-04 
7.213405E+00, 2.417552E-05 
8.574634E+00, 6.013778E-06 
7.458189E+00, 1.481650E-05 
5.099214E+00, 6.840258E-05 
8.757223E+00, 4.779589E-06 
-4.975084E+00, 1.669364E-02 
5.546211E-01, 2.841793E-04 
7.737281E+00, 1.539413E-05 
1.294872E+00, 2.130748E-04 
4.207446E+00, 1.349997E-04 
9.743433E+00, 1.102762E-06 
6.863910E+00, 1.783811E-05 
8.298683E+00, 1.194447E-05 
9.229876E+00, 6.641927E-06 
2.046502E+00, 1.517352E-04 
2.257655E+00, 2.200217E-04 
5.405671E+00, 6.011059E-05 
6.599297E+00, 2.458094E-05 
6.154998E+00, 4.765101E-05 
3.045302E+00, 3.705050E-04 
5.183463E+00, 1.448185E-04 
6.139152E+00, 5.265603E-05 
7.612176E+00, 1.732545E-05 
1.171770E+00, 3.542729E-04 
8.209050E+00, 6.014538E-06 
7.773223E+00, 1.027749E-05 
4.994898E+00, 7.995859E-05 
2.831855E+00, 1.709559E-04 
4.358721E+00, 1.703537E-04 
2.836734E+00, 4.722066E-04 
9.097447E+00, 3.085834E-06 
2.581682E+00, 1.644171E-04 
1.072688E+00, 3.567252E-04 
6.784865E+00, 5.510780E-05 
5.676101E+00, 5.641795E-05 
6.632188E+00, 3.623428E-05 
7.228528E+00, 1.617238E-05 
1.051486E+00, 3.715708E-04 
7.905087E+00, 1.343749E-05 
5.107133E+00, 5.473492E-05 
6.234886E+00, 3.259513E-05 
9.294231E+00, 2.472821E-06 
7.032517E+00, 3.572830E-05 
4.871819E+00, 1.025790E-04 
5.643023E+00, 1.153653E-04 
7.857557E+00, 1.837034E-05 
3.741370E+00, 2.536825E-04 
2.372140E+00, 2.230107E-04 
5.602052E+00, 5.377699E-05 
1.255678E+00, 2.721387E-04 
4.361413E+00, 1.321062E-04 
2.582932E+00, 2.599037E-04 
3.809469E+00, 1.437092E-04 
8.822150E+00, 2.300147E-06 
9.354968E+00, 2.314550E-06 
7.300455E+00, 2.205537E-05 
8.769469E+00, 5.542531E-06 
9.541722E+00, 1.456239E-06 
7.956590E+00, 1.257109E-05 
4.210615E-01, 2.933738E-04 
1.286079E+00, 4.737762E-04 
8.925627E+00, 3.869207E-06 
3.601052E+00, 2.235601E-04 
5.170255E+00, 7.055893E-05 
6.151786E-01, 2.454496E-04 
4.858807E+00, 7.381329E-05 
4.416383E-01, 5.176353E-04 
6.874025E+00, 3.625580E-05 
6.540566E+00, 4.134740E-05 
5.913299E+00, 5.134431E-05 
8.094393E+00, 9.692807E-06 
5.672014E+00, 8.217502E-05 
1.200410E+00, 2.706019E-04 
4.199690E+00, 1.942438E-04 
3.088169E+00, 1.806970E-04 
2.656756E+00, 3.384847E-04 
6.746942E+00, 2.739355E-05 
7.297738E+00, 1.840615E-05 
4.196838E+00, 2.130327E-04 
5.989675E+00, 5.625589E-05 
1.506632E+00, 3.287759E-04 
7.805068E+00, 1.265701E-05 
3.861467E+00, 1.524796E-04 
9.361790E-02, 1.043078E-04 
5.942175E+00, 5.473175E-05 
5.628567E+00, 5.180504E-05 
5.199900E+00, 8.426628E-05 
5.644831E+00, 4.177943E-05 
4.661256E+00, 1.151313E-04 
7.498980E-01, 2.534848E-04 
5.798494E+00, 8.105661E-05 
1.623205E+00, 3.648941E-04 
2.878322E+00, 1.972907E-04 
7.952425E+00, 2.612226E-05 
6.813535E+00, 2.362340E-05 
1.199746E+00, 3.866153E-04 
8.145513E+00, 6.800063E-06 
6.387565E+00, 2.534228E-05 
1.354210E+00, 3.127925E-04 
3.738308E+00, 1.185264E-04 
2.320109E+00, 2.386317E-04 
9.463948E+00, 3.180992E-06 
5.646382E+00, 1.072636E-04 
9.039283E+00, 4.229005E-06 
2.117875E+00, 3.972164E-04 
9.117016E+00, 3.411613E-06 
2.555241E+00, 2.288734E-04 
7.656892E+00, 1.585771E-05 
4.802490E+00, 9.222984E-05 
8.583627E+00, 1.209532E-05 
5.597830E+00, 6.460600E-05 
5.344399E+00, 9.281476E-05 
8.170586E+00, 3.724558E-06 
7.984043E+00, 9.248874E-06 
1.213591E+00, 4.222478E-04 
9.315486E+00, 7.248760E-07 
7.920044E+00, 1.857539E-05 
3.817232E+00, 1.433738E-04 
9.487419E+00, 5.861981E-07 
5.042478E+00, 1.269035E-04 
6.343411E+00, 3.341266E-05 
7.189671E+00, 1.982685E-05 
2.866238E+00, 2.861268E-04 
6.012606E+00, 2.981216E-05 
9.298637E+00, 2.352326E-07 
1.892964E+00, 4.003637E-04 
3.400208E+00, 1.198962E-04 
1.773344E+00, 3.248647E-04 
6.510218E+00, 2.419459E-05 
8.085826E+00, 1.545564E-05 
7.179688E+00, 2.269723E-05 
7.429234E+00, 1.765965E-05 
6.242704E+00, 5.725220E-05 
4.178784E+00, 1.688161E-04 
9.111857E+00, 3.314715E-06 
1.602646E+00, 3.853217E-04 
7.885942E+00, 1.213425E-05 
3.024737E+00, 2.213650E-04 
7.553538E+00, 3.017529E-05 
4.722090E+00, 1.089331E-04 
3.047837E+00, 1.448026E-04 
6.638071E+00, 4.876292E-05 
3.500699E+00, 1.913503E-04 
6.865290E+00, 2.048948E-05 
2.574823E+00, 3.014601E-04 
3.730165E-01, 2.292474E-04 
3.533203E+00, 1.594497E-04 
2.014414E+00, 3.485106E-04 
2.062829E+00, 5.209923E-04 
9.094993E+00, 4.074272E-06 
5.379138E+00, 9.555949E-05 
9.054718E+00, 5.365733E-06 
5.655002E+00, 1.110511E-04 
9.259386E+00, 1.879758E-06 
7.807057E+00, 1.678133E-05 
1.996797E+00, 4.839473E-04 
5.054582E+00, 9.983162E-05 
1.123391E-01, 1.503441E-04 
6.610473E+00, 3.183652E-05 
7.110176E-01, 3.820853E-04 
1.352680E+00, 2.616926E-04 
6.185443E+00, 3.987795E-05 
8.619456E+00, 3.267218E-06 
6.320879E+00, 3.461354E-05 
1.282368E-01, 2.956948E-04 
4.818969E+00, 8.380653E-05 
1.076934E+00, 5.166168E-04 
8.975209E+00, 2.863429E-06 
7.354481E+00, 3.014839E-05 
2.097800E+00, 2.348317E-04 
9.991891E+00, 1.392483E-07 
5.163998E+00, 8.926576E-05 
4.366134E+00, 8.537223E-05 
4.926947E+00, 1.086307E-04 
8.213247E+00, 6.523960E-06 
2.546323E+00, 3.114728E-04 
5.117408E+00, 1.399361E-04 
9.462641E+00, 5.267225E-07 
7.682721E-01, 4.653874E-04 
9.364390E+00, 9.478302E-07 
7.322209E+00, 2.719236E-05 
7.672608E+00, 1.752967E-05 
7.540589E+00, 1.068024E-05 
7.427145E+00, 2.386971E-05 
6.312831E+00, 4.867401E-05 
5.261284E+00, 1.292376E-04 
5.838964E-01, 1.904475E-04 
9.868079E+00, 1.942777E-07 
5.911637E+00, 5.058289E-05 
7.799824E+00, 1.336442E-05 
6.024950E+00, 3.317508E-05 
7.252128E-01, 2.578436E-04 
2.427232E+00, 2.123797E-04 
3.741886E+00, 1.580817E-04 
6.780162E+00, 1.428033E-05 
4.492018E+00, 1.907582E-04 
3.815213E+00, 1.907577E-04 
2.589466E+00, 3.164569E-04 
1.497491E+00, 3.975013E-04 
4.258446E+00, 1.278512E-04 
2.379960E+00, 2.274757E-04 
2.897147E+00, 2.696301E-04 
1.412944E+00, 3.778895E-04 
1.442657E+00, 4.808944E-04 
3.974900E+00, 2.602582E-04 
2.996909E-01, 2.126123E-04 
2.946299E+00, 2.187007E-04 
8.054795E+00, 7.408080E-06 
7.064353E+00, 2.317989E-05 
7.047119E+00, 2.616193E-05 
5.789427E-01, 4.972180E-04 
6.312265E+00, 4.270023E-05 
1.101670E+00, 3.705076E-04 
7.353880E+00, 1.506690E-05 
5.202129E+00, 7.652925E-05 
4.031559E-01, 3.000359E-04 
1.186724E+00, 4.711712E-04 
8.705106E+00, 6.992823E-06 
9.508937E+00, 3.611044E-07 
8.809723E+00, 7.917066E-06 
6.191429E+00, 5.459629E-05 
2.208104E+00, 3.613339E-04 
1.410797E+00, 3.668332E-04 
2.125034E+00, 2.785541E-04 
2.799021E+00, 2.854461E-04 
9.352117E+00, 6.656010E-06 
3.875248E+00, 1.100956E-04 
4.341763E+00, 2.269302E-04 
7.173803E+00, 2.084196E-05 
3.067975E+00, 3.374640E-04 
7.373071E+00, 2.643077E-05 
2.320373E+00, 2.475230E-04 
4.601874E+00, 1.519858E-04 
7.203190E+00, 2.140291E-05 
1.572211E+00, 3.054186E-04 
4.681322E+00, 9.891680E-05 
1.465841E+00, 2.698031E-04 
8.412828E+00, 7.288126E-06 
8.930040E+00, 4.821108E-06 
3.429397E+00, 2.144522E-04 
4.793005E-01, 5.407724E-05 
6.514540E+00, 3.083761E-05 
8.018369E+00, 8.819808E-06 
3.259670E+00, 2.181903E-04 
7.807698E+00, 8.304259E-06 
5.104557E+00, 1.079075E-04 
2.339040E+00, 3.729137E-04 
2.813618E+00, 1.982553E-04 
5.792808E+00, 5.385215E-05 
8.251211E+00, 5.777712E-06 
8.595363E+00, 4.291701E-06 
9.436216E-01, 2.611578E-04 
7.980534E+00, 1.390690E-05 
7.912662E-01, 4.114332E-04 
3.264494E+00, 1.594773E-04 
1.012121E+00, 3.820850E-04 
4.533040E+00, 1.573234E-04 
7.508709E+00, 2.962861E-05 
6.791773E+00, 2.477568E-05 
8.447184E+00, 3.920969E-06 
6.804499E+00, 2.658349E-05 
8.557951E+00, 7.187085E-06 
8.218695E+00, 5.501528E-06 
3.651310E+00, 2.277742E-04 
6.190121E+00, 4.583942E-05 
2.191044E+00, 2.145135E-04 
9.030861E+00, 2.346553E-06 
7.152079E+00, 1.688388E-05 
6.076327E-01, 2.932411E-04 
8.481759E+00, 9.144053E-06 
8.045753E+00, 9.297879E-06 
9.550751E+00, 2.764495E-07 
3.137282E+00, 2.050403E-04 
8.934612E+00, 7.980516E-06 
7.545939E+00, 1.841159E-05 
3.171735E+00, 3.396006E-04 
3.552940E+00, 2.122658E-04 
1.771077E+00, 3.224983E-04 
8.802667E+00, 4.820574E-06 
3.562747E+00, 1.907577E-04 
1.958371E-01, 1.625417E-04 
2.479153E+00, 4.451544E-04 
4.830977E+00, 1.152484E-04 
2.867766E+00, 2.455594E-04 
5.452614E+00, 6.906797E-05 
4.722076E+00, 1.076444E-04 
2.632821E+00, 2.677232E-04 
2.891811E+00, 1.955215E-04 
7.381247E+00, 1.249119E-05 
4.766758E+00, 1.016538E-04 
7.125815E+00, 2.855997E-05 
3.444463E+00, 1.972907E-04 
3.472649E+00, 2.169518E-04 
5.223600E+00, 1.400878E-04 
8.419914E+00, 7.850048E-06 
8.495121E+00, 7.653557E-06 
4.417498E+00, 1.339546E-04 
9.043691E+00, 3.902888E-06 
5.241007E+00, 1.401615E-04 
3.815173E+00, 2.429856E-04 
8.154891E+00, 6.043129E-06 
8.701960E+00, 7.941250E-06 
8.075026E+00, 1.086079E-05 
3.292609E+00, 2.591879E-04 
2.426868E+00, 2.820881E-04 
-6.962391E+00, 1.969898E-02 
2.591790E+00, 3.099192E-04 
6.168099E+00, 6.539034E-05 
1.799081E+00, 4.178780E-04 
7.476939E+00, 2.479100E-05 
9.975332E+00, 3.546399E-07 
9.760526E+00, 5.704618E-07 
6.411489E+00, 4.168810E-05 
8.525761E+00, 4.537728E-06 
1.965319E+00, 2.441037E-04 
4.215570E+00, 2.488643E-04 
9.064788E+00, 5.784511E-06 
2.852642E+00, 4.181653E-04 
9.600921E+00, 6.244675E-07 
6.462434E+00, 5.362572E-05 
9.594126E+00, 2.633612E-07 
8.409108E+00, 1.354963E-05 
4.414939E-01, 2.111322E-04 
4.802819E+00, 1.227687E-04 
3.167336E+00, 2.113204E-04 
8.504512E-01, 3.728219E-04 
6.973763E-01, 3.348098E-04 
5.543351E+00, 1.028063E-04 
6.557447E+00, 4.981874E-05 
8.220757E+00, 9.132405E-06 
7.494036E+00, 1.891385E-05 
2.191411E-01, 1.498567E-04 
4.990432E-01, 5.576380E-04 
8.811269E+00, 8.458451E-06 
4.670046E+00, 7.568932E-05 
5.828471E+00, 6.187451E-05 
5.085449E+00, 1.578145E-04 
9.688650E+00, 3.611070E-07 
5.478304E-01, 4.880780E-04 
1.091852E+00, 3.888628E-04 
5.278381E-01, 4.015543E-04 
2.592252E+00, 1.913430E-04 
3.842884E+00, 1.400691E-04 
6.296233E-01, 3.363252E-04 
7.758168E+00, 1.581452E-05 
8.354729E+00, 1.053815E-05 
1.678052E+00, 2.574882E-04 
6.131388E+00, 5.457717E-05 
7.276349E+00, 2.386971E-05 
2.334154E+00, 2.766156E-04 
5.695293E+00, 4.470179E-05 
6.421110E+00, 3.060113E-05 
2.883618E+00, 2.950738E-04 
8.006798E+00, 1.085209E-05 
2.767646E-01, 7.678832E-05 
3.052282E+00, 2.470574E-04 
2.399233E+00, 2.324213E-04 
3.725101E+00, 1.604696E-04 
4.271111E+00, 2.211802E-04 
1.213848E+00, 2.650488E-04 
5.132197E+00, 6.683532E-05 
5.419026E+00, 1.157142E-04 
8.171327E+00, 7.582642E-06 
3.872288E+00, 1.859860E-04 
9.493618E+00, 1.149233E-06 
1.494064E+00, 4.441840E-04 
1.304763E+00, 3.690158E-04 
4.028637E+00, 8.711735E-05 
4.775626E+00, 1.179464E-04 
3.862005E+00, 2.704608E-04 
2.767918E+00, 2.488523E-04 
8.505508E+00, 9.124023E-06 
6.500655E+00, 3.236716E-05 
9.376824E+00, 8.329302E-07 
9.241922E+00, 3.874324E-06 
5.474710E+00, 5.751193E-05 
6.292124E+00, 2.936287E-05 
5.267000E+00, 1.130385E-04 
1.185255E+00, 5.423590E-04 
5.475373E+00, 5.923393E-05 
6.444647E-01, 2.323744E-04 
4.114915E+00, 1.287261E-04 
4.886751E+00, 1.105359E-04 
8.817780E+00, 6.228281E-06 
5.594059E+00, 5.865484E-05 
7.385310E+00, 3.044988E-05 
3.726181E-01, 1.821373E-04 
8.568527E+00, 6.357295E-06 
6.261096E+00, 4.593583E-05 
1.655001E+00, 2.086356E-04 
3.393280E+00, 7.062645E-05 
6.483540E+00, 3.083761E-05 
2.142743E+00, 3.002279E-04 
4.625035E+00, 1.765153E-04 
2.187051E+00, 2.594853E-04 
4.052063E+00, 1.539001E-04 
6.285852E+00, 3.408720E-05 
9.705868E+00, 3.275793E-07 
3.070830E+00, 2.763458E-04 
8.965169E+00, 5.449640E-06 
7.643573E+00, 1.781973E-05 
5.740561E+00, 7.489399E-05 
2.989541E+00, 2.117392E-04 
9.394108E+00, 3.223160E-07 
9.361356E+00, 1.258947E-06 
3.292296E+00, 2.050403E-04 
6.778671E+00, 2.086417E-05 
9.109135E+00, 4.334436E-06 
6.513582E+00, 2.956818E-05 
3.092835E+00, 2.493187E-04 
3.669085E+00, 1.407917E-04 
8.815466E+00, 4.273230E-06 
5.393063E+00, 5.865484E-05 
4.735353E+00, 1.095850E-04 
7.410979E-01, 2.970279E-04 
7.738362E+00, 2.427996E-05 
2.306592E+00, 2.174495E-04 
2.848694E+00, 4.250138E-04 
5.363998E+00, 6.427068E-05 
4.412708E+00, 1.641731E-04 
3.101519E+00, 4.011145E-04 
6.231044E+00, 5.529303E-05 
6.413550E+00, 3.491383E-05 
9.046394E+00, 4.048940E-06 
7.287014E+00, 2.278776E-05 
3.771819E+00, 2.243307E-04 
-4.499501E+00, 1.647387E-02 
6.543432E+00, 4.005128E-05 
7.703605E+00, 1.942265E-05 
3.396131E+00, 2.175994E-04 
3.546128E+00, 2.245065E-04 
2.712744E+00, 1.959694E-04 
4.823757E+00, 8.188851E-05 
8.800438E+00, 2.415518E-06 
7.854232E-01, 2.617322E-04 
2.976334E-01, 1.503441E-04 
1.552053E-01, 1.535766E-04 
1.864855E+00, 2.366051E-04 
8.695999E+00, 3.815934E-06 
4.977184E+00, 1.327102E-04 
4.725260E+00, 1.946975E-04 
7.090569E+00, 2.403764E-05 
9.268108E+00, 4.369829E-06 
9.738938E+00, 1.208946E-06 
5.322981E+00, 8.942689E-05 
2.722342E-01, 6.614794E-05 
7.325683E+00, 1.539413E-05 
8.238194E+00, 1.136513E-05 
6.605401E+00, 3.148249E-05 
7.386811E+00, 2.047664E-05 
5.533875E+00, 6.416354E-05 
3.204719E+00, 1.793832E-04 
4.096238E+00, 1.370100E-04 
6.833209E+00, 1.546660E-05 
1.557986E-01, 2.247811E-04 
9.104335E+00, 2.210726E-06 
5.807627E+00, 4.133387E-05 
7.179303E+00, 1.880251E-05 
1.722587E+00, 2.938147E-04 
4.330048E+00, 1.214850E-04 
1.894657E+00, 2.029942E-04 
6.791736E+00, 4.404249E-05 
5.090263E+00, 1.539386E-04 
3.758648E+00, 1.846084E-04 
2.534633E+00, 4.100448E-04 
9.780717E+00, 3.881366E-07 
8.160651E+00, 9.283137E-06 
6.872625E+00, 3.502804E-05 
8.309020E+00, 7.293272E-06 
9.247435E+00, 1.163235E-06 
8.711636E+00, 4.741028E-06 
9.263037E+00, 4.403188E-06 
5.110036E+00, 1.133053E-04 
5.618122E+00, 5.436553E-05 
3.040124E+00, 2.138822E-04 
8.438861E+00, 5.449640E-06 
3.172388E+00, 1.906166E-04 
2.323871E+00, 2.801888E-04 
9.808509E+00, 5.704618E-07 
2.583403E+00, 3.460788E-04 
3.208146E+00, 2.427775E-04 
1.659297E+00, 4.765534E-04 
7.636750E+00, 1.193810E-05 
4.205824E-01, 3.431686E-04 
1.444826E+00, 3.351497E-04 
5.996582E+00, 4.840206E-05 
9.291522E-01, 3.139310E-04 
2.215245E+00, 4.130900E-04 
6.183103E+00, 6.754738E-05 
4.136465E-01, 1.445404E-04 
4.575375E+00, 1.324606E-04 
9.190895E+00, 1.029772E-06 
8.061368E+00, 1.111314E-05 
7.419958E+00, 1.582966E-05 
3.627759E+00, 1.610030E-04 
4.579519E+00, 1.452042E-04 
6.036978E+00, 3.148249E-05 
4.929498E+00, 1.527370E-04 
5.427519E+00, 1.046287E-04 
5.019524E-01, 2.153210E-04 
3.953675E+00, 1.970522E-04 
7.756578E+00, 7.892250E-06 
5.929663E+00, 7.030231E-05 
3.111803E+00, 2.170586E-04 
3.658858E+00, 2.453722E-04 
1.438122E+00, 3.795571E-04 
2.253393E+00, 3.649273E-04 
4.645421E-01, 2.641655E-04 
7.925258E+00, 2.662494E-05 
1.888358E+00, 4.923938E-04 
4.567083E+00, 1.206404E-04 
5.403889E+00, 1.144288E-04 
8.436195E+00, 7.479380E-06 
5.251957E+00, 9.218148E-06 
7.845088E+00, 1.651099E-05 
6.598317E-01, 3.191125E-04 
4.938981E+00, 7.647622E-05 
1.599848E-01, 6.488956E-05 
4.626196E+00, 1.307627E-04 
7.646619E+00, 1.902777E-05 
8.374491E+00, 7.016550E-06 
3.689439E+00, 1.640153E-04 
7.075640E+00, 2.456707E-05 
9.069180E+00, 5.559730E-06 
7.472934E-01, 4.056590E-04 
2.854199E+00, 1.550937E-04 
3.768213E+00, 2.673569E-04 
4.720067E+00, 8.994409E-05 
4.008564E+00, 1.350555E-04 
8.298534E+00, 7.948376E-06 
3.382709E+00, 3.256848E-04 
6.251115E+00, 6.601939E-05 
7.354400E+00, 2.386583E-05 
9.012647E+00, 6.297366E-06 
1.461376E+00, 3.648096E-04 
7.614609E+00, 1.320535E-05 
4.002741E+00, 1.211680E-04 
4.935246E+00, 1.391180E-04 
9.029435E+00, 3.948740E-06 
2.294503E+00, 2.290648E-04 
7.948618E+00, 2.344345E-05 
3.543660E+00, 1.454336E-04 
6.971185E+00, 3.025227E-05 
1.178465E+00, 3.808950E-04 
8.490589E+00, 9.215452E-06 
2.290954E+00, 2.226018E-04 
9.514756E+00, 2.472821E-06 
8.769045E+00, 4.224481E-06 
1.049136E+00, 3.788791E-04 
9.181296E+00, 2.741807E-06 
6.435485E+00, 5.299847E-05 
4.082747E+00, 1.822674E-04 
2.724915E+00, 2.587889E-04 
5.513437E+00, 7.029219E-05 
7.294907E+00, 2.239256E-05 
1.010669E+00, 2.933738E-04 
8.426568E-01, 5.336188E-04 
5.943041E+00, 6.264744E-05 
4.021331E+00, 2.030379E-04 
-2.008221E-02, 6.488956E-05 
1.547910E+00, 2.820881E-04 
6.193359E-01, 2.716989E-04 
3.691123E+00, 2.731051E-04 
4.501885E+00, 2.266680E-04 
9.741670E+00, 1.238625E-06 
5.237685E+00, 9.450413E-05 
5.759243E+00, 4.883719E-05 
8.831901E-01, 5.327964E-04 
5.490415E+00, 5.391152E-05 
3.358268E+00, 2.372033E-04 
8.572969E+00, 3.188553E-06 
8.599460E+00, 4.784594E-06 
3.691525E+00, 1.423128E-04 
6.059686E+00, 3.585318E-05 
9.536213E+00, 1.445059E-06 
8.321931E+00, 5.401495E-06 
9.705191E+00, 5.858195E-07 
-6.551099E-02, 2.105407E-04 
1.724626E-01, 1.055661E-04 
1.029222E+00, 3.223768E-04 
-4.236908E-01, 1.718611E-02 
9.811907E+00, 4.290750E-07 
9.307504E+00, 7.335963E-07 
7.310005E+00, 1.812074E-05 
1.495502E+00, 3.854307E-04 
6.305145E+00, 4.033935E-05 
5.505381E+00, 1.331191E-04 
1.613933E+00, 3.131088E-04 
6.346666E+00, 4.128629E-05 
9.728636E+00, 7.375043E-07 
6.922482E+00, 2.693385E-05 
5.898396E+00, 8.017650E-05 
1.587503E+00, 2.670546E-04 
3.588593E+00, 2.687494E-04 
1.852430E-01, 2.086156E-04 
2.741365E+00, 2.945805E-04 
8.057222E+00, 1.308222E-05 
9.750445E+00, 9.409303E-07 
6.291658E+00, 2.579473E-05 
7.283171E+00, 2.161303E-05 
2.565404E+00, 2.475230E-04 
2.217250E+00, 3.743599E-04 
5.353552E+00, 1.232804E-04 
-1.315245E-01, 2.163089E-04 
6.863961E-01, 3.003102E-04 
7.292934E+00, 8.829824E-06 
4.150864E+00, 6.392561E-05 
6.349402E+00, 4.206642E-05 
5.189517E+00, 8.989668E-05 
5.625866E+00, 5.496887E-05 
5.821322E+00, 5.128009E-05 
-2.063687E-01, 8.121830E-05 
2.994013E+00, 3.193436E-04 
2.305541E+00, 2.126462E-04 
9.340984E+00, 3.384563E-06 
5.273677E+00, 1.036112E-04 
4.086961E+00, 1.563000E-04 
7.914192E+00, 1.499073E-05 
5.026604E+00, 1.367299E-04 
1.105241E+00, 3.025115E-04 
3.049585E+00, 2.086726E-04 
3.489083E+00, 1.571507E-04 
8.316583E+00, 6.421898E-06 
5.347069E+00, 1.007020E-04 
2.653989E+00, 2.849824E-04 
4.724955E+00, 1.083990E-04 
1.247847E+00, 4.665555E-04 
2.361089E+00, 3.850840E-04 
6.135611E+00, 7.205920E-05 
6.851983E+00, 2.148205E-05 
4.309387E+00, 1.816076E-04 
1.598315E+00, 3.060710E-04 
2.178328E+00, 4.220396E-04 
8.925062E+00, 4.362442E-06 
8.118556E+00, 9.914808E-06 
5.573393E+00, 4.896389E-05 
1.340636E+00, 2.831422E-04 
6.548884E+00, 3.093709E-05 
9.210923E+00, 2.794615E-06 
2.986840E+00, 2.249002E-04 
2.356197E+00, 2.370548E-04 
7.587064E+00, 1.148293E-05 
7.318971E+00, 2.292167E-05 
4.556711E+00, 2.316999E-04 
8.853060E+00, 2.581940E-06 
8.426062E+00, 9.914808E-06 
8.454763E+00, 3.629488E-06 
4.070807E+00, 1.634459E-04 
1.140233E+00, 2.721387E-04 
8.283692E+00, 1.456310E-05 
9.656844E+00, 1.024598E-06 
7.289765E+00, 2.293470E-05 
1.298350E+00, 4.460749E-04 
8.583423E+00, 9.604749E-06 
3.774505E+00, 1.206404E-04 
1.306704E+00, 4.118402E-04 
5.773974E-01, 4.595600E-04 
5.854149E+00, 6.254121E-05 
5.044940E+00, 1.406441E-04 
2.622195E+00, 4.255260E-04 
6.307670E+00, 3.664632E-05 
7.421725E-01, 4.210457E-04 
1.956651E+00, 2.444950E-04 
5.763140E+00, 3.887031E-05 
4.401846E+00, 1.298844E-04 
2.860209E+00, 2.037397E-04 
2.905488E+00, 3.328461E-04 
4.286825E+00, 1.187922E-04 
6.576831E+00, 3.141460E-05 
5.734606E+00, 3.840600E-05 
9.011204E+00, 4.539999E-06 
5.450717E+00, 8.955143E-05 
4.269903E+00, 1.726024E-04 
2.543348E+00, 2.176637E-04 
6.205470E+00, 4.654112E-05 
3.842231E+00, 1.267151E-04 
6.453379E+00, 4.301557E-05 
1.494189E+00, 2.734883E-04 
6.983590E+00, 4.193548E-05 
5.526736E+00, 6.588414E-05 
8.959475E-01, 2.859323E-04 
9.722796E+00, 9.398790E-07 
1.533423E+00, 1.664587E-04 
7.725853E-02, 2.828312E-04 
1.011013E+00, 3.999798E-04 
9.473745E+00, 6.044732E-07 
8.763895E+00, 3.328012E-06 
3.720789E+00, 2.375217E-04 
9.527158E+00, 5.592828E-07 
5.908876E+00, 9.538288E-05 
4.422097E+00, 1.637792E-04 
4.098681E+00, 1.445179E-04 
4.149023E+00, 2.372032E-04 
3.535142E+00, 1.506222E-04 
2.680200E+00, 2.707527E-04 
4.261168E+00, 1.088700E-04 
8.642208E+00, 4.327288E-06 
1.400439E+00, 2.226282E-04 
5.335802E+00, 4.840206E-05 
3.357730E+00, 2.233965E-04 
3.672011E+00, 2.761868E-04 
7.656861E-01, 4.163307E-04 
3.510565E+00, 1.789183E-04 
8.539050E+00, 4.005927E-06 
9.686607E+00, 1.085720E-06 
2.000256E+00, 2.779376E-04 
3.956599E+00, 2.094692E-04 
9.262549E+00, 1.000253E-06 
8.541506E+00, 4.386887E-06 
9.036271E+00, 2.352328E-06 
1.274359E-01, 1.628856E-04 
9.284185E+00, 1.386269E-06 
2.994389E+00, 2.386317E-04 
4.150013E+00, 2.674599E-04 
7.554247E+00, 1.337487E-05 
2.001284E+00, 3.110707E-04 
5.961851E+00, 5.566630E-05 
9.326217E+00, 9.831567E-07 
3.698334E+00, 1.130669E-04 
4.617004E+00, 9.122248E-05 
5.283319E+00, 1.004536E-04 
2.694144E+00, 2.634494E-04 
2.322205E+00, 1.681874E-04 
1.940987E+00, 4.388515E-04 
4.016670E+00, 1.473942E-04 
1.456420E+00, 2.775521E-04 
9.766280E+00, 1.158352E-06 
7.988516E+00, 7.016550E-06 
1.648312E+00, 3.258060E-04 
3.527084E+00, 2.625795E-04 
8.094253E+00, 1.302504E-05 
9.603689E+00, 1.743135E-07 
2.357933E+00, 4.193739E-04 
2.263982E+00, 2.988601E-04 
7.796504E+00, 1.696337E-05 
6.706097E+00, 1.181170E-05 
6.117591E-01, 5.645743E-04 
4.472542E+00, 1.339347E-04 
2.448813E+00, 3.638116E-04 
7.399387E+00, 2.738669E-05 
9.265055E+00, 1.418562E-06 
4.180808E+00, 9.746804E-05 
7.484952E+00, 2.207456E-06 
7.710128E-02, 2.206216E-04 
3.750896E-01, 1.500142E-04 
1.572674E+00, 2.606235E-04 
5.478331E+00, 6.959821E-05 
5.247485E+00, 7.790098E-05 
9.820764E+00, 4.428942E-07 
8.260930E+00, 1.553291E-05 
3.612815E+00, 2.879869E-04 
4.649888E+00, 1.418986E-04 
8.053835E+00, 1.458802E-05 
5.524168E+00, 1.015395E-04 
3.431930E+00, 2.024446E-04 
7.564221E+00, 1.644975E-05 
6.337273E+00, 4.849728E-05 
6.924512E+00, 1.690807E-05 
8.631825E+00, 2.857635E-06 
8.866510E+00, 3.962866E-06 
5.167397E+00, 1.068081E-04 
9.587702E+00, 6.372580E-07 
3.645109E+00, 1.355295E-04 
3.855381E+00, 1.524796E-04 
2.233128E+00, 2.059835E-04 
8.553395E+00, 4.419701E-06 
5.341031E+00, 7.268963E-05 
8.939989E+00, 3.525317E-06 
6.128101E+00, 6.117943E-05 
-4.084395E+00, 1.700196E-02 
1.794409E+00, 2.549268E-04 
1.634236E+00, 1.098848E-04 
1.004037E+01, 2.764724E-07 
5.661520E+00, 4.751509E-05 
7.944745E+00, 1.352382E-05 
2.985663E+00, 1.381857E-04 
3.638670E-01, 2.061850E-04 
9.097706E+00, 3.869207E-06 
6.980631E+00, 3.966732E-05 
3.987578E+00, 2.260558E-04 
7.626190E+00, 1.813838E-05 
5.940616E+00, 8.110178E-05 
7.254366E-01, 3.524283E-04 
6.642897E+00, 3.684816E-05 
2.419078E+00, 2.783689E-04 
9.647028E+00, 2.709998E-07 
1.313938E+00, 2.854986E-04 
4.865314E+00, 1.384491E-04 
5.704985E+00, 6.956832E-05 
1.058887E+00, 3.642746E-04 
2.854585E+00, 2.241188E-04 
3.977775E+00, 1.640153E-04 
6.309162E+00, 3.777230E-05 
8.592049E+00, 5.692224E-06 
6.211249E+00, 3.744081E-05 
4.192390E+00, 1.387536E-04 
8.410466E+00, 1.079701E-05 
6.976000E+00, 2.856066E-05 
8.506988E+00, 4.291701E-06 
6.724250E+00, 3.093320E-05 
1.493576E+00, 3.106083E-04 
6.863654E+00, 1.609404E-05 
1.725069E+00, 2.986704E-04 
4.474318E+00, 1.712823E-04 
8.941412E+00, 3.570190E-06 
1.693546E+00, 1.962565E-04 
7.145939E+00, 3.075421E-05 
7.435364E+00, 1.481650E-05 
7.803992E+00, 1.889670E-05 
5.125820E+00, 9.750794E-05 
5.341017E+00, 9.450413E-05 
4.505883E+00, 8.898683E-05 
9.425995E+00, 3.745814E-06 
7.222557E+00, 2.349825E-05 
3.726023E-01, 2.310516E-04 
8.104741E+00, 1.876549E-05 
5.846827E+00, 3.544252E-05 
5.399149E+00, 9.194146E-05 
5.772837E+00, 4.582519E-05 
8.945867E+00, 4.148734E-06 
2.555863E+00, 3.252742E-04 
3.821181E+00, 2.024446E-04 
7.617048E+00, 1.584366E-05 
1.433088E+00, 2.574882E-04 
5.600539E+00, 3.432478E-05 
2.047795E+00, 4.403450E-04 
2.041813E+00, 4.088145E-04 
8.918779E+00, 2.518430E-06 
9.335943E-01, 4.018176E-04 
4.343122E+00, 1.109451E-04 
4.675505E+00, 1.605277E-04 
1.454190E+00, 4.570014E-04 
3.536874E+00, 1.936042E-04 
1.033576E+00, 4.043169E-04 
6.884846E+00, 3.902890E-05 
1.465270E+00, 3.680415E-04 
7.386515E+00, 2.292307E-05 
3.836654E+00, 1.935682E-04 
7.121795E+00, 3.482466E-05 
5.744966E+00, 5.517574E-05 
4.780234E+00, 1.155412E-04 
4.874574E+00, 1.067283E-04 
4.814961E-01, 3.389403E-04 
5.918627E-01, 3.296835E-04 
2.782872E+00, 4.001078E-04 
-6.560564E+00, 1.885955E-02 
1.750128E+00, 2.793293E-04 
9.452698E+00, 2.113760E-06 
2.232475E+00, 3.758686E-04 
2.187710E+00, 3.309474E-04 
1.147417E-01, 3.190070E-04 
1.138625E+00, 3.857730E-04 
7.461648E+00, 1.484855E-05 
5.448955E+00, 6.788479E-05 
6.838135E+00, 3.493392E-05 
3.692444E+00, 2.451846E-04 
5.105465E+00, 9.731232E-05 
4.774987E+00, 1.346869E-04 
9.887889E-01, 3.190070E-04 
9.760334E+00, 3.687522E-07 
6.490743E+00, 3.521412E-05 
5.469282E+00, 8.013836E-05 
2.196520E+00, 3.967768E-04 
3.950918E+00, 1.715875E-04 
4.268920E+00, 1.416882E-04 
1.175568E-01, 2.270718E-04 
2.467899E+00, 1.524164E-04 
5.894443E-01, 2.913579E-04 
3.936755E+00, 7.266450E-05 
5.488917E+00, 7.505843E-05 
9.183921E+00, 2.115161E-06 
6.844066E+00, 3.106865E-05 
7.149936E+00, 1.699567E-05 
6.502302E+00, 4.766110E-05 
6.006880E+00, 4.106764E-05 
6.839380E+00, 2.868064E-05 
9.446838E-01, 2.085473E-04 
9.061104E+00, 3.007269E-06 
4.598549E+00, 1.069249E-04 
4.983437E+00, 1.137907E-04 
8.503554E+00, 1.564443E-05 
7.377969E+00, 9.266728E-06 
6.405062E-01, 3.503347E-04 
6.038402E+00, 9.911044E-05 
3.547008E+00, 2.322420E-04 
2.494038E+00, 2.274702E-04 
7.555234E+00, 1.979849E-05 
5.558044E+00, 7.169651E-05 
2.286321E+00, 3.189526E-04 
3.103982E+00, 1.788277E-04 
2.527564E+00, 1.881174E-04 
9.077347E+00, 1.009500E-06 
4.792610E+00, 9.074930E-05 
3.371653E+00, 8.386954E-05 
1.380310E-01, 2.286474E-04 
1.157565E+00, 3.864727E-04 
7.021720E+00, 3.560593E-05 
4.168872E+00, 1.060605E-04 
8.650716E+00, 5.162012E-06 
6.062227E+00, 2.493563E-05 
7.729720E+00, 1.530197E-05 
1.000787E+00, 2.749888E-04 
3.289157E+00, 2.541911E-04 
8.584306E+00, 6.193564E-06 
1.650331E+00, 2.647620E-04 
9.162075E-01, 4.081222E-04 
4.637182E-01, 1.810961E-04 
4.164994E+00, 1.475946E-04 
7.820146E+00, 1.921887E-05 
5.370011E+00, 6.123082E-05 
5.011083E+00, 1.214298E-04 
9.486413E+00, 7.225293E-07 
9.591906E+00, 2.518968E-07 
9.526388E+00, 9.464268E-07 
2.158987E+00, 3.802591E-04 
6.306354E+00, 6.006231E-05 
1.199772E-01, 7.991134E-05 
7.248364E+00, 2.423237E-05 
5.727149E+00, 4.769511E-05 
4.067200E+00, 2.075428E-04 
4.708333E+00, 1.061863E-04 
6.794822E+00, 3.189970E-05 
8.508857E+00, 6.313966E-06 
2.113406E+00, 2.861483E-05 
6.297913E+00, 2.274976E-05 
6.304747E-01, 2.554886E-04 
7.804876E+00, 1.251709E-05 
1.521717E+00, 3.079249E-04 
9.727783E+00, 4.617611E-07 
2.796050E+00, 2.948414E-04 
7.130931E+00, 1.876280E-05 
1.418382E+00, 4.604269E-04 
4.024126E+00, 1.688903E-04 
9.463866E+00, 4.623904E-06 
1.756311E+00, 3.349009E-04 
6.394930E+00, 2.953419E-05 
6.866293E+00, 2.047865E-05 
2.970322E+00, 8.386954E-05 
5.860687E+00, 8.847936E-05 
4.312461E+00, 1.891568E-04 
7.373187E+00, 1.188564E-05 
5.329738E+00, 9.378266E-06 
8.106123E+00, 8.177372E-06 
8.847960E+00, 2.876408E-06 
5.506234E+00, 8.614219E-05 
6.444777E+00, 2.962034E-05 
5.962847E+00, 3.481997E-05 
1.000206E+01, 7.225293E-07 
5.569445E-01, 9.262689E-05 
8.900670E+00, 4.960693E-06 
2.884961E+00, 2.186867E-04 
6.282202E+00, 3.700309E-05 
1.446453E-01, 1.904156E-04 
7.818815E+00, 1.282398E-05 
9.561888E+00, 1.554221E-06 
1.733280E+00, 2.092254E-04 
4.877966E+00, 1.211438E-04 
5.897095E+00, 8.596319E-05 
-7.394909E-01, 1.730990E-02 
5.081079E-01, 2.126123E-04 
2.599284E+00, 3.083995E-04 
8.981019E+00, 3.579599E-06 
9.061774E+00, 2.942313E-06 
5.796943E+00, 5.885520E-05 
4.832697E-01, 3.078407E-04 
7.851323E+00, 1.386999E-05 
2.397709E+00, 2.030286E-04 
6.324793E+00, 3.402360E-05 
4.440214E+00, 1.204288E-04 
8.505443E+00, 3.810411E-06 
4.836876E+00, 1.973439E-04 
8.190311E+00, 1.088957E-05 
4.372280E+00, 1.634539E-04 
2.641279E+00, 2.356068E-04 
8.380994E+00, 7.097016E-06 
5.781680E+00, 5.459629E-05 
7.669147E+00, 1.157797E-05 
7.106612E+00, 1.831016E-05 
1.150536E+00, 4.142741E-04 
3.124241E-01, 1.904475E-04 
6.540934E+00, 4.164335E-05 
8.324967E+00, 8.197728E-06 
2.371364E+00, 1.967160E-04 
-1.744770E+00, 1.841447E-02 
7.100717E+00, 3.512041E-05 
9.594208E+00, 1.102762E-06 
6.159704E+00, 3.811431E-05 
2.970709E-01, 2.415427E-04 
5.702137E+00, 4.447921E-05 
3.973103E+00, 1.064113E-04 
6.914506E+00, 5.021483E-05 
7.907585E+00, 1.347406E-05 
8.175584E+00, 1.192011E-05 
8.419268E+00, 4.649750E-06 
7.630777E+00, 2.308093E-05 
4.021550E+00, 1.249479E-04 
9.531574E+00, 2.963805E-07 
1.875670E+00, 3.071615E-04 
7.111428E+00, 3.913061E-05 
3.718358E-01, 3.305107E-04 
9.090510E+00, 2.198831E-06 
4.936741E+00, 1.045051E-04 
9.164344E+00, 4.181411E-06 
6.748108E+00, 5.330170E-05 
4.738773E+00, 1.087055E-04 
4.270059E+00, 1.930222E-04 
1.396583E+00, 2.474787E-04 
8.769496E+00, 2.904963E-06 
1.939587E+00, 1.029917E-04 
4.911208E+00, 1.409704E-04 
2.855383E+00, 1.859279E-04 
6.397791E+00, 4.328896E-05 
1.009030E+01, 7.974963E-07 
4.547234E+00, 1.423655E-04 
1.398691E+00, 3.396222E-04 
1.213978E+00, 4.478252E-04 
1.927569E+00, 3.985958E-04 
2.919773E+00, 3.516562E-04 
4.834933E+00, 1.040068E-04 
4.260015E+00, 1.199079E-04 
9.450014E-01, 4.442266E-04 
1.438323E+00, 3.938582E-04 
7.445330E+00, 1.872916E-05 
2.031228E+00, 2.146141E-04 
9.279485E+00, 2.268864E-06 
5.219446E+00, 1.422902E-04 
3.233943E-01, 2.854121E-04 
2.924288E+00, 2.117392E-04 
7.663236E+00, 1.729963E-05 
7.341185E-01, 3.560310E-04 
4.495825E+00, 1.052390E-04 
9.235784E-01, 3.300830E-04 
2.879377E+00, 2.296205E-04 
5.152092E+00, 7.573215E-05 
8.499177E+00, 3.724558E-06 
1.053846E+00, 4.170957E-04 
2.042353E+00, 3.605570E-04 
3.146501E+00, 2.039635E-04 
9.405137E+00, 1.053367E-06 
6.806030E+00, 2.456395E-05 
7.070774E-01, 2.493401E-04 
9.137775E+00, 1.594993E-06 
3.782749E-01, 1.746076E-04 
6.747766E+00, 6.029932E-05 
5.368131E+00, 8.678772E-05 
1.900077E+00, 3.377373E-04 
4.401441E+00, 1.297555E-04 
1.739019E+00, 4.248356E-04 
6.319363E+00, 5.101203E-05 
8.492746E+00, 4.455947E-06 
9.494741E+00, 6.943219E-06 
9.524334E+00, 3.092609E-06 
8.493261E+00, 8.052292E-06 
6.709938E+00, 2.910851E-05 
5.843724E+00, 5.311232E-05 
5.171501E-01, 3.306839E-04 
6.596460E+00, 4.309238E-05 
4.733769E+00, 1.246754E-04 
8.553825E+00, 5.809926E-06 
4.936130E+00, 8.268900E-05 
4.937906E+00, 6.697732E-05 
5.715240E+00, 8.806263E-05 
6.324538E+00, 6.658774E-05 
6.998585E+00, 3.572830E-05 
5.997923E+00, 6.883322E-05 
1.179358E+00, 2.957945E-04 
7.483828E+00, 1.917911E-05 
6.570708E-01, 3.112984E-04 
2.405447E+00, 2.200217E-04 
1.426716E+00, 3.540329E-04 
3.556808E+00, 2.066195E-04 
1.437330E-01, 2.260188E-04 
-7.046917E-01, 1.718481E-02 
6.898854E+00, 2.115187E-05 
4.710642E+00, 1.357602E-04 
8.823545E+00, 4.122554E-06 
3.309796E+00, 3.558849E-04 
4.777620E+00, 1.758182E-04 
8.032257E+00, 1.568451E-05 
5.641880E+00, 5.728783E-05 
4.893591E+00, 1.082492E-04 
-2.710221E-02, 1.181386E-04 
2.984411E+00, 3.137736E-04 
8.570965E+00, 7.004919E-06 
7.730752E+00, 1.706295E-05 
6.557396E+00, 5.344279E-05 
8.349339E+00, 6.193564E-06 
5.717334E+00, 5.300058E-05 
5.681924E-01, 3.758124E-04 
9.638421E+00, 8.970410E-07 
3.535549E+00, 1.423128E-04 
9.632156E+00, 1.895660E-06 
2.574702E+00, 3.516943E-04 
7.822621E+00, 1.237659E-05 
5.378157E+00, 7.646335E-05 
9.394490E+00, 1.418562E-06 
9.257829E-01, 3.739774E-04 
8.661957E+00, 5.365733E-06 
6.688439E+00, 4.229850E-05 
9.905405E+00, 3.296270E-07 
2.568103E+00, 2.444611E-04 
9.623444E+00, 2.031903E-06 
1.820782E+00, 2.085140E-04 
6.459690E+00, 2.911134E-05 
-9.310108E-02, 9.032901E-05 
6.121229E+00, 4.725288E-05 
2.783695E-01, 6.614794E-05 
-5.666461E+00, 1.989182E-02 
7.915499E+00, 1.617286E-05 
4.351991E+00, 1.271584E-04 
5.630075E+00, 7.386627E-05 
7.441162E+00, 3.553346E-05 
7.111840E+00, 1.989411E-05 
7.727945E+00, 1.282337E-05 
4.498275E+00, 1.900080E-04 
7.517564E+00, 3.027042E-05 
4.308576E+00, 1.567690E-04 
9.541992E-01, 4.140482E-04 
2.719738E+00, 2.336022E-04 
4.143238E+00, 1.432868E-04 
5.089783E+00, 1.089331E-04 
3.367606E+00, 2.350037E-04 
6.271515E+00, 8.083298E-05 
2.628869E+00, 2.670021E-04 
7.445336E+00, 2.158342E-05 
3.096794E+00, 2.202595E-04 
6.915813E-01, 2.691259E-04 
6.274416E+00, 6.995976E-05 
4.375831E+00, 1.454638E-04 
6.994271E+00, 3.329264E-05 
8.792052E+00, 4.600293E-06 
9.805503E+00, 1.212087E-06 
3.828843E+00, 2.025173E-04 
5.555248E+00, 9.303276E-05 
6.650497E+00, 3.341259E-05 
9.339076E+00, 6.907302E-07 
5.039777E+00, 1.106178E-04 
8.892060E+00, 5.975768E-06 
1.766313E+00, 2.176325E-04 
8.472269E+00, 4.620834E-06 
2.767657E-01, 1.445404E-04 
7.308448E+00, 2.559808E-05 
2.361901E-01, 2.786285E-04 
3.974594E-01, 9.522375E-05 
9.562147E+00, 4.976259E-07 
9.687448E+00, 2.709998E-07 
2.676124E+00, 2.444611E-04 
8.891928E+00, 3.631146E-06 
1.307647E+00, 4.436843E-04 
9.942948E+00, 3.943877E-07 
8.832224E+00, 3.568118E-06 
8.941185E-01, 4.001564E-04 
9.982193E+00, 3.943877E-07 
6.646538E-01, 1.893306E-04 
1.821173E-01, 1.519654E-04 
5.284413E-01, 1.134311E-04 
9.288892E+00, 2.623379E-06 
9.449918E+00, 5.861944E-07 
9.268000E+00, 1.113987E-06 
3.422843E-01, 3.267313E-04 
9.512332E+00, 1.251360E-06 
9.685799E+00, 6.982828E-07 
9.518763E+00, 9.409303E-07 
1.149316E-01, 9.393246E-05 
9.986373E+00, 2.518968E-07 
2.610870E-01, 7.678832E-05 
-5.684551E-02, 7.280041E-05 
-6.857777E-02, 1.332682E-04 
1.986327E-02, 6.488956E-05 
3.739890E-01, 1.112505E-04 
9.907877E+00, 4.485205E-07 
9.659350E+00, 9.398790E-07 
-2.375050E-01, 8.904594E-05 
9.493030E+00, 1.015951E-06 
8.409078E-02, 7.678832E-05 
9.398544E+00, 6.060433E-07 
-2.414319E-02, 1.500033E-03 
2.306981E-01, 1.500033E-03 
1.640198E-01, 3.000066E-03 
9.786211E-02, 1.500033E-03 
2.844058E-03, 1.500033E-03 
1.273881E-01, 1.500033E-03 
2.186925E-01, 1.952949E-04 
7.475050E-02, 1.471115E-04 
3.435592E-01, 2.325386E-04 
8.398551E-02, 1.821373E-04 
3.642132E-01, 1.628856E-04 
4.377100E-01, 1.595035E-04 
1.371414E-01, 1.564373E-04 
2.332079E-01, 3.000359E-04 
3.579335E-01, 2.854121E-04 
4.630830E-01, 2.411496E-04 
5.459257E-01, 2.323744E-04 
6.595920E-01, 2.842408E-04 
6.731236E-01, 2.841793E-04 
1.283204E+00, 2.654783E-04 
1.179138E+00, 2.611578E-04 
1.351225E+00, 2.580102E-04 
1.186062E+00, 2.562676E-04 
1.100812E+00, 2.462766E-04 
1.136989E+00, 2.443356E-04 
1.274537E+00, 2.170984E-04 
1.155669E+00, 2.049882E-04 
1.386918E+00, 2.474787E-04 
1.625732E+00, 2.238120E-04 
1.623610E+00, 2.226282E-04 
1.466136E+00, 2.160750E-04 
1.520876E+00, 2.366051E-04 
1.435607E+00, 2.130748E-04 
1.757837E+00, 2.105335E-04 
1.549357E+00, 2.012144E-04 
1.646524E+00, 2.659939E-04 
1.492822E+00, 2.616926E-04 
1.906322E+00, 2.557082E-04 
1.829812E+00, 2.243758E-04 
1.688164E+00, 2.092254E-04 
1.698862E+00, 2.086356E-04 
1.854394E+00, 1.962565E-04 
1.720587E+00, 2.085140E-04 
1.699841E+00, 1.859938E-04 
1.983086E+00, 1.854126E-04 
1.794563E+00, 1.735111E-04 
1.932133E+00, 2.238368E-04 
1.828680E+00, 2.145135E-04 
1.614810E+00, 1.986618E-04 
2.069643E+00, 1.951005E-04 
1.688449E+00, 1.847992E-04 
1.856274E+00, 1.540119E-04 
2.237092E+00, 2.785541E-04 
1.978490E+00, 2.352033E-04 
2.187750E+00, 2.290648E-04 
2.378250E+00, 2.066555E-04 
2.526709E+00, 2.146141E-04 
2.224997E+00, 2.383741E-04 
2.443497E+00, 2.131159E-04 
2.303007E+00, 1.967160E-04 
2.136246E+00, 1.913430E-04 
2.563546E+00, 2.766156E-04 
2.481600E+00, 2.392160E-04 
2.419367E+00, 2.282354E-04 
3.316529E+00, 2.170586E-04 
3.067705E+00, 1.709559E-04 
3.076278E+00, 1.493372E-04 
3.026116E+00, 2.256484E-04 
3.393376E+00, 1.718796E-04 
3.103296E+00, 1.493372E-04 
3.580936E+00, 1.594773E-04 
3.043304E+00, 1.493372E-04 
3.244807E+00, 1.427230E-04 
3.183577E+00, 1.381857E-04 
3.547111E+00, 1.846084E-04 
3.171116E+00, 1.336301E-04 
3.201453E+00, 2.274551E-04 
3.379705E+00, 1.784241E-04 
3.881853E+00, 1.407917E-04 
3.972473E+00, 1.394058E-04 
3.928687E+00, 1.267151E-04 
3.980103E+00, 1.634459E-04 
4.104583E+00, 1.086517E-04 
3.571823E+00, 1.130669E-04 
4.099869E+00, 1.064113E-04 
3.862092E+00, 9.746804E-05 
3.992085E+00, 9.670421E-05 
4.087665E+00, 9.367626E-05 
4.243800E+00, 9.338582E-05 
3.944738E+00, 1.396683E-04 
4.633222E+00, 1.040068E-04 
4.942973E+00, 9.891680E-05 
4.696421E+00, 9.122248E-05 
5.073972E+00, 8.994409E-05 
4.526143E+00, 8.898683E-05 
4.339176E+00, 8.129466E-05 
4.467530E+00, 7.568932E-05 
4.836048E+00, 9.207703E-05 
4.830082E+00, 7.425976E-05 
4.874129E+00, 7.381329E-05 
4.652857E+00, 6.697732E-05 
4.640351E+00, 6.684561E-05 
5.203684E+00, 8.018615E-05 
5.326672E+00, 7.790098E-05 
5.118059E+00, 7.055893E-05 
5.211627E+00, 6.683532E-05 
5.292634E+00, 6.389593E-05 
5.282372E+00, 8.445024E-05 
5.337274E+00, 6.959821E-05 
5.330632E+00, 6.840258E-05 
5.300038E+00, 6.408976E-05 
5.389761E+00, 6.157727E-05 
5.328996E+00, 6.427068E-05 
2.857905E+00, 1.335011E-04 
2.669546E+00, 1.335011E-04 
5.763035E+00, 5.193907E-05 
5.900322E+00, 5.881998E-05 
5.792221E+00, 5.311232E-05 
5.829617E+00, 5.300058E-05 
5.668041E+00, 5.128009E-05 
5.899051E+00, 3.471793E-05 
5.594849E+00, 3.744081E-05 
6.004456E+00, 3.648865E-05 
5.884675E+00, 3.471793E-05 
5.732508E+00, 3.471793E-05 
5.972917E+00, 3.422671E-05 
5.878991E+00, 3.339309E-05 
6.082015E+00, 3.333562E-05 
6.039250E+00, 3.280823E-05 
6.116426E+00, 4.044641E-05 
6.039509E+00, 3.895962E-05 
6.040643E+00, 3.740985E-05 
6.182454E+00, 3.638821E-05 
6.062503E+00, 3.408720E-05 
6.362762E+00, 4.646555E-05 
6.044870E+00, 4.593583E-05 
6.623936E+00, 4.128629E-05 
6.564484E+00, 2.826238E-05 
6.462198E+00, 2.274976E-05 
6.829915E+00, 3.273902E-05 
6.867748E+00, 2.911134E-05 
6.417420E+00, 2.910851E-05 
6.628843E+00, 2.739355E-05 
6.655645E+00, 2.458094E-05 
6.986439E+00, 2.845509E-05 
6.843230E+00, 2.456395E-05 
6.984624E+00, 2.150005E-05 
6.612041E+00, 2.083561E-05 
6.650666E+00, 2.048948E-05 
6.777004E+00, 2.801282E-05 
6.827143E+00, 2.082168E-05 
6.806346E+00, 1.848336E-05 
6.440949E+00, 1.799981E-05 
6.951671E+00, 1.699567E-05 
6.943701E+00, 1.609404E-05 
6.979259E+00, 1.546660E-05 
6.799702E+00, 2.530451E-05 
7.114281E+00, 2.267093E-05 
7.101863E+00, 1.855634E-05 
7.069041E+00, 2.038947E-05 
7.176361E+00, 1.842026E-05 
7.052487E+00, 1.756158E-05 
7.191364E+00, 1.720938E-05 
7.140260E+00, 2.386583E-05 
7.492930E+00, 1.982685E-05 
7.837020E+00, 1.891385E-05 
7.081643E+00, 1.701180E-05 
7.399988E+00, 1.644975E-05 
7.531996E+00, 1.620802E-05 
7.632530E+00, 1.521793E-05 
7.653924E+00, 2.014928E-05 
7.645732E+00, 1.484855E-05 
7.572106E+00, 1.193810E-05 
7.477364E+00, 1.175301E-05 
7.427704E+00, 1.121473E-05 
7.321931E+00, 1.068024E-05 
7.698505E+00, 1.037054E-05 
7.735972E+00, 1.007464E-05 
7.964892E+00, 1.123964E-05 
8.153865E+00, 1.085209E-05 
7.867992E+00, 9.733308E-06 
7.844955E+00, 9.248874E-06 
7.828747E+00, 8.821302E-06 
7.930483E+00, 8.819808E-06 
8.175309E+00, 7.716428E-06 
8.129039E+00, 1.113966E-05 
8.324141E+00, 8.636788E-06 
8.655175E+00, 1.155147E-05 
8.418943E+00, 7.288126E-06 
8.381309E+00, 6.013778E-06 
8.817348E+00, 4.779589E-06 
8.801160E+00, 7.683650E-06 
8.712134E+00, 5.237010E-06 
8.535319E+00, 4.779893E-06 
8.735240E+00, 4.779589E-06 
8.478526E+00, 4.779589E-06 
8.578776E+00, 4.007737E-06 
9.151190E+00, 4.495173E-06 
9.095140E+00, 3.441562E-06 
9.244657E+00, 3.404117E-06 
9.544046E+00, 1.629493E-06 
9.535267E+00, 1.444428E-06 
9.474311E+00, 1.045413E-06 
9.599229E+00, 1.125095E-06 
9.438869E+00, 1.015951E-06 
9.618203E+00, 9.464268E-07 
9.645835E+00, 8.628400E-07 
9.862982E+00, 1.258947E-06 
9.790552E+00, 1.208946E-06 
1.022239E+01, 1.564200E-07 
9.914624E+00, 1.392483E-07 
1.012246E+01, 2.764724E-07 
9.913031E+00, 1.564200E-07 
1.001883E+01, 1.564200E-07 
9.973127E+00, 1.392483E-07 
9.849695E+00, 1.392483E-07 
1.003540E+01, 2.764724E-07 
9.993259E+00, 2.764724E-07 
9.999204E+00, 2.709998E-07 
1.010686E+01, 2.633612E-07 
1.003341E+01, 2.488130E-07 
9.896417E+00, 2.242602E-07 
9.829564E+00, 1.564200E-07 
1.028592E+01, 1.564200E-07 
1.011367E+01, 1.564200E-07 
9.793933E+00, 1.564200E-07 
9.988285E+00, 1.392483E-07 
1.009693E+01, 1.392483E-07 
9.955992E+00, 1.392483E-07 
9.936044E+00, 1.392483E-07 
