8.565580E+00, 4.414271E-06 
2.313009E+00, 3.264649E-04 
3.391464E+00, 1.902917E-04 
8.325717E+00, 1.081503E-05 
1.059312E+01, 8.855211E-07 
2.375598E+00, 4.571669E-04 
7.579433E-01, 2.731690E-04 
6.556342E+00, 2.877815E-05 
8.079387E+00, 1.822569E-05 
-1.492970E+00, 1.637941E-02 
3.341775E+00, 2.262245E-04 
5.132351E+00, 1.034523E-04 
6.399235E+00, 4.344331E-05 
-1.457227E+00, 6.621942E-03 
7.795548E-01, 4.385904E-04 
7.504265E+00, 1.482622E-05 
5.686171E+00, 7.560071E-05 
4.598770E-01, 3.524698E-04 
2.680662E+00, 3.282313E-04 
7.755786E+00, 2.217150E-05 
3.099294E+00, 1.968797E-04 
8.066068E+00, 1.186745E-05 
8.400355E+00, 1.287096E-05 
2.552115E+00, 3.739283E-04 
6.216546E+00, 2.822581E-05 
8.243361E+00, 6.475854E-06 
9.581531E+00, 2.982666E-06 
9.185177E+00, 2.663151E-06 
8.952751E-01, 2.816638E-04 
7.634337E+00, 1.813988E-05 
5.383452E+00, 1.154299E-04 
6.264939E-01, 3.503446E-04 
1.269320E+00, 3.574262E-04 
9.767615E+00, 6.367893E-07 
6.496013E+00, 4.385032E-05 
3.091478E+00, 2.952013E-04 
9.736756E+00, 4.766543E-07 
1.771310E+00, 6.174562E-04 
6.659809E+00, 1.772235E-05 
1.318255E+00, 5.571716E-04 
1.026956E+01, 1.715657E-06 
4.942444E+00, 8.985709E-05 
8.774751E+00, 4.247169E-06 
6.517472E+00, 2.238920E-05 
5.749688E+00, 5.655215E-05 
5.756730E+00, 6.032843E-05 
1.132981E+01, 5.902360E-07 
7.284178E-01, 3.756756E-04 
1.564030E-01, 4.925947E-04 
9.277813E+00, 5.530796E-06 
7.096654E+00, 2.075654E-05 
1.452156E+00, 4.399866E-04 
1.639849E+00, 3.451063E-04 
8.021925E-01, 3.858733E-04 
-4.879091E-01, 1.397354E-02 
2.806124E+00, 1.676176E-04 
4.926019E-01, 3.250135E-04 
4.079717E-01, 3.941858E-04 
6.015507E+00, 9.910017E-05 
1.753990E+00, 4.666900E-04 
6.572775E+00, 3.774562E-05 
4.740836E-01, 4.445173E-04 
8.331237E+00, 7.149207E-06 
6.486133E+00, 3.373258E-05 
7.036902E+00, 2.906651E-05 
2.056481E+00, 5.243232E-04 
1.046406E+01, 7.177322E-07 
1.791946E+00, 3.996572E-04 
2.312515E+00, 2.905053E-04 
6.471998E+00, 2.556013E-05 
1.386251E+00, 4.904230E-04 
1.186599E+00, 3.022092E-04 
5.519020E+00, 1.143209E-04 
7.714346E+00, 1.328444E-05 
4.053126E-01, 1.166098E-04 
7.468428E+00, 1.936739E-05 
9.472612E+00, 2.476273E-06 
1.014418E+00, 3.907641E-04 
6.245964E+00, 4.565016E-05 
2.844657E+00, 2.857914E-04 
6.017776E-01, 3.738858E-04 
8.218153E+00, 7.029382E-06 
3.392736E+00, 2.662807E-04 
1.695297E+00, 3.611361E-04 
8.979717E+00, 3.558624E-06 
3.876625E+00, 2.035126E-04 
3.616729E+00, 2.753559E-04 
4.064177E+00, 1.951014E-04 
2.123449E+00, 2.486977E-04 
6.562633E-01, 3.360268E-04 
8.144551E+00, 9.419062E-06 
7.202756E+00, 3.024292E-05 
2.907505E+00, 2.152945E-04 
6.316530E+00, 8.300643E-05 
1.110715E+00, 2.914245E-04 
7.382121E+00, 2.075654E-05 
6.949067E+00, 1.750415E-05 
6.260766E+00, 3.396023E-05 
6.508487E+00, 3.272554E-05 
4.722963E+00, 1.448467E-04 
8.516699E+00, 5.139371E-06 
9.493263E+00, 2.012350E-06 
8.793416E+00, 5.585902E-06 
8.200245E+00, 1.041181E-05 
6.791030E+00, 3.051503E-05 
4.700771E-01, 5.567944E-04 
2.008194E+00, 2.787233E-04 
9.712095E+00, 1.315980E-06 
1.748270E+00, 3.965264E-04 
5.266863E+00, 1.220754E-04 
7.346728E+00, 1.971922E-05 
2.261087E+00, 2.239170E-04 
1.390855E+00, 3.384136E-04 
9.261392E+00, 7.381089E-06 
-7.531562E-01, 1.287456E-02 
3.991171E+00, 1.581360E-04 
6.771039E+00, 3.187991E-05 
8.322563E+00, 5.064939E-06 
4.806733E+00, 8.610893E-05 
1.731258E-01, 4.925947E-04 
1.716885E+00, 2.774620E-04 
9.019987E+00, 5.016838E-06 
8.137421E+00, 1.907422E-05 
9.553901E+00, 1.582006E-06 
2.642801E+00, 1.597116E-04 
8.512967E+00, 7.350207E-06 
4.057723E+00, 1.890278E-04 
1.977667E+00, 3.934050E-04 
6.617966E+00, 4.711876E-05 
1.011948E+01, 6.185745E-07 
8.662694E+00, 8.009758E-06 
4.436309E+00, 1.429756E-04 
5.109971E+00, 1.113554E-04 
2.329126E+00, 3.187506E-04 
1.629950E+00, 4.791303E-04 
8.513050E+00, 4.614151E-06 
2.736353E+00, 3.034490E-04 
7.028310E+00, 2.289059E-05 
7.916004E+00, 9.782179E-06 
3.871482E+00, 2.510591E-04 
5.940689E+00, 8.798744E-05 
8.200854E+00, 1.482622E-05 
5.544920E+00, 1.073326E-04 
9.130924E+00, 2.408624E-06 
6.073573E-01, 4.715359E-04 
4.909082E+00, 1.462739E-04 
5.057325E+00, 8.358823E-05 
2.052739E+00, 4.277017E-04 
7.711459E+00, 1.225006E-05 
5.908495E+00, 3.192498E-05 
1.765058E+00, 4.231258E-04 
2.629875E+00, 2.569539E-04 
6.255408E+00, 2.984477E-05 
9.739805E+00, 2.207841E-06 
3.603745E-01, 5.523592E-04 
7.859126E-01, 4.487121E-04 
7.403267E-01, 5.401490E-04 
6.213723E+00, 7.122487E-05 
8.041371E+00, 9.509791E-06 
3.127235E+00, 3.068188E-04 
1.317227E+00, 3.924537E-04 
4.668112E+00, 1.463918E-04 
9.577194E+00, 2.268394E-06 
7.531621E+00, 1.062550E-05 
7.992823E+00, 1.924870E-05 
7.396850E-01, 3.718828E-04 
5.496559E+00, 1.492427E-04 
6.360068E+00, 4.449086E-05 
7.958335E-01, 4.205911E-04 
8.200875E+00, 1.440403E-05 
5.887036E+00, 5.557687E-05 
3.866126E+00, 1.815553E-04 
1.274164E+00, 3.212691E-04 
3.174438E+00, 1.872989E-04 
3.462272E+00, 1.848821E-04 
3.722965E-01, 5.595251E-04 
3.173502E+00, 2.473502E-04 
3.889808E-01, 2.462973E-04 
9.543733E+00, 3.243536E-06 
9.657621E+00, 1.327795E-06 
5.282098E+00, 7.907395E-05 
2.660493E+00, 1.859785E-04 
1.440037E-01, 5.211636E-04 
2.000439E+00, 6.927141E-04 
6.494602E+00, 3.373258E-05 
2.319941E+00, 3.596561E-04 
4.107326E+00, 2.941454E-04 
6.391288E+00, 3.904162E-05 
1.142237E+00, 3.738858E-04 
7.023469E+00, 1.341396E-05 
-2.080831E+00, 1.571143E-02 
3.486001E+00, 1.748156E-04 
8.194468E+00, 1.279648E-05 
4.654121E+00, 1.801757E-04 
4.381201E+00, 1.145632E-04 
3.433337E+00, 1.722179E-04 
3.962395E+00, 1.641834E-04 
9.995383E+00, 6.543381E-07 
3.014942E+00, 2.412540E-04 
-4.939934E+00, 1.887867E-02 
2.969354E+00, 1.384834E-04 
2.629584E+00, 2.262042E-04 
2.117164E+00, 6.273664E-04 
5.834553E+00, 6.807711E-05 
2.038473E+00, 6.402792E-04 
-1.955053E+00, 1.553117E-02 
8.615377E+00, 5.894741E-06 
4.744508E+00, 5.941094E-05 
2.818272E+00, 2.712322E-04 
8.987578E+00, 4.414271E-06 
8.896648E+00, 4.961711E-06 
9.717579E+00, 1.309759E-06 
9.971230E+00, 1.092790E-06 
1.800184E+00, 3.537335E-04 
5.119583E+00, 1.064789E-04 
6.990645E+00, 3.797328E-05 
6.419624E+00, 4.895828E-05 
9.971996E+00, 1.044709E-06 
3.059171E+00, 1.964351E-04 
1.781966E-03, 2.652234E-04 
9.661024E-02, 3.105107E-04 
2.302686E+00, 5.445656E-04 
4.951173E+00, 9.334520E-05 
1.806063E-01, 6.118886E-04 
8.685878E-02, 4.630180E-04 
1.002777E+01, 1.585594E-06 
5.481204E+00, 9.415943E-05 
4.085211E+00, 9.238519E-05 
5.202390E+00, 8.324391E-05 
6.202403E+00, 2.657455E-05 
2.099696E-01, 5.927915E-04 
6.902393E+00, 2.794103E-05 
4.420370E+00, 1.774067E-04 
1.017058E+00, 2.860292E-04 
9.074623E-01, 4.523447E-04 
9.635198E+00, 1.171887E-06 
6.403343E+00, 4.608196E-05 
6.861240E+00, 2.650612E-05 
2.678160E+00, 2.723007E-04 
7.810879E+00, 1.717080E-05 
3.445173E+00, 1.569019E-04 
6.394575E+00, 3.516070E-05 
1.385314E+00, 3.481205E-04 
1.322931E+00, 4.127171E-04 
5.200706E+00, 8.429053E-05 
5.028886E+00, 7.548590E-05 
3.526462E+00, 1.570620E-04 
2.946011E+00, 2.869774E-04 
2.386595E+00, 2.895918E-05 
4.157374E+00, 2.859578E-04 
6.809897E+00, 3.323653E-05 
6.062851E+00, 4.246416E-05 
6.191918E+00, 3.127148E-05 
9.234800E+00, 7.601220E-06 
6.264714E+00, 2.869101E-05 
3.122434E+00, 1.866294E-04 
3.360377E+00, 2.620206E-04 
4.985958E+00, 1.223147E-04 
7.484191E+00, 1.340104E-05 
6.989616E+00, 3.068234E-05 
8.212871E+00, 1.358221E-05 
7.537958E+00, 1.147727E-05 
1.928111E+00, 2.947178E-04 
4.247169E+00, 2.047123E-04 
2.780257E+00, 2.690190E-04 
4.389453E+00, 1.231112E-04 
8.242692E-01, 4.398508E-04 
6.602408E+00, 2.227915E-05 
3.325430E-01, 2.567916E-04 
5.062061E+00, 1.143209E-04 
6.237636E+00, 3.059429E-05 
3.965678E+00, 2.658969E-04 
7.494984E+00, 1.778951E-05 
9.210007E+00, 1.754209E-06 
7.138394E+00, 2.222290E-05 
9.438944E+00, 1.550129E-06 
6.582446E+00, 5.154352E-05 
4.939904E+00, 7.575837E-05 
3.552971E+00, 2.963278E-04 
6.055114E+00, 5.143610E-05 
2.052504E+00, 4.221138E-04 
9.261201E+00, 2.944063E-06 
7.670702E+00, 1.069011E-05 
1.691667E+00, 3.718800E-04 
5.584575E+00, 8.129152E-05 
5.006352E+00, 7.701020E-05 
5.539256E+00, 8.109763E-05 
1.455496E+00, 5.462419E-04 
6.986754E-01, 3.360268E-04 
6.501257E+00, 3.041042E-05 
9.219308E+00, 5.718194E-06 
8.249285E+00, 8.727355E-06 
6.366388E+00, 3.907922E-05 
8.927973E+00, 7.530106E-06 
7.809243E+00, 1.582157E-05 
6.975911E+00, 2.264896E-05 
2.663140E+00, 2.303636E-04 
6.495829E-01, 5.329476E-04 
3.065558E+00, 1.732753E-04 
6.239733E+00, 2.617764E-05 
8.994330E+00, 3.003856E-06 
1.985715E+00, 2.501620E-04 
6.112084E+00, 4.652647E-05 
7.812265E+00, 6.444825E-05 
3.574913E+00, 2.052380E-04 
4.444862E+00, 1.481880E-04 
6.747838E+00, 2.830178E-05 
9.318231E+00, 1.943511E-06 
9.497407E+00, 2.725654E-06 
7.028512E+00, 3.331392E-05 
4.598769E+00, 1.561200E-04 
6.393017E+00, 2.542658E-05 
9.151337E+00, 3.966298E-06 
6.192263E+00, 3.867830E-05 
6.078141E+00, 6.257176E-05 
6.071867E+00, 5.305888E-05 
3.093003E+00, 2.472198E-04 
5.426029E+00, 8.491496E-05 
4.521462E+00, 1.502520E-04 
7.712299E+00, 2.137403E-05 
1.983309E+00, 4.981934E-04 
9.785996E+00, 2.207841E-06 
3.981961E+00, 1.927086E-04 
1.890951E+00, 3.244636E-04 
4.922131E+00, 1.159360E-04 
1.874991E+00, 3.756756E-04 
-3.726800E-01, 1.645726E-02 
6.014437E+00, 3.648751E-05 
7.174378E+00, 3.146822E-05 
4.232295E+00, 7.440740E-05 
4.891116E+00, 9.249755E-05 
1.863585E+00, 4.739314E-04 
-1.059643E-01, 3.770575E-04 
5.872413E+00, 5.335886E-05 
3.802078E-01, 4.017597E-04 
1.019614E+01, 1.396212E-06 
6.000237E+00, 4.613753E-05 
5.719558E+00, 4.111856E-05 
7.791813E+00, 9.363290E-06 
5.404252E+00, 1.224321E-04 
5.682805E+00, 8.730004E-05 
5.699591E+00, 1.360429E-04 
3.819457E-01, 3.808521E-04 
7.232435E+00, 1.410445E-05 
6.695766E+00, 1.826669E-05 
5.336893E+00, 1.234297E-04 
1.396777E+00, 2.859563E-04 
5.504431E+00, 8.217981E-05 
3.386642E+00, 1.491559E-04 
7.068234E+00, 1.991408E-05 
3.572432E+00, 2.911132E-04 
9.988773E+00, 6.071903E-07 
6.725588E+00, 3.298374E-05 
1.700255E+00, 2.895918E-05 
2.340714E+00, 2.233273E-04 
9.594321E+00, 1.237149E-06 
3.675739E+00, 1.283543E-04 
7.532074E+00, 2.234981E-05 
3.999885E+00, 1.746903E-04 
8.588812E+00, 4.363677E-06 
4.909643E+00, 9.961124E-05 
2.130916E+00, 2.914245E-04 
1.538445E+00, 2.458750E-04 
4.774113E+00, 6.699236E-05 
5.965203E+00, 7.662384E-05 
6.076639E+00, 5.477944E-05 
7.345770E+00, 1.877323E-05 
8.710707E+00, 6.773103E-06 
9.365529E+00, 2.132345E-06 
5.744590E+00, 1.153860E-04 
7.055797E+00, 2.888119E-05 
9.217901E+00, 2.944063E-06 
3.316331E+00, 1.471710E-04 
4.830310E+00, 7.931645E-05 
1.668461E+00, 4.274599E-04 
1.704039E+00, 4.172466E-04 
7.624809E+00, 1.021931E-05 
8.521606E+00, 6.662522E-06 
1.856284E+00, 3.488932E-04 
7.762582E+00, 1.025268E-05 
3.131483E+00, 3.456372E-04 
4.652815E+00, 7.331356E-05 
8.632469E+00, 9.737988E-06 
2.602265E+00, 2.246840E-04 
7.877305E+00, 9.128080E-06 
4.060385E+00, 1.544651E-04 
3.397851E+00, 1.276349E-04 
1.682209E+00, 3.967953E-04 
7.216803E+00, 3.592352E-05 
7.782820E+00, 1.389177E-05 
2.871181E+00, 1.267229E-04 
1.966961E+00, 4.038861E-04 
6.631273E+00, 4.561189E-05 
2.905748E+00, 2.145791E-04 
8.243019E+00, 1.852464E-05 
7.091035E+00, 1.935087E-05 
3.827759E+00, 8.079017E-05 
7.226296E+00, 2.586962E-05 
8.993748E+00, 7.162333E-06 
2.897494E-01, 2.332196E-04 
4.540975E+00, 1.571969E-04 
1.672369E+00, 4.415299E-04 
2.094659E+00, 4.593346E-04 
5.523786E+00, 7.114952E-05 
1.246343E+00, 5.516374E-04 
7.073580E+00, 2.239288E-05 
2.368833E+00, 2.533772E-04 
5.857902E+00, 4.242468E-05 
2.156437E+00, 3.844801E-04 
2.986528E+00, 2.818366E-04 
2.293384E+00, 2.595032E-04 
8.734842E-01, 5.560546E-04 
3.811366E+00, 2.510907E-04 
7.872375E-01, 3.360268E-04 
4.703719E+00, 1.295065E-04 
9.360726E+00, 2.594413E-06 
7.491416E+00, 1.636921E-05 
5.976937E+00, 3.483145E-05 
2.024247E+00, 2.898808E-04 
4.265307E+00, 2.510955E-04 
2.159008E+00, 4.186816E-04 
-2.255982E+00, 1.603617E-02 
9.724166E+00, 1.099841E-06 
4.238357E+00, 1.909543E-04 
5.508839E+00, 9.032986E-05 
4.805779E+00, 7.219445E-05 
6.436767E+00, 4.666339E-05 
9.194068E+00, 5.805540E-06 
3.486928E-01, 3.462685E-04 
2.079756E+00, 3.047251E-04 
7.002181E-01, 3.360268E-04 
3.997666E+00, 1.316289E-04 
1.711646E-01, 2.066600E-04 
8.133856E+00, 1.015462E-05 
1.948140E+00, 3.670281E-04 
3.911727E+00, 2.042739E-04 
2.037448E+00, 4.164484E-04 
1.042630E+00, 5.652465E-04 
7.356274E+00, 1.868217E-05 
1.990457E-02, 3.050436E-04 
9.999822E+00, 9.199120E-07 
6.505851E+00, 5.992741E-05 
3.242216E+00, 1.831258E-04 
3.872863E+00, 1.449967E-04 
6.382944E+00, 3.985118E-05 
5.372195E-01, 5.412632E-04 
5.000835E+00, 9.415143E-05 
9.324452E+00, 5.052377E-06 
6.159187E+00, 5.648109E-05 
8.413863E+00, 1.119743E-05 
5.986013E+00, 2.231327E-05 
9.720514E+00, 1.322512E-06 
5.717576E+00, 3.324832E-05 
7.352793E+00, 1.477778E-05 
1.033093E+00, 3.081410E-04 
8.748816E+00, 8.245976E-06 
4.401373E+00, 1.523259E-04 
3.508171E+00, 1.499298E-04 
5.503640E+00, 1.560762E-04 
2.049940E+00, 2.839017E-04 
3.347796E+00, 2.023381E-04 
9.631636E+00, 9.714131E-07 
5.742635E+00, 8.712425E-05 
7.194019E+00, 2.457625E-05 
3.327583E+00, 1.526303E-04 
8.698407E-01, 4.854606E-04 
1.034746E+01, 4.099219E-07 
3.725137E-01, 4.262943E-04 
2.327401E+00, 3.363200E-04 
6.336454E+00, 3.673726E-05 
4.392007E+00, 1.680190E-04 
9.553502E+00, 1.512239E-06 
5.837529E+00, 4.906647E-05 
5.320662E+00, 7.191047E-05 
1.014059E+01, 1.506378E-06 
8.329025E+00, 1.012586E-05 
6.179760E-01, 5.234798E-04 
8.629214E+00, 8.197396E-06 
1.227364E+00, 3.631268E-04 
1.925368E+00, 3.205568E-04 
5.237474E+00, 1.373575E-04 
2.164165E-01, 3.271341E-04 
9.600978E-01, 6.209118E-04 
4.351068E+00, 1.354131E-04 
6.931947E+00, 2.048510E-05 
2.202076E-01, 2.216760E-04 
9.989343E-01, 4.966987E-04 
9.137524E+00, 3.978233E-06 
6.589172E+00, 4.102775E-05 
6.602626E+00, 4.605746E-05 
2.286716E+00, 2.795729E-04 
8.103122E+00, 7.868566E-06 
4.255827E+00, 1.272859E-04 
6.775086E+00, 1.912563E-05 
8.434622E+00, 7.020199E-06 
1.927319E+00, 3.863670E-04 
1.076437E+01, 7.346022E-07 
-3.287570E+00, 1.944345E-02 
1.237558E+00, 4.395056E-04 
8.927741E+00, 3.038771E-06 
5.978905E+00, 3.516070E-05 
6.041172E-01, 4.203820E-04 
5.747817E+00, 5.323191E-05 
9.616819E+00, 2.973376E-06 
4.486249E+00, 1.236880E-04 
2.572196E+00, 1.970340E-04 
8.835064E+00, 6.219343E-06 
7.373706E+00, 2.718887E-05 
8.024853E+00, 8.954603E-06 
7.023646E+00, 2.879860E-05 
2.361896E+00, 2.499505E-04 
3.173945E+00, 2.640647E-04 
1.491622E+00, 4.701191E-04 
9.953401E+00, 6.707267E-07 
3.386078E+00, 1.939270E-04 
5.280763E+00, 1.619251E-04 
6.664559E+00, 2.742180E-05 
1.023484E+01, 2.069444E-06 
8.699001E+00, 5.069826E-06 
7.104878E+00, 4.649941E-05 
9.643523E+00, 1.839163E-06 
6.771093E+00, 3.493255E-05 
9.030422E+00, 3.192044E-06 
7.651749E+00, 1.535620E-05 
4.649392E+00, 1.696907E-04 
4.544502E+00, 7.225153E-05 
6.755392E+00, 3.150379E-05 
8.086884E+00, 1.941334E-05 
5.146805E+00, 1.215967E-04 
2.858391E+00, 2.918076E-04 
1.702882E+00, 4.878854E-04 
5.657350E+00, 1.049456E-04 
2.109922E+00, 4.060844E-04 
9.021204E+00, 5.468334E-06 
2.872184E+00, 1.562019E-04 
1.058286E+01, 6.052206E-07 
7.413074E+00, 1.218220E-05 
9.916984E+00, 1.839163E-06 
7.540025E+00, 1.599139E-05 
8.037310E+00, 1.595843E-05 
7.454389E+00, 1.533689E-05 
5.475172E+00, 6.910420E-05 
2.469378E+00, 2.048687E-04 
6.969533E-01, 3.360268E-04 
2.562368E+00, 3.038973E-04 
6.982330E+00, 1.081503E-05 
7.919638E+00, 1.447612E-05 
1.055564E+01, 6.597258E-07 
8.616892E+00, 3.541452E-06 
6.196562E+00, 3.737739E-05 
7.306412E+00, 1.074959E-05 
1.904588E+00, 2.921903E-04 
1.033492E+01, 1.295072E-06 
5.490693E+00, 4.675727E-05 
6.507935E-01, 4.889263E-04 
6.044438E+00, 5.348464E-05 
8.219106E+00, 8.350484E-06 
9.534351E-01, 4.440384E-04 
3.235208E+00, 2.152945E-04 
2.779912E+00, 2.795729E-04 
4.861741E+00, 1.682103E-04 
4.990380E+00, 1.094439E-04 
7.600209E+00, 1.353285E-05 
1.025220E+01, 8.381918E-07 
5.633725E+00, 5.660355E-05 
2.604404E+00, 1.991317E-04 
6.381239E+00, 5.295280E-05 
1.027925E+01, 1.426474E-06 
1.521844E+00, 3.163690E-04 
1.916555E+00, 5.182498E-04 
1.027413E-01, 2.373509E-04 
6.610471E+00, 4.519294E-05 
1.172482E+00, 4.316369E-04 
7.608101E+00, 1.685081E-05 
7.667828E+00, 1.276848E-05 
6.074781E+00, 7.180423E-05 
8.717168E+00, 9.066214E-06 
8.018416E+00, 1.434788E-05 
1.048887E+01, 1.110745E-06 
5.437129E+00, 1.186211E-04 
4.683254E+00, 6.622627E-05 
7.572321E+00, 1.322287E-05 
2.350381E+00, 3.446022E-04 
9.430112E+00, 2.222865E-06 
2.634901E+00, 1.623366E-04 
7.971523E+00, 1.743652E-05 
5.200194E+00, 6.989881E-05 
2.553377E+00, 2.264602E-04 
3.506235E+00, 2.262023E-04 
7.719442E+00, 8.291696E-06 
1.050782E+01, 2.188561E-06 
5.916579E+00, 3.059429E-05 
1.976392E+00, 4.025677E-04 
1.940732E+00, 3.287298E-04 
9.853336E-01, 6.454040E-04 
1.008564E+01, 1.328275E-06 
6.743778E+00, 3.166363E-05 
3.831726E+00, 1.856000E-04 
8.741847E+00, 6.740144E-06 
6.671237E+00, 1.556198E-05 
7.677918E+00, 1.638082E-05 
2.234375E+00, 3.743756E-04 
2.666765E+00, 2.227704E-04 
1.293751E+00, 4.484275E-04 
2.116233E+00, 4.167202E-04 
1.032858E+01, 1.069802E-06 
3.278633E+00, 1.971099E-04 
1.270735E+00, 6.196670E-04 
6.441281E+00, 6.613139E-05 
1.044452E+01, 1.064898E-06 
2.765744E+00, 1.422002E-04 
1.008447E+01, 8.763104E-07 
3.221235E+00, 3.032394E-04 
6.641134E-01, 3.518136E-04 
9.571924E+00, 9.160771E-07 
6.380317E+00, 4.684701E-05 
9.068551E+00, 7.034708E-06 
2.762760E+00, 2.168280E-04 
9.039791E+00, 4.674063E-06 
7.625220E+00, 9.721531E-06 
3.982566E+00, 2.424034E-04 
3.433019E+00, 2.022336E-04 
5.857145E+00, 4.235623E-05 
2.381672E+00, 2.914073E-04 
4.764057E+00, 1.935689E-04 
3.590055E+00, 2.111090E-04 
6.910639E+00, 2.834235E-05 
4.986128E+00, 8.455846E-05 
8.033905E+00, 2.870763E-05 
5.570103E+00, 1.416984E-04 
1.941442E+00, 3.935184E-04 
8.357682E+00, 8.042901E-06 
8.151363E+00, 1.277788E-05 
3.384251E+00, 1.980404E-04 
9.059597E+00, 4.714732E-06 
3.584873E-01, 3.076274E-04 
6.590157E+00, 3.905537E-05 
6.950275E-01, 3.981492E-04 
5.546422E+00, 5.391895E-05 
2.033708E+00, 2.530781E-04 
3.686687E+00, 1.499298E-04 
4.986167E+00, 1.390474E-04 
6.170345E+00, 6.453760E-05 
2.946496E+00, 1.767675E-04 
3.551266E+00, 2.429116E-04 
8.967526E+00, 4.529425E-06 
4.948947E-01, 3.654913E-04 
2.466302E+00, 2.521519E-04 
7.718446E+00, 1.969032E-05 
4.897952E+00, 1.248968E-04 
1.190261E+00, 3.360268E-04 
3.499725E+00, 2.358492E-04 
1.066853E+01, 1.323537E-06 
8.348042E+00, 1.254929E-05 
1.557445E+00, 2.757701E-04 
6.793681E+00, 1.970484E-05 
3.605596E-01, 5.110517E-04 
1.783208E+00, 3.478641E-04 
5.213481E+00, 4.169935E-05 
9.330473E+00, 3.726723E-06 
6.253719E+00, 4.695867E-05 
8.016444E+00, 2.170222E-05 
3.589133E+00, 2.256206E-04 
9.184548E+00, 2.267655E-06 
1.062708E+01, 7.462095E-07 
9.887366E+00, 1.253684E-06 
1.368947E+00, 4.097570E-04 
5.974179E+00, 4.683044E-05 
9.834288E+00, 1.926465E-06 
4.515868E+00, 7.090543E-05 
1.911752E+00, 4.961390E-04 
4.263922E+00, 1.495833E-04 
3.026230E+00, 1.815663E-04 
-1.088667E-02, 3.632593E-04 
6.978217E+00, 2.845483E-05 
7.409689E+00, 1.794305E-05 
3.483910E+00, 1.510934E-04 
9.924841E+00, 1.089148E-06 
2.192675E-01, 9.259307E-04 
1.571919E+00, 4.038418E-04 
8.073393E-01, 2.999692E-04 
8.097216E+00, 9.509791E-06 
5.641718E+00, 5.323191E-05 
4.097974E-01, 2.864965E-04 
2.915048E+00, 2.536971E-04 
9.289466E+00, 2.616264E-06 
2.637393E+00, 2.122141E-04 
8.140312E+00, 1.983241E-05 
4.049819E-01, 3.387448E-04 
2.004513E+00, 2.719809E-04 
5.653673E-01, 3.924471E-04 
1.045623E+01, 1.099841E-06 
3.899770E+00, 2.798378E-04 
2.856299E+00, 3.087533E-04 
6.498208E+00, 2.439018E-05 
2.418743E+00, 3.111994E-04 
9.943759E-01, 4.649546E-04 
5.426509E+00, 9.460980E-05 
7.822859E+00, 1.422742E-05 
6.125540E-01, 3.756756E-04 
-4.706568E+00, 2.310417E-02 
6.008095E+00, 3.304709E-05 
5.481063E-01, 5.721097E-04 
6.227745E+00, 6.042096E-05 
6.296048E+00, 5.611102E-05 
9.582655E+00, 8.917952E-07 
1.117397E+01, 5.623151E-07 
7.660619E+00, 1.029017E-05 
7.018992E+00, 3.420587E-05 
8.321158E+00, 7.295235E-06 
1.013699E+01, 1.084083E-06 
9.222855E+00, 4.086664E-06 
7.018174E+00, 4.542212E-05 
1.622771E+00, 2.555090E-04 
6.491801E-01, 3.667770E-04 
6.932243E+00, 4.049725E-05 
5.721476E-01, 4.695217E-04 
5.763015E+00, 6.854816E-05 
7.362129E+00, 3.562454E-05 
4.839159E+00, 8.344290E-05 
3.879332E+00, 1.917190E-04 
3.773586E+00, 2.277599E-04 
1.022446E+01, 9.736170E-07 
5.396879E+00, 1.628380E-04 
4.264825E+00, 1.440521E-04 
1.142230E+01, 9.502759E-07 
1.045388E+01, 1.155676E-06 
6.026215E+00, 6.384996E-05 
-7.433037E-02, 4.760268E-04 
8.430018E+00, 1.145290E-05 
2.902203E+00, 1.556829E-04 
5.322685E+00, 7.095048E-05 
6.878949E+00, 2.471316E-05 
6.526570E+00, 3.556245E-05 
3.573281E+00, 1.554798E-04 
4.635178E+00, 1.266118E-04 
4.772683E+00, 1.231112E-04 
6.987994E+00, 2.462264E-05 
7.034725E+00, 3.150673E-05 
7.793142E+00, 1.129455E-05 
8.863516E+00, 4.535309E-06 
8.891850E+00, 2.882237E-06 
2.949747E+00, 3.195181E-04 
6.559105E+00, 4.493395E-05 
7.970045E+00, 1.424093E-05 
8.123037E-01, 5.003727E-04 
2.970225E+00, 1.939380E-04 
8.816103E+00, 6.072549E-06 
8.526452E+00, 9.453498E-06 
8.868464E+00, 4.648321E-06 
4.343734E+00, 2.014834E-04 
8.486247E+00, 7.763687E-06 
4.624332E+00, 2.437835E-04 
5.425634E+00, 1.243483E-04 
6.388946E+00, 3.304709E-05 
4.869735E+00, 6.697545E-05 
9.848808E+00, 1.253684E-06 
4.385051E+00, 1.395608E-04 
8.076168E+00, 1.450706E-05 
6.424860E-02, 3.360268E-04 
4.291960E+00, 2.977753E-04 
8.412266E+00, 7.959463E-06 
6.475111E+00, 4.226450E-05 
7.720042E+00, 1.485778E-05 
1.784637E+00, 4.324274E-04 
4.488224E+00, 1.258306E-04 
3.516612E+00, 2.684682E-04 
3.775023E+00, 2.601195E-04 
1.691863E+00, 4.802601E-04 
6.636632E+00, 2.956356E-05 
7.395177E+00, 1.185306E-05 
7.026624E+00, 3.047130E-05 
-1.559922E+00, 1.812902E-02 
2.133383E+00, 2.178668E-04 
4.053324E+00, 1.395608E-04 
4.415821E+00, 1.150658E-04 
9.397595E+00, 3.425802E-06 
8.992512E+00, 4.243302E-06 
6.804607E+00, 2.332286E-05 
2.360028E+00, 2.492803E-04 
2.255960E+00, 4.100378E-04 
1.035598E+01, 7.918234E-07 
1.740124E+00, 3.587482E-04 
2.486662E+00, 3.634847E-04 
4.434986E+00, 1.545769E-04 
9.750004E+00, 1.209220E-06 
6.832852E+00, 3.756915E-05 
4.136180E+00, 1.732141E-04 
9.501568E+00, 2.868061E-06 
1.478792E+00, 5.461490E-04 
6.874614E+00, 2.398179E-05 
2.211217E+00, 4.964991E-04 
4.165555E+00, 1.549985E-04 
6.199373E-01, 4.664392E-04 
4.493907E+00, 1.491866E-04 
1.051970E+01, 7.859911E-07 
9.551408E+00, 1.442575E-06 
8.608878E+00, 4.363677E-06 
3.641650E+00, 2.781764E-04 
8.259503E+00, 6.960780E-06 
2.700613E+00, 4.005613E-04 
3.160170E+00, 1.479893E-04 
3.829714E+00, 2.986218E-04 
9.818832E+00, 9.999692E-07 
5.825215E+00, 4.450664E-05 
4.250925E+00, 1.593542E-04 
7.769490E+00, 1.198925E-05 
6.412800E+00, 5.406752E-05 
9.205767E-01, 3.894249E-04 
5.638356E+00, 3.994442E-05 
8.704914E+00, 5.365851E-06 
1.489530E+00, 4.135377E-04 
4.966385E+00, 1.138714E-04 
5.288982E+00, 1.165797E-04 
6.105981E+00, 4.577084E-05 
3.444974E+00, 1.859370E-04 
8.463451E+00, 4.681041E-06 
5.472993E+00, 5.127173E-05 
3.709919E+00, 2.809533E-04 
4.605229E+00, 9.416333E-05 
4.590663E+00, 1.705699E-04 
4.918106E+00, 8.590772E-05 
1.099276E+01, 7.906513E-07 
3.684588E+00, 1.272388E-04 
6.672261E+00, 2.806910E-05 
9.697068E+00, 1.069798E-06 
7.614077E+00, 1.192249E-05 
9.317899E+00, 2.681792E-06 
8.020274E+00, 5.665626E-06 
8.716334E-01, 5.611927E-04 
1.497126E+00, 4.726506E-04 
4.757518E+00, 7.514683E-05 
9.240542E+00, 4.494434E-06 
9.543143E+00, 1.969026E-06 
5.563602E+00, 9.835379E-05 
2.287104E+00, 3.667770E-04 
2.313492E+00, 2.165107E-04 
4.250521E+00, 1.737906E-04 
1.014689E+01, 6.999238E-07 
9.892213E+00, 8.046762E-07 
3.995173E+00, 1.457304E-04 
2.611647E+00, 2.252882E-04 
6.945037E+00, 2.673578E-05 
8.615176E+00, 6.972140E-06 
1.024722E+01, 1.351668E-06 
2.272237E+00, 2.109967E-04 
8.547454E+00, 7.609792E-06 
2.980536E+00, 1.965319E-04 
6.719246E+00, 2.732018E-05 
3.006253E+00, 2.107692E-04 
5.614017E-01, 3.547412E-04 
6.074241E+00, 7.423993E-05 
9.371224E+00, 1.903754E-06 
6.926263E+00, 3.135171E-05 
3.824617E-01, 3.285617E-04 
1.068013E+01, 2.598693E-06 
6.704068E+00, 4.885565E-05 
1.046336E+01, 6.233791E-07 
8.909179E-01, 2.080221E-04 
9.725467E+00, 1.600859E-06 
8.237197E+00, 1.329611E-05 
4.518395E+00, 1.774067E-04 
6.489880E-01, 4.450401E-04 
4.114390E+00, 1.322306E-04 
6.259462E+00, 5.075944E-05 
5.733741E+00, 8.233037E-05 
5.706018E+00, 1.072857E-04 
2.194963E-01, 2.964244E-04 
5.068808E+00, 8.720298E-05 
6.995178E-01, 5.465738E-04 
6.744846E+00, 4.620162E-05 
7.498439E+00, 1.795089E-05 
9.017604E+00, 8.300332E-06 
3.387993E-01, 3.360268E-04 
1.967826E+00, 3.701725E-04 
1.004918E+01, 9.328438E-07 
7.911079E+00, 8.285989E-06 
4.861245E+00, 1.164547E-04 
4.731789E+00, 7.517914E-05 
1.278298E+00, 3.398898E-04 
9.111575E+00, 4.922754E-06 
6.951254E+00, 3.367266E-05 
6.158326E+00, 5.457486E-05 
1.268208E+00, 4.325629E-04 
4.015528E+00, 1.573416E-04 
5.957040E+00, 2.834141E-05 
2.051488E+00, 3.950312E-04 
8.065449E+00, 2.026144E-05 
1.996256E+00, 2.878353E-04 
4.403812E+00, 2.169100E-04 
1.052363E+01, 7.532019E-07 
6.606999E+00, 3.343541E-05 
2.498752E+00, 1.479893E-04 
5.017844E+00, 1.196329E-04 
3.960008E+00, 2.374762E-04 
1.973991E+00, 5.349035E-04 
7.579729E+00, 2.068872E-05 
1.841419E+00, 3.580867E-04 
2.982978E+00, 1.912338E-04 
9.240592E+00, 5.761368E-06 
7.975430E+00, 1.395287E-05 
1.363012E+00, 2.825721E-04 
9.205248E+00, 3.256731E-06 
4.688548E+00, 1.877790E-04 
3.850056E+00, 1.741630E-04 
8.498609E+00, 1.711585E-05 
7.185709E+00, 2.058232E-05 
9.598748E+00, 8.710025E-07 
6.333548E+00, 2.380281E-05 
3.327537E+00, 2.586324E-04 
2.222884E+00, 5.384276E-04 
7.176098E+00, 1.753693E-05 
4.250445E+00, 1.723789E-04 
2.357843E+00, 3.689205E-04 
2.991334E+00, 2.203603E-04 
1.260246E+00, 4.334552E-04 
2.468929E+00, 2.642940E-04 
8.520446E+00, 7.020199E-06 
8.586323E+00, 6.360844E-06 
6.940907E+00, 2.297027E-05 
9.218962E+00, 5.196055E-06 
9.850450E+00, 9.861178E-07 
5.118753E+00, 1.326050E-04 
3.016195E+00, 1.403215E-04 
6.282955E+00, 2.818743E-05 
4.793369E+00, 7.959913E-05 
9.550610E+00, 2.792424E-06 
6.542859E+00, 3.900841E-05 
1.753779E+00, 6.704495E-04 
2.883058E+00, 1.751019E-04 
2.502012E+00, 2.205985E-04 
3.410044E+00, 8.076363E-05 
7.754057E+00, 1.833832E-05 
6.529189E+00, 2.146051E-05 
6.606365E+00, 4.716745E-05 
2.440867E+00, 3.540393E-04 
7.267387E+00, 1.220992E-05 
6.857201E+00, 1.904173E-05 
9.140430E+00, 3.243536E-06 
2.223667E+00, 3.993156E-04 
9.889528E-01, 3.514356E-04 
3.508704E+00, 1.308045E-04 
9.274474E+00, 3.802106E-06 
1.504874E+00, 4.714267E-04 
1.473135E+00, 3.835704E-04 
8.027620E+00, 1.368349E-05 
9.507867E+00, 2.724740E-06 
7.318168E+00, 4.208018E-05 
8.400296E+00, 1.056513E-05 
8.891833E+00, 5.956847E-06 
9.400720E+00, 2.446369E-06 
4.028177E+00, 1.279686E-04 
4.802854E+00, 9.374792E-05 
2.536831E+00, 1.741137E-04 
9.430885E+00, 3.889092E-06 
8.092043E+00, 1.419656E-05 
3.575160E+00, 2.023445E-04 
9.557577E+00, 1.693276E-06 
2.372226E+00, 2.844740E-04 
6.595852E+00, 5.629466E-05 
8.212524E-02, 3.398898E-04 
8.026453E+00, 1.317974E-05 
5.318924E+00, 1.115276E-04 
3.458617E+00, 1.334143E-04 
7.570417E+00, 1.258513E-05 
7.496837E+00, 1.717080E-05 
1.749378E+00, 4.049168E-04 
3.616141E+00, 2.047665E-04 
9.962322E-01, 4.429233E-04 
8.296990E+00, 9.562747E-06 
1.634684E+00, 3.239681E-04 
5.344041E+00, 1.179863E-04 
2.271984E+00, 3.722007E-04 
3.140205E+00, 1.591793E-04 
3.053772E+00, 2.233315E-04 
6.575707E+00, 3.833797E-05 
3.621330E+00, 2.553175E-04 
1.003301E+01, 1.108921E-06 
9.357953E+00, 1.582006E-06 
6.396292E+00, 5.943956E-05 
6.868172E+00, 5.159768E-05 
1.594375E+00, 5.834172E-04 
1.070366E+00, 4.034752E-04 
2.500761E+00, 2.521168E-04 
6.080164E+00, 4.731600E-05 
1.692094E-01, 2.463768E-04 
6.427121E+00, 6.363719E-05 
9.867295E+00, 6.279957E-07 
1.337558E+00, 3.737497E-04 
1.588030E+00, 4.499630E-04 
1.328256E+00, 4.871702E-04 
2.993996E+00, 2.236726E-04 
2.768639E+00, 1.285123E-04 
5.885508E+00, 8.998394E-05 
5.934512E+00, 8.625503E-05 
6.688470E+00, 3.704235E-05 
2.783125E+00, 1.529530E-04 
4.242907E+00, 1.510629E-04 
9.005757E+00, 6.032594E-06 
-1.315716E+00, 1.597295E-02 
1.440810E+00, 3.910340E-04 
1.445218E+00, 2.615539E-04 
1.603268E+00, 2.712322E-04 
5.726879E+00, 1.020300E-04 
4.746329E+00, 1.393882E-04 
3.090356E+00, 1.373124E-04 
1.166994E+00, 3.930743E-04 
7.504234E+00, 1.338552E-05 
4.598801E+00, 8.962108E-05 
4.758699E+00, 1.668010E-04 
1.552009E+00, 4.409965E-04 
6.235524E-01, 5.304868E-04 
3.667759E+00, 2.289564E-04 
4.135972E+00, 1.118241E-04 
5.767044E+00, 4.865856E-05 
4.968573E+00, 6.229012E-05 
9.054396E+00, 2.962206E-06 
9.466694E+00, 1.495666E-06 
9.565261E+00, 1.350186E-06 
2.132848E+00, 3.213871E-04 
4.049439E+00, 3.251740E-04 
7.929423E+00, 1.097049E-05 
6.957772E+00, 3.177419E-05 
5.794029E+00, 5.552193E-05 
2.270265E+00, 3.241055E-04 
8.770753E+00, 7.754406E-06 
8.082564E+00, 5.128525E-06 
9.220184E+00, 3.024011E-06 
8.447549E+00, 9.380377E-06 
8.277606E+00, 1.049100E-05 
9.665006E+00, 1.393978E-06 
3.370528E+00, 2.177984E-04 
4.633162E+00, 1.183197E-04 
2.039091E+00, 2.939988E-04 
7.949955E+00, 1.743681E-05 
4.940563E+00, 1.491866E-04 
9.367191E+00, 5.805540E-06 
8.789894E+00, 4.247169E-06 
5.681442E+00, 1.485338E-04 
7.706116E-01, 2.710558E-04 
8.020448E+00, 1.375650E-05 
4.200679E+00, 1.813799E-04 
4.926598E+00, 6.699236E-05 
1.259155E+00, 4.777865E-04 
4.456698E+00, 1.742870E-04 
2.337518E+00, 2.695376E-04 
9.184607E+00, 6.910743E-06 
5.749450E+00, 4.675727E-05 
8.459199E-01, 6.070119E-04 
1.645414E+00, 3.502305E-04 
6.653681E+00, 2.982089E-05 
7.956848E+00, 1.560675E-05 
8.876760E+00, 7.520704E-06 
5.043440E+00, 1.115276E-04 
7.324393E+00, 1.312072E-05 
6.688584E-01, 4.909560E-04 
2.117845E+00, 3.255269E-04 
5.610959E+00, 3.296807E-05 
6.364363E+00, 4.031684E-05 
3.786421E+00, 1.660156E-04 
4.140553E+00, 2.085836E-04 
6.267122E+00, 5.113916E-05 
6.708143E+00, 3.083814E-05 
5.357509E-01, 4.072322E-04 
1.232375E-01, 3.081927E-04 
3.668528E+00, 2.451379E-04 
5.819859E+00, 5.266137E-05 
1.022959E+01, 7.542097E-07 
9.279212E+00, 1.654283E-06 
2.026481E+00, 3.011517E-04 
7.964981E+00, 1.569267E-05 
1.001123E+01, 8.166966E-07 
4.301586E-01, 4.105730E-04 
1.748620E+00, 3.029610E-04 
4.358504E+00, 1.182598E-04 
-1.388965E+00, 1.734792E-02 
9.246520E+00, 4.520585E-06 
5.220130E+00, 1.461144E-04 
9.229548E+00, 8.676472E-07 
9.609672E+00, 3.199112E-06 
1.504778E+00, 5.342682E-04 
8.971659E+00, 4.775538E-06 
6.400724E+00, 2.673565E-05 
3.694256E+00, 2.722037E-04 
4.341817E+00, 2.386762E-04 
8.782869E+00, 2.371145E-06 
9.932183E+00, 1.109226E-06 
7.476092E+00, 1.818066E-05 
6.006138E-01, 3.906154E-04 
4.845781E+00, 1.020234E-04 
4.765406E+00, 1.469805E-04 
4.735496E+00, 9.087163E-05 
9.712863E+00, 1.037427E-06 
5.142475E+00, 6.782133E-05 
5.027250E+00, 8.312083E-05 
9.932704E+00, 1.212567E-06 
7.102279E-01, 3.756756E-04 
-5.039596E-01, 1.068356E-02 
3.016846E+00, 1.277867E-04 
7.154802E+00, 2.437103E-05 
6.529055E+00, 2.732018E-05 
9.181984E+00, 2.267655E-06 
8.477599E-01, 3.360268E-04 
4.161718E+00, 2.012844E-04 
4.749647E+00, 8.105964E-05 
2.569771E+00, 2.872888E-04 
6.057157E+00, 4.102775E-05 
2.622660E+00, 2.928992E-04 
1.504076E+00, 3.869725E-04 
6.918435E+00, 2.222290E-05 
6.322590E+00, 4.791322E-05 
4.684839E+00, 1.713949E-04 
9.097165E+00, 3.957277E-06 
3.507029E+00, 2.136832E-04 
3.775710E+00, 1.766009E-04 
1.688969E+00, 3.563251E-04 
1.165121E+00, 3.171759E-04 
6.866072E+00, 3.653510E-05 
7.618063E+00, 1.699454E-05 
7.492699E+00, 1.533689E-05 
2.620279E+00, 2.651621E-04 
4.273940E+00, 1.836065E-04 
8.769026E-01, 4.403016E-04 
5.647710E+00, 1.044791E-04 
1.749853E+00, 3.390076E-04 
4.362090E+00, 2.000272E-04 
3.153735E+00, 2.841956E-04 
9.806817E-02, 3.433362E-04 
2.045711E+00, 4.913652E-04 
1.263466E+00, 2.888478E-04 
1.233182E+00, 3.011590E-04 
7.372592E+00, 2.420264E-05 
1.635879E+00, 2.886040E-04 
2.057484E-01, 6.612295E-04 
4.310564E+00, 2.748885E-04 
1.806212E+00, 4.525689E-04 
8.877587E+00, 7.262924E-06 
9.877207E-01, 3.573892E-04 
5.097727E+00, 1.157398E-04 
7.173035E+00, 1.685081E-05 
7.311748E+00, 1.779159E-05 
1.094452E+00, 3.563251E-04 
9.825571E+00, 1.255991E-06 
6.715640E+00, 3.516070E-05 
8.750432E+00, 7.250866E-06 
6.358064E+00, 2.970488E-05 
8.448981E+00, 1.252889E-05 
5.716336E+00, 8.025847E-05 
5.075064E-01, 3.360268E-04 
3.451695E+00, 2.566916E-04 
4.950317E+00, 1.209930E-04 
5.610824E+00, 1.052716E-04 
5.585836E+00, 1.003044E-04 
8.671289E+00, 7.526653E-06 
2.495574E-01, 4.925947E-04 
4.284717E+00, 1.548780E-04 
8.670983E+00, 6.902223E-06 
7.463228E+00, 1.494696E-05 
4.018962E+00, 1.976643E-04 
1.022713E+01, 8.763104E-07 
2.304231E+00, 4.426092E-04 
8.854881E+00, 4.277752E-06 
8.686967E+00, 5.202008E-06 
7.347956E+00, 1.825016E-05 
5.348194E+00, 1.202338E-04 
6.457513E+00, 2.719115E-05 
7.228039E+00, 3.272332E-05 
4.087291E+00, 8.051483E-05 
-4.984979E+00, 1.798316E-02 
4.236679E+00, 1.679186E-04 
1.509871E+00, 4.563904E-04 
7.503235E+00, 1.359408E-05 
8.390783E+00, 8.569635E-06 
6.154263E+00, 5.397524E-05 
6.082977E+00, 2.710282E-05 
7.092047E+00, 3.289778E-05 
9.623134E+00, 3.211910E-06 
7.054818E+00, 4.316098E-05 
4.159706E+00, 1.040928E-04 
5.189911E+00, 1.187074E-04 
6.080651E+00, 3.635834E-05 
7.687604E+00, 2.612463E-05 
3.775960E+00, 2.900106E-04 
5.704446E+00, 6.972294E-05 
7.219067E+00, 2.259414E-05 
8.212161E+00, 1.101351E-05 
3.669086E+00, 1.224309E-04 
4.155007E+00, 1.716889E-04 
5.279834E+00, 1.075287E-04 
5.317214E+00, 9.916566E-05 
4.051397E+00, 3.349291E-04 
3.575299E-01, 3.308889E-04 
3.832993E+00, 1.380339E-04 
6.378946E+00, 3.001619E-05 
1.952084E+00, 3.178187E-04 
1.009388E+01, 7.002019E-07 
4.394615E+00, 2.219407E-04 
7.422147E+00, 1.781326E-05 
6.857346E+00, 4.344331E-05 
9.062843E-01, 4.084728E-04 
8.278696E-01, 4.908240E-04 
8.624366E+00, 6.366798E-06 
8.794151E+00, 9.151293E-06 
8.774766E+00, 4.603348E-06 
6.768862E+00, 1.855493E-05 
2.365952E+00, 3.187002E-04 
3.800086E+00, 1.544651E-04 
5.660965E+00, 4.664864E-05 
5.738309E+00, 1.149282E-04 
8.203843E+00, 9.875440E-06 
4.884781E+00, 8.105964E-05 
7.463336E+00, 1.601880E-05 
1.512710E+00, 4.738960E-04 
9.296444E+00, 3.265145E-06 
4.502717E+00, 1.427795E-04 
9.855104E+00, 1.396212E-06 
3.791930E+00, 8.160603E-05 
3.932472E+00, 3.402241E-04 
8.528762E+00, 7.250866E-06 
4.379837E+00, 2.844167E-04 
7.651609E+00, 1.194007E-05 
5.664525E-01, 4.664392E-04 
8.287069E+00, 8.460562E-06 
3.196505E+00, 2.419707E-04 
6.483063E+00, 2.511837E-05 
6.344325E+00, 4.075561E-05 
1.846844E-01, 2.332196E-04 
3.437195E+00, 2.331080E-04 
6.948197E+00, 3.355043E-05 
8.983530E+00, 2.404946E-06 
4.835172E-01, 4.070347E-04 
9.841811E+00, 1.348330E-06 
3.117279E+00, 1.408993E-04 
8.955744E+00, 5.497603E-06 
6.045429E+00, 4.481309E-05 
2.627440E+00, 1.990780E-04 
6.603530E+00, 3.990693E-05 
2.090570E+00, 3.728183E-04 
1.355536E+00, 5.006457E-04 
1.526952E+00, 4.398121E-04 
2.717138E+00, 2.569252E-04 
9.147352E+00, 2.308076E-06 
9.652404E+00, 1.812238E-06 
5.704130E+00, 8.217981E-05 
4.499615E+00, 1.666962E-04 
2.051001E+00, 3.110532E-04 
3.086299E+00, 2.766856E-04 
5.360693E+00, 1.307728E-04 
4.063793E+00, 1.881980E-04 
6.265656E+00, 2.834141E-05 
7.780562E-01, 2.344877E-04 
1.294805E+00, 5.420429E-04 
2.423073E+00, 3.300843E-04 
4.039957E+00, 2.793797E-04 
6.478496E+00, 4.576838E-05 
4.025484E+00, 1.862399E-04 
1.805638E+00, 3.366831E-04 
3.974845E+00, 1.322306E-04 
3.208853E-01, 4.988685E-04 
6.684088E+00, 3.272554E-05 
1.739799E+00, 3.285874E-04 
1.579953E+00, 5.385117E-04 
4.549036E+00, 1.254163E-04 
8.224440E+00, 9.228303E-06 
5.565048E+00, 4.283650E-05 
4.926884E+00, 6.647343E-05 
8.257122E+00, 1.072446E-05 
6.986104E+00, 3.330752E-05 
3.598979E+00, 1.504038E-04 
9.624869E+00, 7.918234E-07 
6.522392E+00, 2.877815E-05 
1.708531E+00, 4.279509E-04 
1.428083E+00, 4.841030E-04 
-1.017954E+00, 1.795797E-02 
7.990341E+00, 1.230419E-05 
8.904368E+00, 5.616376E-06 
7.266470E+00, 2.656888E-05 
7.402663E+00, 1.449747E-05 
3.002946E+00, 3.284194E-04 
3.611326E+00, 2.953955E-04 
7.163020E+00, 3.372586E-05 
8.864573E+00, 6.663179E-06 
6.628457E+00, 2.435350E-05 
5.662377E+00, 9.065212E-05 
1.021104E+01, 7.918234E-07 
7.861581E+00, 1.944508E-05 
2.304037E+00, 3.175553E-04 
7.389588E+00, 1.428098E-05 
6.577489E+00, 2.749334E-05 
5.548589E+00, 1.211306E-04 
9.711900E+00, 1.021807E-06 
8.883119E+00, 6.960780E-06 
5.713464E+00, 1.108087E-04 
2.924452E-01, 4.997860E-04 
1.606374E+00, 3.505388E-04 
1.377428E+00, 4.346618E-04 
1.182218E+00, 2.919520E-04 
1.229570E+00, 3.393702E-04 
4.763340E+00, 9.684453E-05 
1.046718E+00, 3.315424E-04 
6.057017E+00, 3.585258E-05 
8.958926E+00, 3.383461E-06 
3.232282E+00, 1.837009E-04 
8.157115E+00, 9.051553E-06 
7.963521E+00, 1.764374E-05 
3.130203E+00, 1.787887E-04 
1.153576E+00, 2.882362E-04 
1.455424E+00, 3.030637E-04 
5.074655E+00, 1.144895E-04 
8.212966E+00, 7.277615E-06 
2.259698E+00, 2.266491E-04 
2.347358E+00, 3.163690E-04 
8.550794E+00, 1.242114E-05 
7.292078E+00, 2.471316E-05 
8.398017E+00, 9.395940E-06 
2.335515E+00, 3.581894E-04 
9.244247E+00, 7.275926E-06 
2.567534E+00, 2.408418E-04 
9.904754E+00, 1.349896E-06 
8.625178E+00, 4.692702E-06 
3.718610E+00, 1.847126E-04 
4.861068E+00, 1.224006E-04 
9.181348E+00, 4.513052E-06 
7.344213E-01, 2.852551E-04 
9.530053E+00, 2.354829E-06 
9.977316E+00, 1.585594E-06 
2.627375E-01, 2.261723E-04 
3.510760E+00, 2.620603E-04 
3.233273E+00, 2.191451E-04 
4.520210E+00, 1.855311E-04 
9.001995E-01, 5.771250E-04 
1.769362E+00, 2.939988E-04 
3.058384E+00, 1.977105E-04 
2.511249E+00, 3.615880E-04 
2.344544E-01, 3.433362E-04 
1.010296E+00, 4.051623E-04 
3.624250E+00, 1.998594E-04 
3.683935E+00, 1.998594E-04 
8.739911E+00, 5.587426E-06 
9.111175E+00, 2.110584E-06 
1.683721E+00, 4.250062E-04 
8.376968E+00, 9.893326E-06 
2.928227E+00, 1.937843E-04 
6.035856E+00, 4.215020E-05 
5.212084E+00, 6.917469E-05 
2.886106E+00, 1.983389E-04 
5.697959E+00, 3.873968E-05 
5.598939E+00, 1.067867E-04 
2.320151E+00, 3.360490E-04 
9.029913E+00, 4.519346E-06 
2.886416E+00, 1.912864E-04 
4.476638E+00, 1.483963E-04 
3.244644E+00, 1.486830E-04 
1.137790E+00, 2.083220E-04 
8.730371E+00, 8.245976E-06 
5.597567E+00, 7.047068E-05 
5.306015E+00, 1.669868E-04 
6.996261E+00, 3.692670E-05 
4.082108E+00, 2.115573E-04 
8.820779E+00, 6.557228E-06 
5.983835E+00, 4.408249E-05 
4.721725E+00, 1.034523E-04 
9.348467E-01, 5.607788E-04 
4.212216E+00, 1.540811E-04 
5.533946E+00, 6.605989E-05 
4.100789E+00, 1.895281E-04 
3.056756E+00, 2.376496E-04 
9.962598E+00, 1.291749E-06 
1.095742E+00, 3.191096E-04 
6.518155E+00, 3.399012E-05 
3.545528E+00, 1.316289E-04 
5.897175E+00, 9.049202E-05 
9.578100E+00, 1.659190E-06 
2.479241E+00, 2.443782E-04 
2.127289E+00, 4.061152E-04 
5.135789E+00, 1.113554E-04 
6.592609E+00, 2.564722E-05 
7.663821E+00, 1.592747E-05 
9.122975E+00, 2.902379E-06 
7.815105E+00, 1.618930E-05 
6.864771E+00, 2.369405E-05 
5.325806E+00, 4.210480E-05 
1.458001E+00, 4.818076E-04 
7.662310E+00, 1.729007E-05 
2.197047E+00, 2.165363E-04 
8.427410E+00, 9.551585E-06 
9.912707E+00, 1.327785E-06 
9.885605E+00, 2.052121E-06 
8.079371E+00, 1.660630E-05 
2.745991E+00, 1.153094E-04 
8.832491E+00, 4.291032E-06 
7.104860E+00, 2.117877E-05 
4.407245E+00, 2.068992E-04 
4.545761E+00, 1.620388E-04 
-3.255484E-01, 9.004447E-03 
2.964800E+00, 2.768962E-04 
1.084144E+00, 4.643904E-04 
9.400846E+00, 2.074854E-06 
9.852144E+00, 1.262648E-06 
4.758800E+00, 1.722967E-04 
4.242652E+00, 2.851304E-04 
8.200210E+00, 1.106133E-05 
2.462909E+00, 2.664127E-04 
6.035721E+00, 5.887931E-05 
3.234072E+00, 3.276418E-04 
5.919565E+00, 3.704235E-05 
3.358527E+00, 2.420026E-04 
2.642589E+00, 3.010810E-04 
9.954223E+00, 7.846258E-07 
7.423448E+00, 2.106237E-05 
1.770144E+00, 3.668592E-04 
4.685556E+00, 2.651415E-04 
9.418171E+00, 2.210278E-06 
-8.628951E+00, 1.934669E-02 
4.133022E-01, 4.945206E-04 
7.825461E+00, 1.056507E-05 
5.632422E+00, 6.829140E-05 
4.278835E+00, 1.739216E-04 
8.812431E+00, 2.834960E-06 
2.661377E+00, 1.965319E-04 
4.112297E+00, 2.152701E-04 
5.723293E+00, 1.486674E-04 
7.301377E+00, 1.863232E-05 
1.321791E+00, 4.416907E-04 
2.271639E+00, 3.181629E-04 
2.818630E+00, 2.170401E-04 
1.111660E+00, 3.517535E-04 
1.366501E+00, 3.688001E-04 
4.065631E+00, 1.533372E-04 
8.052471E+00, 1.300465E-05 
2.703420E+00, 2.436693E-04 
6.740480E+00, 4.569787E-05 
7.588564E+00, 1.380074E-05 
9.738072E+00, 1.322512E-06 
6.855885E+00, 3.986864E-05 
7.339470E+00, 1.341396E-05 
3.272572E+00, 2.168522E-04 
5.148461E+00, 1.198740E-04 
5.643530E+00, 6.005313E-05 
4.861199E+00, 1.058483E-04 
4.490753E+00, 2.082053E-04 
9.042231E-01, 5.728986E-04 
1.704459E+00, 2.859298E-04 
3.833791E+00, 1.815663E-04 
9.354778E+00, 2.148757E-06 
3.035336E+00, 2.379678E-04 
4.461598E+00, 1.200003E-04 
5.420302E+00, 8.129152E-05 
7.331981E+00, 1.410160E-05 
6.139679E+00, 3.635834E-05 
5.215795E+00, 1.298224E-04 
6.357567E+00, 3.968600E-05 
2.600715E+00, 2.266491E-04 
2.470977E+00, 3.796943E-04 
4.775601E-01, 3.016203E-04 
4.684509E-01, 3.820219E-04 
5.356785E+00, 8.447209E-05 
6.715580E+00, 5.584021E-05 
4.427173E+00, 1.200865E-04 
2.227066E+00, 3.701005E-04 
7.240469E+00, 2.568631E-05 
8.269332E-01, 5.394691E-04 
6.916727E+00, 3.150379E-05 
9.211038E+00, 2.360556E-06 
1.315832E+00, 2.972864E-04 
1.289977E+00, 6.030635E-04 
1.132157E+00, 1.931946E-04 
4.404101E-01, 3.630997E-04 
8.140211E-01, 2.618964E-04 
4.377314E+00, 1.348848E-04 
9.588331E+00, 6.612559E-07 
8.370498E+00, 6.851605E-06 
8.523908E+00, 5.665626E-06 
3.695885E+00, 2.305105E-04 
3.656249E+00, 1.849363E-04 
6.828954E+00, 3.187991E-05 
4.893369E-01, 3.756756E-04 
8.713878E-01, 5.248792E-04 
3.821059E+00, 1.442678E-04 
4.793716E+00, 1.066156E-04 
4.792639E+00, 9.427854E-05 
1.014549E+01, 7.366822E-07 
8.517726E-01, 4.247409E-04 
9.429894E+00, 2.407919E-06 
1.200390E+00, 3.910340E-04 
9.524530E+00, 4.373332E-06 
8.213492E+00, 7.867752E-06 
9.404160E+00, 2.404946E-06 
5.813097E+00, 3.285085E-05 
9.253344E+00, 3.093824E-06 
9.349452E+00, 1.243789E-06 
8.273203E-01, 3.945014E-04 
6.958353E+00, 2.432659E-05 
4.635678E+00, 2.210927E-04 
3.948340E+00, 1.324525E-04 
5.583380E+00, 6.010235E-05 
5.225286E-01, 4.854223E-04 
9.047867E+00, 2.696622E-06 
2.742804E+00, 2.564538E-04 
3.041706E+00, 2.206572E-04 
8.078242E+00, 1.428297E-05 
5.991335E+00, 3.185620E-05 
2.900104E-01, 3.250135E-04 
2.997972E+00, 2.625624E-04 
7.026772E+00, 5.466738E-05 
3.465661E+00, 2.809558E-04 
4.246542E-01, 5.063655E-04 
6.428672E+00, 2.814733E-05 
4.201470E+00, 1.699246E-04 
2.835155E+00, 1.518570E-04 
6.851799E+00, 2.355938E-05 
5.757669E+00, 5.516640E-05 
6.904839E+00, 2.435350E-05 
4.209888E+00, 1.857977E-04 
1.024910E+01, 7.521291E-07 
4.810912E+00, 7.951138E-05 
8.972705E+00, 6.637515E-06 
8.724488E+00, 5.360489E-06 
7.090070E+00, 3.261564E-05 
4.325322E+00, 1.015448E-04 
6.511247E+00, 3.503943E-05 
1.637028E+00, 5.271926E-04 
1.261426E+00, 2.637265E-04 
7.823931E-01, 4.251329E-04 
2.659774E+00, 1.970340E-04 
1.386095E+00, 6.214123E-04 
6.093812E+00, 4.821302E-05 
8.477228E+00, 7.960607E-06 
3.300435E+00, 1.447683E-04 
9.406518E+00, 4.851674E-06 
4.444874E+00, 1.359038E-04 
4.220718E+00, 1.780449E-04 
1.418091E+00, 4.445265E-04 
2.596357E+00, 1.702158E-04 
8.810632E+00, 9.954369E-06 
3.671741E+00, 2.057881E-04 
7.308459E+00, 1.665045E-05 
7.787058E+00, 1.269733E-05 
9.916931E+00, 1.069802E-06 
4.926892E+00, 1.218160E-04 
7.084908E+00, 2.674271E-05 
9.837458E+00, 8.710025E-07 
8.137262E+00, 1.368349E-05 
5.060407E+00, 9.427854E-05 
3.474680E+00, 2.946772E-04 
8.650524E+00, 4.692702E-06 
5.973538E+00, 2.378416E-05 
9.467641E+00, 4.269761E-06 
3.140988E+00, 1.687524E-04 
5.087137E+00, 1.084573E-04 
9.187985E+00, 2.185580E-06 
2.199821E+00, 2.703731E-04 
6.579163E+00, 2.541078E-05 
6.513627E+00, 2.712680E-05 
3.448651E+00, 1.842843E-04 
7.509145E-01, 5.190094E-04 
5.005320E+00, 1.054308E-04 
7.628381E+00, 1.474445E-05 
6.515464E+00, 5.476560E-05 
7.092152E+00, 1.936431E-05 
5.859067E+00, 5.983133E-05 
9.283183E+00, 4.446230E-06 
1.149446E-01, 4.523447E-04 
1.628570E+00, 4.753164E-04 
3.595377E+00, 1.756080E-04 
7.738257E+00, 1.423070E-05 
4.657749E+00, 1.127983E-04 
9.869840E+00, 7.214882E-07 
4.336593E-01, 2.798541E-04 
2.284219E+00, 3.174392E-04 
4.396957E+00, 1.847486E-04 
4.393911E+00, 2.000272E-04 
2.781256E+00, 2.239702E-04 
9.252030E+00, 3.905790E-06 
2.287148E+00, 3.619109E-04 
3.002554E+00, 1.941451E-04 
2.070437E+00, 4.651230E-04 
8.919430E+00, 3.538291E-06 
5.650615E+00, 1.307310E-04 
5.520151E+00, 6.032843E-05 
6.812004E+00, 2.819903E-05 
7.333671E-01, 2.417690E-04 
-2.629104E+00, 1.888006E-02 
8.648619E+00, 7.927910E-06 
4.991028E+00, 1.089688E-04 
3.048014E+00, 2.863472E-04 
1.649213E+00, 5.905762E-04 
5.690791E+00, 5.707812E-05 
6.179976E+00, 2.371603E-05 
8.683579E+00, 3.532205E-06 
9.167777E+00, 5.968626E-06 
2.484114E-01, 2.756612E-04 
1.129536E+00, 4.445265E-04 
5.323700E+00, 8.339870E-05 
1.022764E+01, 9.328479E-07 
5.680109E+00, 5.655215E-05 
1.921784E+00, 3.880018E-04 
6.317857E+00, 5.102679E-05 
3.476150E+00, 2.289639E-04 
3.903996E+00, 2.214819E-04 
8.541864E+00, 9.071559E-06 
7.317734E+00, 3.628175E-05 
4.966780E+00, 7.244932E-05 
6.677024E+00, 3.090059E-05 
9.016031E+00, 2.288861E-06 
7.644739E+00, 1.129455E-05 
7.502391E+00, 1.505648E-05 
-5.447824E+00, 1.837978E-02 
4.513761E+00, 1.737523E-04 
6.397470E+00, 3.747764E-05 
2.382513E-01, 3.875648E-04 
6.768415E+00, 4.528089E-05 
5.679258E+00, 1.300537E-04 
3.243041E+00, 2.262842E-04 
9.684506E+00, 3.666696E-06 
1.416336E+00, 3.836329E-04 
6.007880E-01, 5.635959E-04 
2.122484E+00, 4.123583E-04 
9.524240E+00, 1.089153E-06 
2.369143E+00, 3.272231E-04 
2.943060E+00, 2.577970E-04 
2.747478E+00, 2.533772E-04 
6.407291E+00, 4.130391E-05 
1.689452E+00, 5.822431E-04 
4.412956E+00, 1.369968E-04 
2.317101E+00, 3.230640E-04 
8.838804E+00, 6.717764E-06 
9.020448E+00, 4.003323E-06 
6.434949E+00, 2.965120E-05 
9.828174E+00, 1.556005E-06 
6.762063E+00, 4.904009E-05 
2.615912E+00, 2.402467E-04 
3.668444E+00, 9.315197E-05 
6.131566E-01, 3.311288E-04 
6.127254E+00, 5.052904E-05 
9.287205E+00, 2.339691E-06 
9.153536E+00, 3.533108E-06 
8.739141E+00, 6.909423E-06 
3.704010E+00, 1.764276E-04 
8.399324E+00, 8.055428E-06 
5.568350E+00, 1.104291E-04 
7.204618E+00, 2.537972E-05 
2.452118E+00, 2.498104E-04 
5.868451E+00, 4.519294E-05 
6.173485E+00, 5.256136E-05 
5.963665E+00, 7.627370E-05 
5.786414E+00, 1.025515E-04 
7.966690E+00, 1.290684E-05 
4.415258E+00, 1.089281E-04 
2.169852E+00, 3.360490E-04 
9.211334E-01, 3.144257E-04 
5.746025E+00, 6.676859E-05 
3.218902E+00, 2.012155E-04 
9.207022E+00, 7.888765E-06 
1.791946E-01, 4.217459E-04 
3.633279E+00, 2.163036E-04 
8.040697E+00, 2.297141E-05 
5.699227E+00, 1.018644E-04 
3.293893E+00, 1.483474E-04 
1.716500E+00, 3.181154E-04 
1.029115E+00, 3.795379E-04 
2.011451E+00, 3.275127E-04 
8.429131E+00, 1.621720E-05 
5.549609E+00, 7.627370E-05 
1.735490E+00, 4.441105E-04 
4.224329E+00, 1.689951E-04 
7.816153E+00, 1.276848E-05 
2.477305E+00, 2.306011E-04 
2.127669E+00, 5.772102E-04 
5.071048E+00, 1.106637E-04 
3.352273E+00, 1.787621E-04 
4.305509E+00, 1.549985E-04 
6.309420E+00, 3.522278E-05 
5.894029E-01, 3.386089E-04 
9.421626E+00, 2.644470E-06 
1.460384E+00, 4.385891E-04 
3.349316E+00, 3.495654E-04 
9.769273E+00, 1.108152E-06 
8.305637E+00, 1.140596E-05 
7.771196E+00, 1.125839E-05 
2.815162E+00, 1.810914E-04 
2.611733E+00, 1.877707E-04 
5.869262E+00, 4.705683E-05 
8.291146E+00, 7.337214E-06 
6.053954E+00, 2.892361E-05 
7.211693E+00, 1.993898E-05 
6.464291E+00, 2.084473E-05 
2.093773E+00, 2.170401E-04 
9.310336E+00, 6.303222E-06 
7.633964E+00, 1.991408E-05 
6.582171E+00, 2.084473E-05 
9.363417E+00, 3.702670E-06 
8.888350E+00, 7.295235E-06 
1.603259E+00, 5.827115E-04 
9.215646E+00, 5.536348E-06 
4.124362E+00, 1.226801E-04 
1.830750E+00, 3.357445E-04 
3.253355E+00, 2.626564E-04 
4.802417E+00, 9.689831E-05 
8.465508E+00, 1.087411E-05 
8.264841E+00, 1.275659E-05 
1.959476E+00, 4.962835E-04 
1.016571E+01, 1.388142E-06 
1.399547E+00, 2.795875E-04 
1.577302E+00, 4.547682E-04 
4.568298E+00, 7.225153E-05 
4.397778E+00, 1.187978E-04 
3.486140E+00, 1.719329E-04 
6.621983E-02, 5.346661E-03 
8.602745E+00, 1.204265E-05 
3.174671E+00, 1.996678E-04 
2.640941E+00, 2.329561E-04 
8.208073E+00, 1.030690E-05 
4.677956E+00, 1.187978E-04 
7.433603E+00, 1.356960E-05 
2.840273E+00, 1.649692E-04 
4.905375E+00, 1.497531E-04 
3.565002E+00, 2.417160E-04 
7.233709E+00, 1.764374E-05 
5.142271E+00, 7.325187E-05 
8.935739E+00, 6.607648E-06 
7.727937E+00, 1.266411E-05 
6.270059E+00, 3.192498E-05 
8.699840E+00, 2.371145E-06 
3.117467E+00, 1.983389E-04 
9.853931E+00, 1.082463E-06 
9.331931E-01, 3.462685E-04 
1.540378E+00, 3.270636E-04 
3.690436E+00, 2.292377E-04 
6.559209E+00, 4.318409E-05 
4.937689E-01, 4.183257E-04 
4.692215E+00, 1.072944E-04 
9.503063E+00, 1.659190E-06 
7.681725E+00, 1.147727E-05 
8.215780E+00, 1.863734E-05 
3.056756E+00, 1.422002E-04 
1.863089E+00, 5.514242E-04 
8.260727E+00, 1.160962E-05 
3.233037E-01, 3.514356E-04 
2.192517E+00, 2.914073E-04 
3.179612E+00, 1.959148E-04 
9.312326E-01, 1.344107E-03 
3.134515E+00, 2.909857E-04 
5.294809E+00, 1.194665E-04 
3.601851E+00, 2.376849E-04 
5.375042E+00, 1.045006E-04 
4.331522E-01, 2.755107E-04 
4.385494E+00, 1.118237E-04 
5.529698E+00, 7.325187E-05 
7.720352E+00, 1.767455E-05 
8.923086E+00, 3.726723E-06 
4.922168E+00, 7.806350E-05 
6.140768E+00, 5.012424E-05 
2.135036E+00, 2.077900E-04 
3.956920E+00, 1.651122E-04 
1.406689E+00, 4.092078E-04 
3.973293E+00, 2.563139E-04 
5.978352E+00, 5.132758E-05 
5.473602E+00, 1.007873E-04 
1.792633E+00, 3.945014E-04 
5.145291E+00, 9.121009E-05 
4.401123E+00, 1.376704E-04 
1.081412E+00, 5.137084E-04 
2.214212E+00, 4.479826E-04 
3.358152E+00, 2.242725E-04 
3.693700E+00, 2.235893E-04 
5.320877E+00, 9.735891E-05 
9.816256E+00, 1.225495E-06 
9.022278E+00, 5.431343E-06 
2.510218E+00, 3.456896E-04 
8.747692E+00, 6.589821E-06 
9.377164E+00, 1.082463E-06 
2.864972E+00, 1.338441E-04 
3.509929E+00, 1.434666E-04 
8.826241E+00, 4.068478E-06 
6.138275E+00, 6.633696E-05 
6.618122E+00, 4.097953E-05 
5.669602E+00, 1.267120E-04 
3.750905E+00, 1.557385E-04 
7.726520E-01, 3.599675E-04 
8.248343E+00, 9.509059E-06 
3.820647E+00, 2.169228E-04 
9.066949E+00, 3.905790E-06 
1.149479E+01, 7.544393E-07 
3.886653E+00, 1.947642E-04 
3.199395E+00, 3.379280E-04 
1.571993E+00, 3.552091E-04 
3.868128E+00, 2.561906E-04 
7.135166E+00, 4.163076E-05 
8.038430E+00, 1.804391E-05 
5.101851E+00, 1.522074E-04 
1.633238E+00, 4.365113E-04 
4.769042E+00, 1.226801E-04 
2.428467E+00, 3.611019E-04 
1.019184E+01, 6.450860E-07 
6.677738E+00, 2.492624E-05 
6.537825E+00, 5.755001E-05 
1.070239E+00, 2.485794E-04 
9.536525E+00, 2.351248E-06 
1.989544E+00, 5.363293E-04 
9.915252E+00, 1.000056E-06 
3.849766E+00, 2.360124E-04 
3.366082E+00, 2.423900E-04 
1.494336E+00, 4.362732E-04 
8.609872E+00, 1.377563E-05 
8.161442E+00, 1.558788E-05 
3.066701E+00, 1.944180E-04 
7.947761E+00, 2.353520E-05 
7.230309E+00, 2.687852E-05 
3.155028E+00, 2.892055E-04 
2.370920E+00, 4.624804E-04 
2.805115E+00, 1.688036E-04 
3.961809E+00, 2.195463E-04 
7.307326E+00, 2.334420E-05 
4.596235E+00, 1.352305E-04 
4.922667E+00, 8.859627E-05 
3.372106E+00, 2.059768E-04 
8.699757E+00, 3.614318E-06 
7.035795E+00, 2.493726E-05 
9.268268E+00, 2.982666E-06 
1.232937E+00, 2.404765E-04 
8.571951E+00, 7.868566E-06 
2.930868E+00, 3.279292E-04 
4.616576E+00, 1.106637E-04 
4.292366E+00, 1.785685E-04 
5.814486E+00, 5.901652E-05 
6.788986E+00, 3.274689E-05 
8.025828E+00, 1.358221E-05 
8.465892E+00, 1.097780E-05 
5.074101E+00, 1.226664E-04 
2.752424E+00, 2.308432E-04 
6.883271E+00, 2.439018E-05 
8.035400E+00, 1.064964E-05 
4.364796E+00, 1.443950E-04 
2.026882E+00, 4.112662E-04 
1.285147E+00, 4.597243E-04 
1.084418E+01, 8.091364E-07 
1.732690E+00, 4.666430E-04 
9.968667E+00, 1.305160E-06 
1.303344E+00, 4.523447E-04 
4.642720E+00, 9.689831E-05 
8.420902E+00, 1.001200E-05 
8.655225E+00, 8.448756E-06 
9.831280E+00, 2.884487E-06 
8.017125E+00, 1.230419E-05 
4.796592E+00, 9.235095E-05 
6.662325E+00, 3.335705E-05 
4.681334E-01, 3.818145E-04 
1.010228E+01, 1.904031E-06 
8.729698E+00, 4.700576E-06 
5.482140E+00, 1.298011E-04 
7.439951E+00, 1.878842E-05 
9.853496E+00, 1.082922E-06 
8.389187E+00, 7.987371E-06 
3.975394E+00, 2.733051E-04 
2.322121E+00, 4.087614E-04 
7.251089E+00, 1.530547E-05 
7.863022E+00, 1.203518E-05 
6.460589E-01, 2.555387E-04 
3.528903E+00, 1.977105E-04 
5.260491E+00, 1.210727E-04 
1.032766E+01, 2.072086E-06 
6.005700E+00, 6.427052E-05 
9.923918E+00, 2.120110E-06 
2.321320E-01, 3.780272E-04 
5.252644E+00, 6.838599E-05 
2.159397E+00, 3.784471E-04 
1.205612E+00, 3.634847E-04 
-4.834153E-03, 3.430931E-04 
8.126876E+00, 6.735071E-06 
1.164890E+00, 3.038615E-04 
7.526966E+00, 2.171537E-05 
9.954277E+00, 1.044709E-06 
4.745875E+00, 1.402631E-04 
1.043077E+00, 6.392420E-04 
2.403969E-01, 3.360268E-04 
8.332891E+00, 1.101351E-05 
3.291435E+00, 1.308045E-04 
1.444223E+00, 3.270636E-04 
6.407257E+00, 3.504308E-05 
5.675171E+00, 1.063965E-04 
8.440511E-01, 3.551743E-04 
9.161207E+00, 6.311805E-06 
1.009929E+01, 6.612559E-07 
8.589483E+00, 6.298377E-06 
1.694869E+00, 4.548829E-04 
9.379782E+00, 1.985503E-06 
1.108325E+01, 1.109652E-06 
8.758685E+00, 2.004240E-06 
5.683396E+00, 1.282343E-04 
9.514005E+00, 1.327795E-06 
9.936075E+00, 1.237697E-06 
2.062454E+00, 3.043553E-04 
6.355707E+00, 5.585817E-05 
3.402415E+00, 2.271567E-04 
6.047710E+00, 1.246765E-04 
9.190422E+00, 7.277410E-06 
7.719273E+00, 1.529015E-05 
7.836651E+00, 1.051918E-05 
4.026087E+00, 1.501340E-04 
3.077773E+00, 2.584373E-04 
2.724505E+00, 2.707772E-04 
4.125930E+00, 9.833396E-05 
2.963308E+00, 2.453368E-04 
2.608917E+00, 1.425889E-04 
9.756076E+00, 1.054010E-06 
4.749192E+00, 9.961124E-05 
4.762821E+00, 1.406726E-04 
8.514174E+00, 1.245540E-05 
2.101359E+00, 3.961008E-04 
1.508923E+00, 3.217003E-04 
7.555551E+00, 2.511153E-05 
4.841499E+00, 1.443172E-04 
3.454367E+00, 2.266557E-04 
4.585804E+00, 1.670380E-04 
1.173497E+00, 4.186816E-04 
3.960620E+00, 2.271201E-04 
6.183193E+00, 6.318676E-05 
1.703598E+00, 3.784775E-04 
1.596399E+00, 2.947663E-04 
6.010952E+00, 3.307539E-05 
3.304298E+00, 1.399380E-04 
2.649011E+00, 2.592927E-04 
7.284233E+00, 3.009784E-05 
7.978886E+00, 1.510756E-05 
9.121394E+00, 4.247169E-06 
1.908900E+00, 4.135377E-04 
8.099786E+00, 1.115118E-05 
7.722801E+00, 1.218220E-05 
1.271658E+00, 3.551743E-04 
2.482278E+00, 3.322186E-04 
3.774177E+00, 2.892286E-04 
5.547935E+00, 1.213072E-04 
6.271819E+00, 3.814663E-05 
3.950539E+00, 9.315197E-05 
8.166048E+00, 1.263419E-05 
2.932886E+00, 2.672759E-04 
4.752689E+00, 9.939159E-05 
9.574528E+00, 1.438350E-06 
9.525863E+00, 1.401489E-06 
6.202961E+00, 5.391895E-05 
9.647522E+00, 2.476273E-06 
4.471416E+00, 1.585845E-04 
8.366771E+00, 9.078523E-06 
1.085542E+00, 2.116476E-04 
9.698992E+00, 7.450853E-07 
4.389481E+00, 1.854388E-04 
9.066230E+00, 6.982777E-06 
5.143448E+00, 7.846839E-05 
1.022774E+01, 1.315980E-06 
4.608196E+00, 1.510292E-04 
9.351734E+00, 2.604123E-06 
8.902714E+00, 4.742291E-06 
-1.665061E-02, 4.023459E-03 
-5.868562E+00, 1.875317E-02 
5.733086E+00, 5.713361E-05 
3.569755E+00, 2.094661E-04 
4.781465E+00, 4.941347E-05 
7.065607E+00, 3.472944E-05 
5.874443E+00, 4.476926E-05 
6.673413E+00, 3.837705E-05 
5.015090E+00, 9.311556E-05 
4.413525E+00, 1.359038E-04 
6.281037E+00, 5.585958E-05 
8.645376E-01, 4.599523E-04 
8.340396E+00, 4.648321E-06 
5.869062E+00, 5.132758E-05 
6.104729E+00, 2.822581E-05 
4.207001E+00, 2.082467E-04 
3.181157E+00, 2.708690E-04 
8.524318E+00, 7.649351E-06 
6.737013E+00, 2.546750E-05 
2.289789E+00, 2.825217E-04 
6.104581E+00, 5.348464E-05 
8.580857E+00, 6.735071E-06 
7.288359E+00, 2.206548E-05 
8.694963E+00, 6.740144E-06 
9.010404E+00, 5.016838E-06 
7.763858E+00, 1.856797E-05 
7.878392E+00, 1.678798E-05 
9.590817E+00, 9.714131E-07 
1.411147E+00, 3.583598E-04 
5.358752E-01, 3.463272E-04 
3.861161E+00, 1.739728E-04 
9.335050E+00, 4.920981E-06 
6.651117E+00, 2.944265E-05 
6.474597E+00, 3.755563E-05 
3.386383E-01, 2.915245E-05 
6.756388E+00, 3.098857E-05 
5.869927E+00, 6.126282E-05 
4.187006E-01, 5.422063E-04 
-2.816032E-01, 6.771886E-05 
4.176055E-01, 3.970437E-04 
7.490823E+00, 1.752837E-05 
1.898384E+00, 3.812176E-04 
2.824554E+00, 1.650194E-04 
9.926675E+00, 9.375964E-07 
8.382296E+00, 1.333607E-05 
1.383572E+00, 4.937628E-04 
3.401117E+00, 2.085078E-04 
9.362045E+00, 4.100731E-06 
7.019500E+00, 2.908777E-05 
9.109409E+00, 3.068860E-06 
4.685375E+00, 1.607259E-04 
5.857104E+00, 7.055346E-05 
4.431087E+00, 2.354640E-04 
2.296630E+00, 2.450611E-04 
7.080472E+00, 1.536304E-05 
5.845697E+00, 4.218725E-05 
1.980738E+00, 4.612323E-04 
1.672868E+00, 4.353274E-04 
2.531690E+00, 2.487502E-04 
6.979146E-01, 3.430726E-04 
2.152637E+00, 3.255106E-04 
3.177970E+00, 1.574827E-04 
7.270063E+00, 1.865943E-05 
4.744707E+00, 1.467233E-04 
8.994234E+00, 2.882237E-06 
1.600658E+00, 2.820062E-04 
7.975684E+00, 1.699454E-05 
8.263920E+00, 7.607105E-06 
3.963451E+00, 1.500002E-04 
5.480233E+00, 7.970740E-05 
9.576657E+00, 4.068478E-06 
3.445150E+00, 1.699950E-04 
8.931127E+00, 8.390390E-06 
5.273535E+00, 1.219736E-04 
4.718648E+00, 7.552689E-05 
8.360414E+00, 1.156329E-05 
4.562311E-01, 3.562684E-04 
5.905245E+00, 4.381086E-05 
8.282639E+00, 5.963320E-06 
8.429717E+00, 1.769779E-05 
4.802052E+00, 7.331356E-05 
1.016350E+00, 5.489991E-04 
9.189007E+00, 3.293010E-06 
7.341975E+00, 1.512131E-05 
3.917070E+00, 2.388755E-04 
2.448996E+00, 2.037052E-04 
4.735284E+00, 7.575837E-05 
4.514264E+00, 1.502520E-04 
6.115014E+00, 5.430648E-05 
8.597857E+00, 7.552900E-06 
7.633416E+00, 2.548796E-05 
3.807291E+00, 1.923127E-04 
3.961204E+00, 2.201280E-04 
2.066411E+00, 4.172018E-04 
4.073580E+00, 2.030678E-04 
1.184499E+00, 2.774620E-04 
9.449687E-01, 4.882693E-04 
6.143404E+00, 1.545334E-04 
9.313822E+00, 2.370170E-06 
3.459470E+00, 1.732141E-04 
6.431009E+00, 5.297845E-05 
1.561520E+00, 4.453532E-04 
8.947530E+00, 3.538291E-06 
8.663007E+00, 8.043015E-06 
5.004674E+00, 1.133421E-04 
5.034198E+00, 1.263040E-04 
8.292010E+00, 6.557228E-06 
2.764738E+00, 1.875546E-04 
3.109827E+00, 1.848821E-04 
4.326471E+00, 1.438805E-04 
3.806260E+00, 2.339800E-04 
6.509751E+00, 2.826506E-05 
1.863406E+00, 6.308781E-05 
1.325210E+00, 2.813468E-04 
7.147886E-01, 4.451428E-04 
8.299335E+00, 1.651109E-05 
5.121280E+00, 6.226900E-05 
5.601279E+00, 8.651386E-05 
3.376605E+00, 2.709146E-04 
3.217685E+00, 1.482590E-04 
8.069798E+00, 1.198185E-05 
2.469816E+00, 2.184487E-04 
9.883341E+00, 1.633393E-06 
6.319068E+00, 4.840300E-05 
3.132866E-01, 5.296439E-04 
7.221824E+00, 1.604385E-05 
7.356529E+00, 1.766677E-05 
1.084996E+00, 2.832197E-04 
8.277978E+00, 9.420914E-06 
2.268237E+00, 3.163525E-04 
7.437138E+00, 2.369817E-05 
1.252366E+00, 3.115721E-04 
1.023676E+01, 6.525802E-07 
7.084998E-01, 3.985460E-04 
8.278346E+00, 7.548989E-06 
5.014227E+00, 1.263692E-04 
6.973833E+00, 2.560019E-05 
7.981997E+00, 9.118367E-06 
4.172008E+00, 1.569180E-04 
3.563616E+00, 1.689951E-04 
5.817506E+00, 6.579619E-05 
9.308815E+00, 3.263048E-06 
4.121420E+00, 1.913744E-04 
5.171824E+00, 1.045669E-04 
9.972928E+00, 1.433647E-06 
7.758155E+00, 1.353308E-05 
1.753544E+00, 3.473679E-04 
6.940074E+00, 2.650612E-05 
5.397709E+00, 1.145763E-04 
2.294851E-01, 3.202508E-04 
6.622232E+00, 4.854724E-05 
2.333290E+00, 2.597922E-04 
4.551904E+00, 1.648302E-04 
9.770115E+00, 1.212567E-06 
4.330553E+00, 9.414902E-05 
1.848416E+00, 3.005059E-04 
3.724342E+00, 1.593664E-04 
4.970326E+00, 1.305763E-04 
2.963525E+00, 2.645448E-04 
3.478157E+00, 2.229486E-04 
9.256442E+00, 6.893032E-06 
4.447913E+00, 2.245618E-04 
8.573555E+00, 7.607105E-06 
5.668636E+00, 6.564637E-05 
6.507152E+00, 3.516546E-05 
2.076805E+00, 3.203708E-04 
9.534433E+00, 3.044564E-06 
7.074684E+00, 3.139453E-05 
2.265818E+00, 3.345993E-04 
7.428369E+00, 1.382828E-05 
6.946006E+00, 2.892361E-05 
6.334640E+00, 3.838800E-05 
7.357363E+00, 2.615569E-05 
3.591926E+00, 2.144984E-04 
4.230419E+00, 1.773991E-04 
7.089534E+00, 2.327428E-05 
5.045790E+00, 1.683211E-04 
3.495634E+00, 2.097597E-04 
9.685187E+00, 1.018922E-06 
5.258634E-01, 4.051623E-04 
4.103290E+00, 2.148786E-04 
2.837474E+00, 3.036177E-04 
3.402873E+00, 1.785183E-04 
2.655208E+00, 2.071664E-04 
5.960554E+00, 3.869541E-05 
7.368300E+00, 1.074959E-05 
9.954761E+00, 7.911626E-07 
6.024956E+00, 6.022620E-05 
3.013688E+00, 2.603140E-04 
8.517442E+00, 7.115808E-06 
1.548957E+00, 4.457307E-04 
5.149641E+00, 8.284625E-05 
5.818533E+00, 5.516640E-05 
5.341999E+00, 6.769425E-05 
1.737401E+00, 5.625077E-04 
4.686658E+00, 1.632567E-04 
2.329715E+00, 3.491756E-04 
1.068973E+01, 1.500042E-06 
3.955900E+00, 1.984999E-04 
7.305538E+00, 2.187731E-05 
9.197627E+00, 5.862139E-06 
9.311262E+00, 2.859513E-06 
7.279984E+00, 2.877518E-05 
4.974211E+00, 1.439103E-04 
1.006306E+01, 8.971027E-07 
3.041850E+00, 1.810914E-04 
9.785128E+00, 8.043116E-07 
8.501525E+00, 1.001200E-05 
7.871614E+00, 1.261442E-05 
9.924496E+00, 1.807098E-06 
3.233554E+00, 2.272935E-04 
3.856290E+00, 3.142474E-04 
6.963825E+00, 3.538835E-05 
-3.385694E+00, 1.837591E-02 
2.669026E+00, 2.712834E-04 
7.879937E+00, 1.676950E-05 
6.731024E-02, 2.452776E-04 
1.163339E+00, 5.437454E-04 
4.429357E-01, 3.036400E-04 
4.485406E+00, 1.708722E-04 
5.509197E+00, 6.838599E-05 
2.836203E+00, 2.683398E-04 
2.768294E+00, 2.482091E-04 
2.306835E+00, 4.171278E-04 
4.422217E+00, 1.807050E-04 
2.800434E+00, 2.444102E-04 
6.737479E+00, 3.817760E-05 
7.656203E+00, 1.649183E-05 
7.452896E+00, 1.486822E-05 
7.554909E+00, 1.509150E-05 
4.086702E+00, 1.382970E-04 
7.903728E+00, 2.131714E-05 
2.818248E-02, 5.081703E-04 
1.136664E-01, 3.360268E-04 
5.192576E+00, 5.188117E-05 
4.192422E+00, 1.311103E-04 
5.793095E+00, 5.281744E-05 
7.131425E+00, 3.400305E-05 
3.632684E+00, 1.719582E-04 
1.073463E-01, 2.982969E-04 
3.064838E+00, 3.231592E-04 
5.313381E+00, 1.296146E-04 
3.325181E+00, 1.196372E-04 
1.137453E+01, 9.400721E-07 
2.421828E+00, 2.772145E-04 
7.686936E+00, 1.312072E-05 
3.598574E-01, 4.664392E-04 
9.410389E+00, 1.688658E-06 
3.527218E+00, 3.294565E-04 
2.456854E+00, 4.327592E-04 
3.060437E+00, 1.968797E-04 
4.150568E-01, 3.423168E-04 
3.042155E-01, 2.159373E-04 
2.390675E+00, 3.384954E-04 
5.311179E+00, 7.114952E-05 
5.141874E+00, 1.120259E-04 
1.042808E+01, 1.223568E-06 
5.050248E+00, 9.178890E-05 
5.389646E+00, 8.109763E-05 
3.914679E+00, 2.048095E-04 
4.453175E+00, 2.320907E-04 
9.263761E+00, 5.243913E-06 
1.578234E-01, 2.438629E-03 
1.690218E+00, 4.256555E-04 
8.636901E+00, 4.700576E-06 
9.869905E+00, 8.403891E-07 
2.523723E+00, 2.840020E-04 
1.938479E+00, 3.101568E-04 
3.935847E+00, 1.892573E-04 
5.495093E+00, 7.374302E-05 
5.806649E+00, 4.218725E-05 
9.787421E+00, 1.296893E-06 
8.889040E-01, 5.444407E-04 
5.778662E+00, 4.265972E-05 
6.604530E+00, 3.325557E-05 
5.405291E+00, 1.007873E-04 
6.034703E+00, 4.450664E-05 
5.615303E+00, 8.803639E-05 
9.137715E+00, 2.723714E-06 
3.800506E+00, 1.097083E-04 
6.064151E+00, 5.867962E-05 
5.887110E+00, 7.268734E-05 
1.695129E+00, 5.337952E-04 
7.809945E+00, 1.767003E-05 
5.137700E+00, 8.579166E-05 
6.630243E+00, 2.949065E-05 
5.278332E+00, 7.649765E-05 
2.194695E+00, 3.255545E-04 
2.399912E-01, 3.433362E-04 
9.280967E+00, 2.407919E-06 
4.052791E+00, 2.333101E-04 
4.515177E+00, 1.308881E-04 
8.839105E+00, 5.201137E-06 
1.934856E+00, 4.382853E-04 
9.556295E+00, 1.594425E-06 
8.861836E-03, 2.660368E-04 
8.463107E+00, 6.502325E-06 
7.163160E+00, 1.818676E-05 
9.463121E-01, 1.657347E-04 
4.721777E+00, 1.440568E-04 
1.050215E+01, 9.323408E-07 
5.737685E+00, 9.603271E-05 
4.673993E+00, 1.523693E-04 
8.885193E+00, 8.682261E-06 
1.891327E+00, 4.124348E-04 
1.041717E+01, 8.564723E-07 
8.773194E+00, 3.036274E-06 
2.473606E+00, 3.573297E-04 
4.675326E+00, 1.669286E-04 
4.154270E+00, 1.226301E-04 
4.478792E+00, 1.448396E-04 
3.329524E+00, 2.185038E-04 
7.970841E-01, 4.822816E-04 
2.672627E+00, 1.529540E-04 
6.602512E+00, 2.775647E-05 
7.238905E-01, 4.018562E-04 
5.764978E+00, 7.191047E-05 
9.477031E+00, 2.994671E-06 
6.834599E+00, 2.239288E-05 
9.893588E+00, 7.521291E-07 
1.030587E+01, 1.596157E-06 
8.435566E+00, 4.269761E-06 
4.483571E-01, 5.175740E-04 
8.574097E+00, 8.746668E-06 
9.934677E+00, 1.442976E-06 
2.651252E+00, 2.071664E-04 
5.128966E+00, 6.618718E-05 
6.595439E+00, 2.398179E-05 
1.446088E+00, 2.605520E-04 
4.735004E+00, 9.852265E-05 
1.031632E+01, 5.300275E-07 
3.321329E+00, 1.524060E-04 
6.537029E+00, 3.728149E-05 
7.615706E+00, 1.338044E-05 
1.099071E+01, 8.372957E-07 
7.789105E+00, 1.290684E-05 
9.069076E+00, 7.170225E-06 
6.239286E+00, 6.084623E-05 
6.591187E+00, 3.069977E-05 
5.173594E+00, 8.772333E-05 
7.006879E+00, 3.009755E-05 
4.149406E-01, 2.662456E-04 
3.303854E+00, 2.939824E-04 
2.372141E+00, 3.904183E-04 
6.973796E+00, 3.150304E-05 
4.575873E+00, 1.310412E-04 
7.141778E+00, 3.204784E-05 
2.064188E+00, 5.232792E-04 
9.083140E+00, 4.247169E-06 
7.673035E+00, 1.026363E-05 
7.405899E+00, 1.695466E-05 
2.915123E+00, 1.565603E-04 
5.779092E+00, 6.318952E-05 
4.769011E+00, 5.368370E-05 
9.739174E+00, 1.327785E-06 
5.730183E+00, 6.508525E-05 
2.838967E+00, 2.035592E-04 
7.760620E+00, 1.428285E-05 
4.368281E+00, 1.548766E-04 
4.736682E+00, 9.684453E-05 
2.614030E+00, 2.536306E-04 
3.340686E+00, 1.650938E-04 
3.381564E+00, 1.652794E-04 
1.338150E+00, 2.509590E-04 
9.539590E+00, 2.916673E-06 
7.165828E+00, 4.000981E-05 
8.577290E+00, 4.984931E-06 
1.957417E-01, 6.846337E-04 
8.502760E+00, 9.928851E-06 
5.457106E+00, 2.003537E-04 
3.698268E+00, 2.365855E-04 
9.991626E+00, 1.262648E-06 
6.965565E+00, 2.841892E-05 
4.569812E+00, 1.093590E-04 
8.162531E+00, 1.181874E-05 
1.050336E+00, 4.979959E-04 
2.286677E+00, 2.592927E-04 
2.508177E-01, 5.523592E-04 
6.967349E+00, 3.417954E-05 
6.100030E+00, 8.907739E-05 
2.876569E+00, 2.261779E-04 
7.386047E+00, 2.556013E-05 
2.276518E+00, 2.306011E-04 
3.312341E+00, 1.482590E-04 
2.716598E+00, 1.995987E-04 
7.761477E+00, 1.739418E-05 
9.019237E-01, 2.400984E-04 
5.118416E+00, 7.959913E-05 
8.796740E+00, 5.064939E-06 
8.465198E-01, 4.372063E-04 
2.385904E+00, 1.995987E-04 
1.079830E+01, 1.409959E-06 
3.534181E+00, 1.331574E-04 
7.288610E+00, 1.752837E-05 
6.603907E-01, 2.933725E-04 
1.416726E-01, 1.958965E-03 
3.867409E+00, 1.348848E-04 
4.615153E-01, 4.664392E-04 
6.892025E+00, 3.031664E-05 
7.668496E+00, 1.220992E-05 
9.541945E+00, 3.211910E-06 
5.247827E+00, 1.370154E-04 
2.082710E+00, 6.308781E-05 
3.026226E+00, 2.519073E-04 
4.810012E+00, 9.266624E-05 
6.193216E+00, 4.396049E-05 
8.101054E+00, 7.287593E-06 
1.099822E+00, 3.246781E-04 
8.923557E-01, 2.715073E-04 
5.849465E+00, 7.287615E-05 
1.984891E+00, 2.895918E-05 
5.950503E+00, 6.900941E-05 
2.651876E-01, 2.332196E-04 
3.070811E+00, 2.275178E-04 
5.472113E+00, 6.059842E-05 
3.308060E+00, 2.362029E-04 
5.552324E+00, 1.135667E-04 
1.243314E+00, 3.438995E-04 
5.009488E+00, 8.797009E-05 
5.499584E+00, 9.049202E-05 
3.551220E+00, 2.614587E-04 
1.008069E+01, 1.069802E-06 
4.607524E+00, 1.792315E-04 
1.133430E+01, 1.008780E-06 
5.260253E+00, 6.229012E-05 
2.662472E+00, 2.634587E-04 
4.413917E+00, 1.132542E-04 
8.874852E+00, 4.463793E-06 
1.499442E+00, 5.664361E-04 
3.023814E-01, 9.328783E-04 
8.936302E-01, 1.992730E-04 
5.895946E-01, 4.967877E-04 
2.098685E+00, 4.648391E-04 
5.196431E-01, 5.890609E-04 
5.633780E+00, 5.637486E-05 
5.327589E+00, 9.831331E-05 
6.024101E+00, 7.374302E-05 
1.301451E+00, 5.062165E-04 
4.764273E+00, 7.548590E-05 
7.991806E+00, 1.557254E-05 
5.203017E+00, 1.084387E-04 
5.512650E+00, 9.336426E-05 
6.823031E+00, 2.861054E-05 
1.076317E+00, 2.072815E-04 
7.175019E+00, 2.462264E-05 
4.647045E+00, 9.663945E-05 
8.713548E+00, 8.682055E-06 
2.684270E+00, 2.202206E-04 
1.055170E+00, 5.453652E-04 
3.728381E+00, 1.557385E-04 
1.529384E+00, 2.615539E-04 
1.011559E+01, 2.029270E-06 
1.111832E+00, 5.175794E-04 
8.382960E-01, 5.526586E-04 
2.402872E+00, 3.019399E-04 
5.200524E+00, 1.115429E-04 
1.189553E+01, 1.011381E-06 
8.644505E+00, 7.204729E-06 
1.786217E+00, 3.802986E-04 
1.813095E+00, 5.880481E-04 
6.105120E+00, 5.788321E-05 
4.029209E+00, 1.412667E-04 
9.315155E+00, 1.688658E-06 
4.632750E+00, 4.941347E-05 
1.529587E+00, 2.844100E-04 
8.703080E-01, 2.732208E-04 
2.108706E+00, 3.922952E-04 
4.976312E-01, 3.395978E-04 
3.735365E+00, 1.813799E-04 
5.487463E+00, 8.971924E-05 
8.101103E-01, 6.342052E-04 
1.743331E+00, 3.568467E-04 
2.807436E+00, 1.922507E-04 
5.580141E+00, 5.887931E-05 
9.047851E+00, 3.425802E-06 
7.011890E+00, 1.588710E-05 
6.914819E+00, 3.377288E-05 
1.624347E+00, 3.703219E-04 
4.556256E+00, 1.164423E-04 
7.710321E+00, 1.866259E-05 
6.756911E+00, 2.805098E-05 
9.955065E+00, 1.128172E-06 
-6.483622E+00, 1.667333E-02 
3.626411E+00, 1.518570E-04 
6.422215E+00, 5.268726E-05 
7.508773E-01, 4.749408E-04 
3.967253E+00, 1.739728E-04 
9.062146E-01, 3.393702E-04 
2.569614E+00, 2.375116E-04 
4.256624E+00, 2.060094E-04 
4.219440E+00, 1.229154E-04 
1.524221E+00, 3.613297E-04 
8.554291E-01, 3.134836E-04 
1.704654E+00, 5.451357E-04 
-5.619691E+00, 1.709628E-02 
2.775837E+00, 2.653382E-04 
1.015396E+01, 1.010978E-06 
1.070558E+01, 7.145506E-07 
8.634556E+00, 6.010886E-06 
5.966066E+00, 5.077751E-05 
1.009534E+00, 5.521963E-04 
3.813803E+00, 1.224309E-04 
1.237380E+00, 3.537335E-04 
8.265953E+00, 2.401410E-05 
8.400007E+00, 8.948551E-06 
7.982563E+00, 1.338044E-05 
7.688933E+00, 1.106133E-05 
3.024420E+00, 2.358492E-04 
4.646059E+00, 1.408294E-04 
7.282213E+00, 3.713951E-05 
8.713753E+00, 5.753464E-06 
1.044295E+01, 4.952891E-07 
3.961155E+00, 1.731712E-04 
3.470047E+00, 1.506238E-04 
1.052124E+01, 1.188258E-06 
6.323137E+00, 2.470226E-05 
5.523895E-01, 3.088058E-04 
6.183828E-01, 4.988291E-04 
1.031072E+01, 7.148647E-07 
1.187604E+00, 3.728183E-04 
7.761493E+00, 8.544464E-06 
8.042743E+00, 1.404754E-05 
2.661762E+00, 2.471943E-04 
5.862516E+00, 5.496208E-05 
6.037804E+00, 3.313658E-05 
1.017569E-01, 7.184867E-03 
7.827637E+00, 1.569147E-05 
9.717844E+00, 9.736170E-07 
5.028288E+00, 1.105355E-04 
-6.441200E-02, 2.347007E-04 
9.153877E+00, 4.024403E-06 
1.649730E+00, 5.824384E-04 
9.152521E+00, 6.387429E-06 
1.974595E+00, 5.471307E-04 
8.892190E+00, 6.965926E-06 
9.329580E+00, 2.971328E-06 
9.922707E+00, 1.076950E-06 
5.315121E+00, 1.332565E-04 
7.904456E+00, 1.785355E-05 
1.087329E+00, 3.670281E-04 
7.964016E+00, 1.630363E-05 
9.922414E+00, 1.092790E-06 
9.299585E+00, 2.181441E-06 
4.578801E+00, 1.812683E-04 
8.529843E+00, 6.295420E-06 
3.089165E+00, 2.526236E-04 
5.722673E+00, 8.491654E-05 
8.715489E+00, 4.775538E-06 
3.207448E+00, 2.353048E-04 
4.974783E+00, 1.533492E-04 
3.174211E+00, 1.660156E-04 
7.673119E+00, 1.267674E-05 
6.250779E+00, 9.407763E-05 
3.337789E+00, 2.062034E-04 
3.626184E+00, 1.403927E-04 
1.971110E+00, 2.239170E-04 
7.555515E+00, 1.688590E-05 
1.160528E+00, 2.795875E-04 
7.011588E+00, 1.881403E-05 
5.122859E+00, 8.757207E-05 
9.196405E+00, 2.798345E-06 
6.548170E+00, 3.986864E-05 
8.369805E+00, 1.272263E-05 
1.821421E+00, 4.843117E-04 
8.281516E+00, 5.390005E-06 
5.503640E-01, 4.925947E-04 
3.840860E+00, 3.559672E-04 
8.665961E+00, 1.197421E-05 
1.259956E+00, 4.605482E-04 
9.107734E+00, 2.439018E-06 
8.391589E+00, 8.846642E-06 
2.879665E+00, 2.012155E-04 
8.303396E+00, 7.552900E-06 
4.237180E+00, 1.200468E-04 
8.973925E+00, 3.165517E-06 
8.052577E+00, 1.437283E-05 
3.786625E+00, 2.929974E-04 
5.202110E+00, 1.191248E-04 
6.577878E+00, 2.324472E-05 
2.043151E+00, 4.191565E-04 
1.057197E+01, 9.449165E-07 
7.920134E+00, 1.835002E-05 
8.454667E-01, 4.649546E-04 
6.842561E+00, 3.071565E-05 
5.823041E+00, 5.435783E-05 
8.462907E+00, 9.078523E-06 
4.975572E+00, 1.404188E-04 
5.329206E+00, 1.065384E-04 
9.736519E+00, 1.327294E-06 
6.797826E+00, 3.548836E-05 
1.467657E+00, 4.668274E-04 
4.447256E+00, 1.856040E-04 
7.807738E+00, 1.168862E-05 
4.634640E+00, 9.939159E-05 
1.262988E+00, 4.195153E-04 
4.208959E-01, 6.866723E-04 
6.726846E+00, 1.859153E-05 
2.427461E+00, 3.521523E-04 
3.685839E+00, 1.521877E-04 
8.735256E+00, 7.632926E-06 
8.669609E+00, 5.123103E-06 
2.210629E+00, 2.221693E-04 
4.907042E+00, 8.402912E-05 
2.093403E+00, 4.813109E-04 
6.751400E+00, 2.701883E-05 
6.940019E+00, 2.929785E-05 
7.482928E+00, 1.388582E-05 
9.368406E+00, 5.230635E-06 
5.355957E+00, 9.635055E-05 
5.390587E-01, 1.969191E-04 
5.728903E+00, 5.839625E-05 
5.400714E+00, 1.379553E-04 
2.022033E+00, 2.625972E-04 
4.207861E+00, 1.601830E-04 
8.654884E+00, 4.191327E-06 
5.421465E+00, 1.041189E-04 
3.221209E+00, 1.610297E-04 
6.593158E+00, 3.654271E-05 
5.868779E+00, 3.167859E-05 
5.749610E+00, 5.311335E-05 
3.274565E+00, 2.180416E-04 
9.816486E+00, 1.110221E-06 
3.424803E+00, 1.463143E-04 
8.091223E+00, 7.204729E-06 
2.542838E+00, 2.886040E-04 
1.067905E+01, 1.309997E-06 
6.365069E+00, 2.492624E-05 
6.979283E+00, 3.669423E-05 
9.868844E+00, 8.763104E-07 
1.581418E-01, 3.735910E-04 
6.055358E+00, 5.311335E-05 
8.950915E+00, 3.804896E-06 
9.909509E+00, 6.727140E-07 
5.032286E+00, 7.959913E-05 
1.842428E+00, 5.147964E-04 
7.128400E+00, 3.046510E-05 
3.759132E+00, 2.630933E-04 
9.129840E+00, 4.280005E-06 
9.734337E+00, 9.861178E-07 
8.863438E+00, 4.647550E-06 
9.521234E+00, 1.604593E-06 
9.748135E+00, 1.839060E-06 
7.649102E+00, 1.266411E-05 
-4.087295E-02, 2.915245E-05 
4.266351E+00, 1.482017E-04 
6.651118E-01, 3.360268E-04 
3.096206E+00, 2.002655E-04 
1.032580E+01, 1.104564E-06 
6.928482E+00, 3.156083E-05 
4.326293E+00, 1.104434E-04 
5.056036E-01, 2.817616E-04 
9.101004E+00, 5.143379E-06 
3.108275E+00, 3.545133E-04 
8.201831E+00, 1.324687E-05 
2.894889E+00, 2.308432E-04 
1.160504E+00, 3.360268E-04 
7.881378E+00, 1.886321E-05 
1.324589E+00, 4.629485E-04 
9.165086E+00, 3.533108E-06 
5.545090E+00, 7.813832E-05 
-1.377050E-02, 3.614409E-04 
8.033664E+00, 1.198925E-05 
1.013324E+01, 8.166942E-07 
8.277725E+00, 1.376116E-05 
5.878842E+00, 4.754451E-05 
9.491866E+00, 2.092322E-06 
8.989808E+00, 4.024403E-06 
9.876121E+00, 1.017676E-06 
4.590420E+00, 7.576289E-05 
7.761304E+00, 1.422346E-05 
8.345328E+00, 8.206556E-06 
6.972506E-01, 3.243565E-04 
5.004564E+00, 1.167567E-04 
5.306155E+00, 9.215781E-05 
1.065697E+01, 6.727140E-07 
1.008604E+01, 1.017676E-06 
5.040671E+00, 8.491496E-05 
4.103664E+00, 2.075093E-04 
3.843634E+00, 2.108240E-04 
9.229002E+00, 2.645024E-06 
6.487400E+00, 3.979044E-05 
9.772627E+00, 1.000056E-06 
1.066218E+01, 1.212984E-06 
8.386708E+00, 1.115118E-05 
7.998915E+00, 1.781326E-05 
1.000133E+01, 1.291749E-06 
4.210354E+00, 1.360726E-04 
5.049747E+00, 8.931850E-05 
9.151349E+00, 3.366150E-06 
4.308158E+00, 1.917476E-04 
7.708366E+00, 1.704757E-05 
4.481788E+00, 9.178890E-05 
6.335683E+00, 3.159338E-05 
5.587969E+00, 4.111856E-05 
2.008101E+00, 2.025932E-04 
5.102941E+00, 1.301661E-04 
1.758982E+00, 4.250944E-04 
9.566970E+00, 2.148757E-06 
2.864981E+00, 1.845217E-04 
8.264727E+00, 6.186364E-06 
4.076413E+00, 1.061202E-04 
8.395312E+00, 1.148819E-05 
6.852811E+00, 3.098857E-05 
7.431222E+00, 1.562500E-05 
8.392256E-01, 4.713069E-04 
1.170728E+00, 3.091996E-04 
7.170830E+00, 1.991453E-05 
7.315787E+00, 1.767455E-05 
5.238012E+00, 7.846839E-05 
6.583456E+00, 5.970041E-05 
2.558497E+00, 1.959148E-04 
2.778025E+00, 2.186301E-04 
2.284605E+00, 2.884875E-04 
5.967991E+00, 2.069060E-05 
9.175736E+00, 3.454711E-06 
9.046721E+00, 4.449096E-06 
8.091591E+00, 5.128525E-06 
2.487333E+00, 3.491402E-04 
7.657798E+00, 1.388582E-05 
2.561817E+00, 3.862003E-04 
9.106284E+00, 3.957277E-06 
3.832732E+00, 1.624504E-04 
1.010258E+01, 1.017119E-06 
7.505150E+00, 2.096973E-05 
5.661255E+00, 3.869541E-05 
8.890275E+00, 9.463947E-06 
1.027680E+01, 1.244401E-06 
1.556581E+00, 2.949847E-04 
4.833823E-01, 4.322233E-04 
4.807255E-02, 3.360268E-04 
1.017366E+01, 1.383360E-06 
4.993338E+00, 1.720871E-04 
2.852108E+00, 3.299321E-04 
6.915468E+00, 3.394425E-05 
3.069797E+00, 2.012370E-04 
7.058790E+00, 2.297027E-05 
5.713211E+00, 4.831973E-05 
9.170303E-01, 3.360268E-04 
4.144675E-01, 4.532998E-04 
2.826424E+00, 2.718548E-04 
7.699219E+00, 1.258513E-05 
3.246505E+00, 2.262042E-04 
9.378470E+00, 1.028668E-06 
5.351603E+00, 8.402912E-05 
4.539997E+00, 9.416333E-05 
3.169478E+00, 1.951014E-04 
3.830020E-01, 5.830490E-05 
7.551846E+00, 2.671441E-05 
7.904095E+00, 1.026363E-05 
2.080439E+00, 3.696223E-04 
3.707273E+00, 3.361338E-04 
8.136199E+00, 1.181711E-05 
2.257868E-01, 2.686948E-04 
2.041653E+00, 3.208299E-04 
3.447931E-01, 3.318674E-04 
6.168226E+00, 3.330752E-05 
3.401702E+00, 1.955993E-04 
7.297590E+00, 2.639321E-05 
7.456019E+00, 1.473943E-05 
4.576318E+00, 1.240286E-04 
4.761320E+00, 1.605734E-04 
5.961134E+00, 1.482318E-04 
6.738051E+00, 2.332286E-05 
1.103046E+01, 2.153614E-06 
9.498356E+00, 1.217646E-06 
7.672074E+00, 1.781659E-05 
8.873119E+00, 5.753464E-06 
1.875283E+00, 3.455357E-04 
4.721898E+00, 9.082014E-05 
5.623275E+00, 6.605989E-05 
5.319457E+00, 6.526010E-05 
9.254095E+00, 3.857829E-06 
4.362561E+00, 2.383326E-04 
6.406739E+00, 4.027916E-05 
8.129488E-01, 3.823185E-04 
9.988886E+00, 6.450860E-07 
1.010414E+00, 3.360268E-04 
8.182349E+00, 2.159252E-05 
4.674079E+00, 1.457304E-04 
7.126611E+00, 3.143557E-05 
4.707822E+00, 1.278331E-04 
6.395684E-01, 4.664392E-04 
9.682539E+00, 5.231463E-07 
1.619761E+00, 3.366831E-04 
4.160852E+00, 1.719582E-04 
9.824397E+00, 7.177322E-07 
7.581078E+00, 1.535646E-05 
6.108946E+00, 4.096772E-05 
2.734186E+00, 2.471943E-04 
6.263852E+00, 2.814138E-05 
7.292125E+00, 1.766677E-05 
7.566222E+00, 1.706030E-05 
8.055459E+00, 1.283685E-05 
2.237193E+00, 2.933317E-04 
1.034311E+01, 9.449165E-07 
8.115995E-01, 3.442058E-04 
5.939595E+00, 5.623181E-05 
4.959249E+00, 9.087163E-05 
6.684278E+00, 4.144456E-05 
6.193014E+00, 4.146295E-05 
1.009832E+00, 2.458028E-04 
2.613346E+00, 2.488017E-04 
-4.147530E+00, 1.692791E-02 
5.163241E+00, 7.764442E-05 
7.543315E+00, 1.225006E-05 
7.996233E+00, 1.000392E-05 
2.139726E+00, 2.974586E-04 
1.269234E+00, 3.897478E-04 
6.222242E+00, 4.701099E-05 
5.272032E+00, 1.887513E-04 
3.948720E-01, 3.632593E-04 
4.614069E+00, 1.281314E-04 
8.803063E+00, 3.638807E-06 
6.652211E+00, 4.127292E-05 
2.625284E+00, 1.831258E-04 
6.617479E+00, 2.826506E-05 
7.095223E+00, 2.001371E-05 
6.487824E+00, 4.553900E-05 
8.003843E+00, 1.399691E-05 
7.002956E-01, 3.555579E-04 
7.036594E+00, 3.631868E-05 
4.505917E-01, 3.069603E-04 
7.975970E+00, 1.376856E-05 
5.547409E+00, 2.693323E-05 
9.941763E+00, 2.255970E-06 
4.467059E-01, 4.596866E-04 
9.247257E+00, 4.446230E-06 
1.913728E+00, 5.179410E-04 
8.718359E+00, 4.234539E-06 
6.115429E+00, 3.159338E-05 
1.348926E+00, 4.189347E-04 
4.594922E+00, 1.964325E-04 
6.828965E+00, 2.876533E-05 
8.986100E+00, 4.422538E-06 
8.899933E+00, 6.295420E-06 
7.606010E+00, 1.382828E-05 
8.332350E+00, 8.946180E-06 
3.363453E+00, 2.385902E-04 
1.781600E+00, 2.368142E-04 
6.616601E+00, 2.712680E-05 
7.539015E+00, 2.170222E-05 
9.329375E+00, 3.390012E-06 
7.708467E-01, 3.829857E-04 
5.040081E+00, 8.875344E-05 
7.595689E+00, 6.726387E-06 
-3.369348E-01, 1.175764E-02 
5.655092E-01, 3.748828E-04 
2.012677E-01, 3.756756E-04 
8.476227E+00, 5.365851E-06 
1.483993E+00, 2.721995E-04 
8.748322E+00, 7.363027E-06 
8.129110E+00, 7.526653E-06 
5.340170E+00, 9.310197E-05 
2.227805E+00, 2.610158E-04 
1.626189E+00, 2.485794E-04 
9.199021E-01, 4.390945E-04 
9.990037E+00, 9.936173E-07 
1.865212E+00, 4.413659E-04 
4.326258E+00, 2.064534E-04 
9.185982E+00, 2.902396E-06 
4.521123E+00, 1.437103E-04 
-1.419768E+00, 1.481665E-02 
7.736700E+00, 9.645557E-06 
9.358957E+00, 3.802106E-06 
9.373233E+00, 1.819416E-06 
4.534502E+00, 1.301661E-04 
7.180387E+00, 2.001371E-05 
3.184000E-01, 4.631784E-04 
8.243849E+00, 1.718501E-05 
3.742389E+00, 1.623697E-04 
9.076000E+00, 3.036274E-06 
1.854383E+00, 3.239681E-04 
3.775673E+00, 2.009994E-04 
5.836452E+00, 5.810141E-05 
3.297308E+00, 3.146896E-04 
1.332704E-01, 4.664392E-04 
9.845678E-01, 2.633695E-04 
7.024171E+00, 3.243152E-05 
6.081265E-01, 4.870940E-04 
3.072607E+00, 2.158125E-04 
1.138278E+00, 5.341427E-04 
5.106233E+00, 1.019969E-04 
8.863956E+00, 5.383063E-06 
1.712127E+00, 3.668592E-04 
5.626045E+00, 5.694168E-05 
4.556698E+00, 1.218415E-04 
3.587255E+00, 2.514877E-04 
2.158927E+00, 3.104060E-04 
5.762034E+00, 7.430946E-05 
7.387171E+00, 2.917644E-05 
6.956816E+00, 1.859153E-05 
4.543289E+00, 1.815954E-04 
1.054238E+01, 7.701090E-07 
3.346932E+00, 1.654223E-04 
9.331073E+00, 3.007306E-06 
6.858709E+00, 2.537972E-05 
1.660986E+00, 4.033782E-04 
3.534293E+00, 2.027963E-04 
7.936212E+00, 1.368893E-05 
1.049041E+01, 9.847201E-07 
1.544821E-01, 2.332196E-04 
5.442180E-01, 4.925947E-04 
1.138498E+00, 2.998297E-04 
3.108156E+00, 2.588949E-04 
2.121380E+00, 3.160859E-04 
4.373844E+00, 2.886117E-04 
8.025019E+00, 1.132448E-05 
6.461838E+00, 2.830178E-05 
2.561420E+00, 3.076861E-04 
6.603203E+00, 2.676849E-05 
7.875103E+00, 1.308545E-05 
4.407329E+00, 1.182598E-04 
1.730774E+00, 3.821420E-04 
5.919553E+00, 4.226450E-05 
1.241999E+00, 3.928206E-04 
3.575582E+00, 2.791255E-04 
3.349741E+00, 1.843626E-04 
8.945455E+00, 5.060051E-06 
2.027154E+00, 6.837880E-04 
2.568439E+00, 1.847515E-04 
4.367996E+00, 1.100074E-04 
2.430185E+00, 2.205985E-04 
8.590241E+00, 1.195653E-05 
7.884696E-01, 5.083861E-04 
6.838316E+00, 2.292497E-05 
7.894152E+00, 1.135532E-05 
6.645376E+00, 3.808810E-05 
4.049046E+00, 1.215656E-04 
8.276754E+00, 1.245316E-05 
5.467984E+00, 8.409897E-05 
5.557647E+00, 1.074481E-04 
-8.504898E-03, 5.523592E-04 
2.623068E+00, 2.025932E-04 
6.140072E+00, 4.771934E-05 
2.570585E+00, 3.151208E-04 
3.287402E+00, 1.357663E-04 
1.868293E+00, 2.903229E-04 
8.657872E+00, 3.183155E-06 
7.181052E+00, 2.038859E-05 
3.587218E+00, 1.513038E-04 
7.350569E+00, 1.562500E-05 
8.136650E+00, 1.822562E-05 
6.231193E+00, 6.010235E-05 
7.814694E+00, 1.678798E-05 
2.482394E+00, 2.450611E-04 
5.030617E-01, 3.893734E-04 
6.325136E+00, 5.514405E-05 
1.095268E+00, 2.992898E-04 
9.182762E+00, 2.649501E-06 
4.570852E+00, 1.677124E-04 
5.921642E+00, 5.844929E-05 
4.739966E+00, 8.772986E-05 
8.447361E+00, 7.596085E-06 
3.716189E+00, 2.904699E-04 
5.680002E+00, 6.084623E-05 
2.077781E+00, 3.866083E-04 
4.944302E+00, 9.516674E-05 
9.775183E+00, 1.322512E-06 
8.441744E+00, 6.864669E-06 
8.004670E+00, 1.788055E-05 
2.793091E+00, 3.008834E-04 
1.045391E+00, 5.763141E-04 
9.683016E+00, 1.340896E-06 
8.027008E+00, 1.809739E-05 
1.064402E+01, 1.388587E-06 
9.641088E+00, 1.825075E-06 
1.737023E+00, 2.430579E-04 
1.454751E+00, 3.044116E-04 
3.328164E+00, 2.152925E-04 
3.873131E-02, 3.285617E-04 
3.499665E+00, 1.273711E-04 
5.443973E+00, 8.081121E-05 
4.622427E+00, 1.183197E-04 
5.005107E+00, 1.063401E-04 
3.394281E+00, 1.833919E-04 
8.580037E+00, 3.804896E-06 
6.644474E+00, 2.142763E-05 
2.843138E-01, 6.339778E-04 
3.919108E+00, 1.939476E-04 
7.749171E+00, 1.395287E-05 
6.443475E+00, 2.814733E-05 
6.965918E+00, 1.750415E-05 
3.407168E+00, 2.168522E-04 
3.748775E+00, 2.616895E-04 
9.678625E+00, 1.328797E-06 
1.017233E+01, 7.960916E-07 
6.001517E+00, 5.082393E-05 
1.540555E+00, 4.252038E-04 
3.887617E+00, 3.192964E-04 
3.331975E+00, 1.747634E-04 
4.943881E-01, 2.992898E-04 
1.249026E+00, 2.865853E-04 
5.303248E+00, 1.340085E-04 
8.441153E+00, 4.674063E-06 
3.727796E+00, 1.295357E-04 
6.552343E+00, 6.190626E-05 
2.636194E+00, 3.399383E-04 
3.090886E+00, 1.565603E-04 
7.166959E+00, 2.369879E-05 
5.136295E+00, 1.034125E-04 
7.219069E+00, 2.889679E-05 
4.713750E+00, 1.567953E-04 
9.271055E+00, 2.971328E-06 
6.835827E+00, 2.741003E-05 
3.129023E+00, 1.757107E-04 
1.041249E+01, 6.109037E-07 
9.608513E+00, 1.716757E-06 
4.414711E+00, 1.429756E-04 
3.394868E+00, 1.545910E-04 
7.408107E+00, 1.449747E-05 
8.524407E+00, 9.395940E-06 
8.092017E+00, 8.197396E-06 
1.379623E+00, 5.289612E-04 
1.007216E+01, 7.462129E-07 
3.484517E+00, 1.924001E-04 
5.177986E+00, 1.325266E-04 
4.080030E+00, 2.453474E-04 
7.409841E+00, 2.676088E-05 
7.876873E+00, 8.511280E-06 
5.094236E+00, 9.082014E-05 
7.818749E-01, 5.191743E-04 
3.445983E+00, 2.402250E-04 
6.246422E-01, 4.262943E-04 
6.004738E+00, 6.132740E-05 
1.247202E-01, 3.433362E-04 
6.781266E+00, 4.405502E-05 
1.034345E+01, 9.125466E-07 
3.155882E+00, 1.520918E-04 
5.604450E+00, 6.383940E-05 
5.352050E+00, 1.211584E-04 
-1.302200E-01, 3.030939E-04 
7.525206E-01, 3.059457E-04 
9.786234E+00, 6.736343E-07 
1.121883E+01, 9.739033E-07 
7.905572E+00, 1.693950E-05 
7.948699E+00, 1.257813E-05 
1.052969E+01, 7.683777E-07 
3.328920E+00, 2.553398E-04 
5.617035E+00, 4.454646E-05 
9.196081E+00, 1.969026E-06 
7.113670E-01, 6.444335E-04 
9.379403E-01, 2.540295E-04 
1.014424E+01, 6.799761E-07 
1.267228E+00, 4.108203E-04 
1.000453E+00, 4.521180E-04 
2.667131E+00, 2.267490E-04 
6.505070E+00, 3.626385E-05 
7.314447E+00, 1.866438E-05 
6.775395E+00, 2.249691E-05 
3.981876E+00, 1.521877E-04 
9.059738E+00, 3.924810E-06 
3.944294E+00, 1.513866E-04 
8.208773E+00, 1.542986E-05 
6.104767E+00, 9.115906E-05 
1.025463E+01, 1.076807E-06 
7.655992E+00, 1.272672E-05 
9.581440E-01, 3.242621E-04 
6.381682E+00, 3.734009E-05 
4.247264E+00, 1.550819E-04 
2.732848E+00, 2.570967E-04 
1.388988E+00, 2.430742E-04 
4.928650E+00, 1.110326E-04 
1.886539E+00, 3.156517E-04 
6.082890E+00, 6.705811E-05 
9.311417E+00, 3.624476E-06 
1.113647E+01, 9.963322E-07 
2.823654E+00, 1.826173E-04 
1.010973E+01, 1.069802E-06 
3.568087E+00, 2.055155E-04 
8.629744E+00, 7.501812E-06 
4.320374E+00, 2.167572E-04 
8.740959E+00, 5.616376E-06 
1.015634E+01, 1.371267E-06 
2.244220E+00, 4.988994E-04 
1.599629E+00, 4.016032E-04 
6.834258E+00, 4.339427E-05 
5.969120E+00, 3.880705E-05 
5.245185E+00, 8.455846E-05 
9.630909E+00, 2.092645E-06 
5.839759E+00, 5.228151E-05 
9.410081E+00, 2.370170E-06 
2.975500E+00, 2.245962E-04 
9.322631E+00, 1.372725E-06 
4.404989E+00, 3.221385E-04 
8.735484E+00, 5.295434E-06 
8.193228E+00, 1.055947E-05 
1.002133E+01, 2.692009E-06 
1.027865E+01, 5.763233E-07 
9.727808E+00, 9.035490E-07 
5.312781E+00, 9.401000E-05 
6.895626E+00, 2.639758E-05 
5.240037E+00, 1.105355E-04 
5.256798E+00, 1.410382E-04 
3.160696E+00, 2.027442E-04 
8.026732E+00, 1.572826E-05 
3.942119E+00, 1.267783E-04 
4.673423E+00, 1.532426E-04 
3.875568E+00, 2.541471E-04 
2.833314E+00, 2.206227E-04 
8.015245E+00, 1.284420E-05 
7.184447E+00, 3.404314E-05 
8.198620E+00, 1.172079E-05 
9.597909E+00, 2.139417E-06 
7.398801E+00, 1.510891E-05 
9.642499E+00, 2.139982E-06 
9.936324E+00, 1.347269E-06 
7.151842E+00, 2.966655E-05 
8.989143E+00, 5.585902E-06 
9.234290E+00, 5.808611E-06 
7.540547E+00, 2.313720E-05 
6.215468E-01, 3.518136E-04 
8.800823E+00, 9.459740E-06 
9.860381E+00, 9.999692E-07 
1.137723E+01, 7.607392E-07 
3.366926E+00, 1.669756E-04 
1.053711E+01, 1.305160E-06 
2.671947E+00, 4.531885E-04 
1.790244E+00, 4.473776E-04 
9.739615E+00, 1.082463E-06 
4.228713E+00, 2.359422E-04 
8.596876E+00, 6.502325E-06 
9.029439E+00, 3.556414E-06 
4.361365E-01, 3.765184E-04 
3.832177E+00, 9.725874E-05 
2.986363E+00, 2.890149E-04 
1.026637E+01, 1.050534E-06 
5.557370E+00, 1.552246E-04 
3.020817E-01, 2.150124E-04 
7.226235E+00, 2.660140E-05 
1.113927E+01, 1.242161E-06 
9.137969E+00, 3.293010E-06 
2.458636E+00, 4.149679E-04 
8.452370E+00, 8.916708E-06 
2.699792E+00, 2.126897E-04 
8.607178E+00, 5.990276E-06 
6.947604E-01, 2.698913E-04 
6.171969E+00, 3.905537E-05 
8.820394E+00, 1.367354E-05 
8.892615E+00, 3.003856E-06 
1.106497E+01, 9.832365E-07 
1.160091E+01, 7.906513E-07 
1.105090E+00, 3.808521E-04 
5.566425E-01, 3.433362E-04 
1.147331E+00, 5.202847E-04 
8.739884E+00, 3.780837E-06 
9.432637E+00, 1.693276E-06 
3.739062E+00, 1.051586E-04 
8.963993E+00, 2.092645E-06 
6.731788E-02, 5.297534E-03 
1.564960E-01, 1.851861E-03 
2.513361E-01, 1.851861E-03 
9.611086E+00, 1.654283E-06 
-1.710143E-01, 2.686948E-04 
1.084777E-01, 2.332196E-04 
9.564775E+00, 1.985503E-06 
1.090431E-01, 2.066600E-04 
3.570582E+00, 1.442678E-04 
3.419999E-01, 4.095138E-04 
2.646248E-01, 3.433362E-04 
1.181788E-01, 1.807204E-04 
4.737649E-01, 4.664392E-04 
5.248285E-02, 2.332196E-04 
4.637033E-01, 4.664392E-04 
9.406356E-01, 4.664392E-04 
5.091055E-01, 4.664392E-04 
3.771043E-01, 3.433362E-04 
8.499195E-01, 3.430726E-04 
8.919553E-01, 6.122044E-04 
5.848719E-01, 2.796606E-04 
4.510352E-01, 3.779285E-04 
3.176736E-01, 3.308889E-04 
1.184181E+00, 2.562062E-04 
9.002918E-01, 2.715073E-04 
1.369256E+00, 2.458028E-04 
8.607098E-01, 2.390213E-04 
9.745442E+00, 1.273579E-06 
6.834110E-01, 2.283565E-04 
1.085931E+00, 2.088499E-04 
9.171773E+00, 2.902396E-06 
1.357618E+00, 2.072815E-04 
1.209246E+00, 1.992730E-04 
1.351664E+00, 1.947124E-04 
9.333923E-01, 3.672549E-04 
7.909532E-01, 3.823823E-04 
1.170969E+00, 1.657347E-04 
1.392361E+00, 3.171759E-04 
1.394273E+00, 4.274599E-04 
1.664797E+00, 3.030637E-04 
1.826635E+00, 2.944078E-04 
1.881605E+00, 3.390076E-04 
1.753713E+00, 5.660935E-04 
1.934158E+00, 2.618833E-04 
2.120497E+00, 2.486977E-04 
1.663244E-01, 2.332196E-04 
2.533838E+00, 2.597922E-04 
2.199133E+00, 2.521519E-04 
7.873486E+00, 9.645557E-06 
2.665467E+00, 1.877707E-04 
2.957686E+00, 2.264602E-04 
2.921884E+00, 1.826173E-04 
2.805560E+00, 1.556829E-04 
2.791421E+00, 2.107692E-04 
3.062160E+00, 1.964351E-04 
2.931418E+00, 1.937843E-04 
2.626660E+00, 1.708033E-04 
7.463037E+00, 1.959663E-05 
3.021426E+00, 1.939270E-04 
3.063225E+00, 1.859370E-04 
3.038647E+00, 1.684625E-04 
7.773360E+00, 1.192249E-05 
3.191486E+00, 1.263647E-04 
3.070585E+00, 2.035592E-04 
3.250037E+00, 1.331574E-04 
3.355222E+00, 2.002655E-04 
3.369532E+00, 1.574827E-04 
3.546257E+00, 1.434666E-04 
6.563113E+00, 4.260111E-05 
4.119254E+00, 1.504038E-04 
3.093201E-03, 1.958965E-03 
1.778513E-02, 1.958965E-03 
3.018518E-01, 1.958965E-03 
1.685302E-02, 2.438629E-03 
3.870963E-01, 1.958965E-03 
2.202834E-02, 1.958965E-03 
-8.464892E-02, 1.958965E-03 
3.696755E-01, 1.958965E-03 
1.062548E-02, 2.648767E-03 
-5.460894E-02, 1.324383E-03 
7.114495E-02, 9.259307E-04 
-4.055548E-02, 1.851861E-03 
2.379891E-01, 1.851861E-03 
3.957199E-01, 9.259307E-04 
2.606454E-01, 4.664392E-04 
2.693785E-01, 3.081927E-04 
3.138523E-01, 2.817616E-04 
1.148745E-01, 2.660368E-04 
1.840519E-01, 2.462973E-04 
-1.392498E-01, 2.332196E-04 
2.492256E-01, 2.332196E-04 
5.271965E-01, 3.144257E-04 
6.489911E-01, 2.710558E-04 
7.344117E-01, 2.662456E-04 
3.442073E-01, 2.633695E-04 
6.339113E-01, 2.555387E-04 
1.079523E+00, 3.059457E-04 
8.282991E-01, 2.732208E-04 
8.519539E-01, 2.731690E-04 
7.253711E-01, 3.360268E-04 
7.166831E-01, 3.360268E-04 
7.981096E-01, 3.360268E-04 
8.304560E-01, 3.360268E-04 
7.096947E-01, 1.309482E-04 
8.415045E-01, 2.400984E-04 
8.837865E-01, 2.999692E-04 
1.040913E+00, 2.344877E-04 
1.334986E+00, 3.315424E-04 
1.093105E+00, 2.919520E-04 
1.248646E+00, 2.882362E-04 
1.140150E+00, 3.242621E-04 
1.180778E+00, 3.115721E-04 
1.313280E+00, 2.859563E-04 
1.388643E+00, 3.044116E-04 
1.569543E+00, 2.947663E-04 
1.450560E+00, 2.825721E-04 
1.241117E+00, 1.410031E-04 
1.516866E+00, 1.302760E-04 
1.533831E+00, 1.277545E-04 
2.165077E+00, 1.555266E-04 
2.199819E+00, 1.393617E-04 
2.210829E+00, 1.110846E-04 
2.179020E+00, 1.082681E-04 
2.365274E+00, 2.109967E-04 
2.574876E+00, 2.202206E-04 
2.641755E+00, 2.145791E-04 
2.515619E+00, 1.623366E-04 
2.696344E+00, 1.597116E-04 
2.661707E+00, 7.647702E-05 
2.523573E+00, 1.425889E-04 
2.738294E+00, 2.564538E-04 
2.976455E+00, 1.912338E-04 
2.686302E+00, 1.688036E-04 
2.846618E+00, 7.647650E-05 
2.996593E+00, 1.941451E-04 
2.761508E+00, 9.377730E-05 
3.169527E+00, 1.843626E-04 
3.037660E+00, 1.787887E-04 
3.181292E+00, 1.471710E-04 
3.466556E+00, 1.399380E-04 
3.338671E+00, 1.276349E-04 
3.511877E+00, 1.463143E-04 
3.668813E+00, 1.334143E-04 
3.704759E+00, 1.510934E-04 
3.513674E+00, 1.506238E-04 
3.782890E+00, 1.554798E-04 
7.444813E-02, 1.324383E-03 
3.467676E-02, 9.259307E-04 
3.894754E+00, 1.533372E-04 
4.282601E+00, 1.593542E-04 
4.333608E+00, 1.360726E-04 
4.084216E+00, 6.364294E-05 
3.976338E+00, 6.145771E-05 
4.223883E+00, 1.200468E-04 
4.524249E+00, 1.118241E-04 
4.212338E+00, 1.104434E-04 
4.129383E+00, 5.306009E-05 
4.170038E+00, 5.204639E-05 
4.202675E+00, 1.548780E-04 
4.335616E+00, 1.308881E-04 
4.741717E+00, 1.150658E-04 
4.405890E+00, 1.093590E-04 
4.323810E+00, 1.066156E-04 
4.674874E+00, 1.218415E-04 
8.476185E-01, 1.309482E-04 
5.244854E+00, 3.263005E-05 
1.690202E+00, 7.050156E-05 
1.585158E+00, 6.513800E-05 
1.575356E+00, 6.387725E-05 
2.109534E+00, 7.776331E-05 
2.135981E+00, 6.968084E-05 
2.346112E+00, 5.554232E-05 
2.275244E+00, 1.082681E-04 
5.399639E+00, 9.415943E-05 
5.396560E+00, 8.803639E-05 
5.435211E+00, 8.081121E-05 
5.989048E+00, 8.491654E-05 
5.572927E+00, 9.831331E-05 
5.703322E+00, 8.730004E-05 
2.767188E+00, 7.647702E-05 
5.835391E+00, 6.900941E-05 
5.787268E+00, 4.381086E-05 
5.780056E+00, 3.483145E-05 
2.715640E+00, 7.647650E-05 
6.287873E+00, 3.747764E-05 
6.014409E+00, 2.326324E-05 
2.650734E+00, 4.688865E-05 
6.794139E+00, 2.038859E-05 
4.244139E+00, 6.364294E-05 
7.123922E+00, 2.432659E-05 
6.981131E+00, 2.369405E-05 
5.386755E+00, 4.169935E-05 
4.247706E+00, 6.145771E-05 
7.149235E+00, 1.103274E-05 
7.483320E+00, 2.187731E-05 
7.325383E+00, 1.866438E-05 
7.246316E+00, 1.477778E-05 
7.565659E+00, 1.428285E-05 
4.536469E+00, 5.306009E-05 
4.027321E+00, 5.204639E-05 
7.286466E+00, 1.530547E-05 
4.940749E+00, 3.263005E-05 
1.496428E+00, 7.050156E-05 
7.444694E+00, 1.688590E-05 
7.514968E+00, 1.272672E-05 
1.670279E+00, 6.513800E-05 
1.720777E+00, 6.387725E-05 
1.955950E+00, 7.776331E-05 
2.078388E+00, 6.968084E-05 
2.351641E+00, 5.554232E-05 
7.438994E+00, 1.132448E-05 
7.579359E+00, 9.721531E-06 
7.888432E+00, 8.544464E-06 
7.785526E+00, 8.511280E-06 
8.147939E+00, 9.420914E-06 
8.028823E+00, 8.350484E-06 
8.128075E+00, 7.287593E-06 
8.521564E+00, 7.149207E-06 
8.378352E+00, 9.551585E-06 
6.260019E+00, 2.326324E-05 
2.577810E+00, 2.344432E-05 
8.765030E+00, 7.987371E-06 
7.385921E+00, 1.103274E-05 
9.026015E+00, 4.291032E-06 
8.896376E+00, 4.234539E-06 
8.988647E+00, 3.780837E-06 
8.751031E+00, 3.532205E-06 
8.816672E+00, 3.957277E-06 
8.863760E+00, 4.519346E-06 
9.350751E+00, 3.966298E-06 
2.986103E+00, 1.172216E-05 
2.792318E+00, 1.172216E-05 
9.452438E+00, 2.360556E-06 
9.647018E+00, 1.812238E-06 
9.710308E+00, 1.512239E-06 
9.443731E+00, 1.340896E-06 
9.757150E+00, 1.217646E-06 
9.432220E+00, 1.716757E-06 
9.792395E+00, 1.262648E-06 
9.929912E+00, 1.608623E-06 
9.805726E+00, 1.262648E-06 
9.971733E+00, 1.037427E-06 
9.961443E+00, 9.936173E-07 
9.725864E+00, 8.043116E-07 
9.868311E+00, 6.185745E-07 
9.866194E+00, 9.035490E-07 
9.953450E+00, 8.046762E-07 
1.013040E+01, 7.366822E-07 
9.861646E+00, 6.543381E-07 
9.837490E+00, 6.367893E-07 
1.001770E+01, 6.279957E-07 
9.772638E+00, 6.185745E-07 
9.912185E+00, 6.185745E-07 
