7.038194E+00, 1.943259E-05 
8.166643E+00, 8.480272E-06 
8.829973E-01, 4.089447E-04 
3.803306E+00, 1.898229E-04 
9.384964E+00, 1.676200E-06 
2.595126E-01, 7.527486E-04 
4.201100E+00, 2.355523E-04 
6.883148E+00, 1.652150E-05 
1.100289E-01, 4.355752E-04 
1.257092E+00, 4.942759E-04 
6.585947E+00, 3.812135E-05 
6.786101E+00, 5.575433E-05 
8.090667E+00, 1.561525E-05 
4.818735E+00, 1.153143E-04 
4.320291E+00, 2.508042E-04 
6.208926E+00, 5.809359E-05 
2.100480E+00, 4.181880E-04 
1.506952E+00, 4.878588E-04 
9.400759E-01, 3.441747E-04 
1.382071E+00, 7.264946E-04 
7.748421E+00, 9.087186E-06 
7.618574E+00, 1.272598E-05 
2.274630E+00, 3.862346E-04 
3.756057E+00, 1.911345E-04 
1.272530E+00, 5.111792E-04 
1.016879E+01, 2.315148E-07 
2.837407E+00, 2.951689E-04 
5.048644E+00, 9.595640E-05 
5.613776E-01, 5.885900E-04 
6.077657E+00, 3.685937E-05 
9.481098E+00, 2.011735E-06 
8.369166E+00, 1.128674E-05 
8.742276E+00, 4.766084E-06 
7.858769E+00, 1.599795E-05 
1.916828E+00, 4.586318E-04 
8.542603E+00, 3.903375E-06 
1.512505E-01, 2.945515E-04 
9.573299E+00, 1.149846E-06 
6.016332E+00, 5.543010E-05 
3.610347E+00, 2.008664E-04 
5.799803E+00, 7.774888E-05 
1.595575E+00, 3.646114E-04 
3.500061E+00, 3.021907E-04 
1.283586E+00, 4.028936E-04 
3.645092E+00, 2.583795E-04 
3.223028E+00, 3.287875E-04 
3.598679E+00, 1.764056E-04 
4.875956E+00, 1.370163E-04 
5.190172E+00, 2.069320E-04 
9.528942E+00, 2.504868E-06 
9.711149E-01, 4.994654E-04 
7.783554E+00, 1.332870E-05 
8.907220E+00, 6.300964E-06 
9.324745E+00, 1.149846E-06 
8.391063E+00, 1.425603E-05 
5.224641E+00, 8.287708E-05 
2.383946E+00, 3.619842E-04 
2.255358E+00, 2.087289E-04 
5.725531E+00, 5.659960E-05 
9.085192E+00, 4.510635E-06 
9.544597E+00, 2.542198E-06 
2.874257E+00, 2.405704E-04 
8.309291E+00, 4.723484E-06 
3.527254E+00, 1.529646E-04 
5.414980E+00, 1.057380E-04 
6.234253E-01, 4.053233E-04 
7.365940E-01, 3.872496E-04 
7.279532E+00, 2.753037E-05 
4.611029E+00, 1.157047E-04 
2.491185E+00, 3.485401E-04 
6.412554E+00, 7.931032E-05 
8.490281E+00, 4.734177E-06 
3.190726E+00, 2.680192E-04 
8.919639E+00, 5.114075E-06 
6.148128E+00, 3.186997E-05 
9.252645E+00, 4.889393E-06 
7.923726E+00, 6.972553E-06 
8.802442E+00, 4.510635E-06 
9.328125E+00, 1.048319E-06 
8.187522E+00, 1.012396E-05 
6.357781E+00, 6.252139E-05 
1.303052E+00, 4.016673E-04 
1.218587E-01, 4.681147E-04 
4.793888E+00, 2.053395E-04 
8.082872E+00, 9.254974E-06 
6.588610E-01, 5.545357E-04 
1.051211E+00, 6.097165E-04 
8.205535E+00, 8.762416E-06 
4.426853E-01, 4.668802E-04 
2.930198E+00, 4.768623E-04 
3.291045E+00, 1.710926E-04 
1.065863E+00, 4.151811E-04 
3.512044E+00, 3.400874E-04 
5.386800E+00, 5.327256E-05 
6.992273E+00, 3.108334E-05 
7.587197E+00, 1.925981E-05 
9.221041E+00, 2.574866E-06 
4.029576E+00, 1.401053E-04 
8.917889E+00, 3.335426E-06 
5.753135E+00, 6.424753E-05 
8.930091E+00, 6.107620E-06 
1.574845E+00, 4.183355E-04 
5.589895E+00, 5.098025E-05 
7.012971E+00, 2.626484E-05 
4.380993E+00, 1.754301E-04 
8.287897E+00, 1.175425E-05 
1.691716E+00, 3.430381E-04 
7.346731E+00, 3.522173E-05 
8.491255E-01, 4.918374E-04 
6.841027E+00, 4.264818E-05 
2.028218E+00, 2.839515E-04 
7.053730E+00, 2.405590E-05 
4.738413E+00, 1.046191E-04 
2.504375E+00, 3.658467E-04 
7.539220E+00, 2.185969E-05 
2.400127E+00, 5.877168E-04 
5.877587E+00, 7.487983E-05 
7.113913E+00, 1.652138E-05 
4.570352E+00, 1.349460E-04 
7.068008E+00, 2.200830E-05 
3.864755E+00, 2.395999E-04 
8.946975E+00, 8.376201E-06 
3.410437E+00, 2.344028E-04 
6.749405E+00, 3.643738E-05 
8.749113E+00, 5.262610E-06 
2.566282E+00, 2.327318E-04 
8.835758E+00, 4.641304E-06 
5.446448E+00, 9.296348E-05 
9.312490E+00, 4.951023E-06 
3.679051E+00, 1.545338E-04 
1.162294E-01, 6.575379E-04 
1.902829E+00, 3.950420E-04 
3.501365E+00, 2.291261E-04 
7.044911E-01, 3.355688E-04 
2.660517E+00, 5.630578E-04 
6.365942E+00, 4.008530E-05 
6.754066E+00, 2.819770E-05 
8.871039E+00, 4.247718E-06 
3.166500E+00, 3.206161E-04 
3.198851E+00, 3.423149E-04 
4.032423E+00, 1.846906E-04 
2.793210E+00, 3.388376E-04 
5.763650E+00, 6.742342E-05 
4.612943E+00, 1.425465E-04 
2.266114E+00, 3.215935E-04 
4.832986E-01, 5.161847E-04 
6.043020E+00, 3.497147E-05 
1.402557E+00, 2.925754E-04 
2.724364E+00, 2.703134E-04 
7.017532E+00, 5.283684E-05 
2.839342E+00, 3.288314E-04 
5.104343E+00, 1.396545E-04 
9.093452E+00, 4.492808E-06 
8.905266E+00, 4.446149E-06 
4.770651E+00, 1.343814E-04 
4.107499E+00, 1.083783E-04 
7.503331E+00, 1.708899E-05 
4.544842E-01, 5.113436E-04 
8.080578E+00, 1.612531E-05 
1.614673E+00, 4.244945E-04 
8.168271E+00, 1.044219E-05 
6.929637E-01, 3.088793E-04 
1.604414E+00, 4.918278E-04 
1.905358E+00, 5.090717E-04 
3.570058E+00, 1.657188E-04 
7.688422E-01, 6.439166E-04 
4.339315E+00, 1.477471E-04 
4.723634E+00, 9.981749E-05 
5.464579E+00, 5.869309E-05 
7.882042E+00, 1.233842E-05 
2.293354E+00, 2.770997E-04 
8.906377E+00, 5.412670E-06 
8.212033E+00, 1.173281E-05 
3.157578E+00, 3.393194E-04 
2.169648E+00, 2.606671E-04 
9.717996E+00, 1.366747E-06 
7.278407E-01, 4.186026E-04 
3.925087E+00, 1.945960E-04 
2.175766E+00, 4.698533E-05 
7.388806E+00, 2.897046E-05 
3.100661E+00, 3.244049E-04 
9.967013E-01, 4.239762E-04 
7.092613E+00, 4.320446E-05 
7.410605E+00, 4.022311E-05 
3.504814E+00, 1.973012E-04 
4.217621E+00, 1.050481E-04 
3.636946E+00, 1.565272E-04 
1.213056E+00, 4.588063E-04 
5.814605E+00, 4.748596E-05 
9.526424E+00, 1.936985E-06 
2.328952E+00, 3.837860E-04 
1.728446E+00, 5.318252E-04 
3.420186E+00, 3.393732E-04 
4.271373E+00, 2.220428E-04 
7.886224E+00, 1.068832E-05 
6.513321E+00, 3.910934E-05 
7.309367E+00, 2.008257E-05 
5.171050E+00, 6.798333E-05 
5.484888E+00, 6.133217E-05 
6.741028E+00, 5.209246E-05 
3.962753E+00, 2.661269E-04 
4.423037E+00, 9.210690E-05 
9.631463E+00, 7.624297E-07 
5.089130E+00, 1.996524E-04 
3.171656E+00, 2.457398E-04 
3.866863E-01, 5.161847E-04 
2.886593E+00, 4.875339E-04 
8.770812E+00, 6.095962E-06 
2.713998E+00, 3.258243E-04 
6.401741E+00, 5.137450E-05 
1.112108E-01, 3.226154E-05 
5.812400E+00, 9.864697E-05 
7.030685E-01, 3.957401E-04 
7.265293E+00, 1.301276E-05 
1.337719E+00, 3.951925E-04 
1.076669E+00, 4.118897E-04 
5.884284E+00, 5.121618E-05 
7.426645E+00, 1.134847E-05 
8.224821E+00, 1.173196E-05 
5.980233E+00, 6.037312E-05 
4.249495E+00, 1.565864E-04 
2.355903E-01, 3.397748E-04 
8.509503E+00, 4.658376E-06 
7.946286E+00, 1.382599E-05 
9.048930E+00, 4.478223E-06 
8.116395E+00, 9.331427E-06 
5.263272E+00, 9.106864E-05 
8.209068E+00, 1.615976E-05 
3.475234E+00, 2.637043E-04 
2.870265E+00, 2.988519E-04 
8.078062E+00, 8.798757E-06 
6.324295E+00, 4.271708E-05 
1.993340E+00, 7.348430E-04 
5.228424E+00, 1.674382E-04 
2.701070E+00, 1.421658E-04 
3.165416E+00, 2.350672E-04 
3.511748E-01, 3.630901E-04 
2.596911E+00, 3.240643E-04 
7.129973E+00, 3.069175E-05 
9.140240E+00, 1.271099E-06 
5.114764E+00, 1.058371E-04 
5.217563E+00, 1.200722E-04 
9.191042E+00, 1.583826E-06 
2.243367E+00, 2.946055E-04 
9.681509E+00, 1.862073E-06 
6.916817E+00, 4.189871E-05 
2.533736E+00, 2.692161E-04 
5.261389E-01, 4.681147E-04 
5.993709E+00, 3.570781E-05 
6.320804E+00, 4.039090E-05 
2.053760E+00, 4.225414E-04 
4.910099E+00, 1.389943E-04 
7.714919E+00, 1.360257E-05 
5.578554E+00, 5.210448E-05 
4.038105E+00, 1.902811E-04 
1.067008E-01, 3.593923E-04 
4.485977E+00, 1.334712E-04 
9.376460E+00, 4.742482E-06 
2.049973E+00, 2.299145E-04 
9.179136E+00, 4.503862E-06 
2.742852E+00, 4.173697E-04 
3.741873E+00, 1.352913E-04 
3.654719E+00, 2.330201E-04 
9.157590E+00, 1.125022E-06 
6.212678E+00, 5.751912E-05 
8.479841E+00, 7.308311E-06 
6.424083E+00, 5.579061E-05 
8.038917E+00, 1.070052E-05 
5.497975E-01, 5.193040E-04 
6.214277E+00, 4.266292E-05 
6.935034E+00, 3.293607E-05 
3.857251E+00, 1.247871E-04 
5.914984E+00, 6.481485E-05 
8.847478E+00, 4.288310E-06 
3.366072E-01, 4.681147E-04 
5.549972E+00, 8.952997E-05 
9.254703E+00, 1.578916E-06 
4.657884E+00, 1.818351E-04 
3.341374E+00, 1.717961E-04 
4.261001E+00, 1.881347E-04 
4.765446E+00, 1.755997E-04 
2.697429E+00, 3.110604E-04 
9.652666E+00, 3.040487E-07 
7.703350E+00, 1.004441E-05 
2.197623E-01, 4.431257E-04 
4.562707E+00, 1.270613E-04 
8.468016E+00, 1.217942E-05 
7.238902E+00, 3.108334E-05 
4.161500E+00, 2.596846E-04 
4.568262E+00, 1.171565E-04 
6.958555E+00, 3.123535E-05 
3.646912E+00, 1.851703E-04 
8.213750E+00, 1.463986E-05 
6.713056E+00, 3.084976E-05 
3.983229E-01, 3.826356E-04 
5.959254E+00, 4.271708E-05 
8.097615E+00, 1.221662E-05 
2.759359E+00, 2.297677E-04 
2.309470E+00, 2.887200E-04 
4.626609E-01, 3.590235E-04 
3.818659E+00, 1.268158E-04 
2.866237E+00, 5.514610E-04 
4.390526E-01, 5.671987E-04 
7.947853E+00, 8.452864E-06 
3.466088E+00, 1.617545E-04 
8.233724E+00, 8.564322E-06 
9.387114E+00, 1.973260E-06 
6.114108E+00, 6.769490E-05 
3.315225E+00, 3.198781E-04 
4.832652E+00, 1.321546E-04 
1.436718E+00, 4.109216E-04 
6.673472E+00, 5.307642E-05 
4.769365E+00, 1.248477E-04 
9.917952E+00, 6.406543E-07 
2.199474E+00, 2.861526E-04 
9.220858E+00, 1.040283E-06 
4.740742E+00, 2.132065E-04 
2.525694E+00, 4.371625E-04 
9.098497E+00, 3.419191E-06 
6.644928E+00, 6.501315E-05 
6.154516E+00, 8.038368E-05 
7.856772E+00, 1.299725E-05 
4.614462E+00, 1.083500E-04 
6.598609E+00, 5.480671E-05 
1.008261E+00, 3.742104E-04 
5.433064E+00, 1.084930E-04 
4.109356E+00, 2.401215E-04 
1.222189E+00, 5.339118E-04 
2.270474E+00, 5.810776E-04 
1.630578E+00, 4.552546E-04 
5.964923E+00, 1.412453E-04 
3.814352E+00, 1.370513E-04 
5.267018E+00, 1.793929E-04 
9.080421E+00, 1.524859E-06 
7.624602E+00, 1.622465E-05 
8.668263E+00, 5.894235E-06 
2.402193E-01, 3.803640E-04 
4.261363E-01, 4.133934E-04 
8.041539E+00, 1.053136E-05 
4.175787E+00, 1.377270E-04 
7.320421E+00, 2.105312E-05 
7.107277E+00, 2.189073E-05 
3.261664E+00, 1.339573E-04 
2.363310E+00, 5.022800E-04 
8.624336E+00, 4.473343E-06 
6.972982E+00, 2.429117E-05 
3.867963E+00, 1.725666E-04 
9.624725E+00, 1.722897E-06 
1.226900E+00, 5.365633E-04 
5.776175E+00, 8.602173E-05 
3.927126E+00, 1.286054E-04 
1.193989E+00, 5.696237E-04 
5.419976E+00, 8.021403E-05 
4.673521E+00, 1.560050E-04 
3.477565E+00, 1.979425E-04 
9.134039E+00, 2.180732E-06 
4.333940E+00, 1.439147E-04 
2.131543E+00, 6.254640E-04 
7.460761E+00, 2.076297E-05 
7.021393E+00, 1.574394E-05 
6.101170E+00, 7.963451E-05 
3.459022E+00, 2.020352E-04 
5.736497E+00, 6.424753E-05 
3.997081E+00, 1.656684E-04 
8.747413E+00, 4.863551E-06 
6.347759E+00, 6.393188E-05 
7.036314E+00, 2.125522E-05 
6.500076E+00, 3.341616E-05 
1.046607E+00, 3.920642E-04 
4.174569E+00, 1.816647E-04 
4.589910E+00, 1.607797E-04 
9.771531E-01, 6.158439E-04 
5.471245E+00, 7.963451E-05 
6.246618E+00, 6.037263E-05 
2.315391E+00, 2.467301E-04 
3.421988E-01, 6.771239E-04 
4.722290E+00, 2.098559E-04 
6.475943E+00, 5.589861E-05 
5.528002E+00, 7.463458E-05 
1.656639E+00, 4.467497E-04 
5.661345E+00, 1.043612E-04 
5.575111E+00, 1.047468E-04 
3.575385E+00, 2.150985E-04 
5.732826E+00, 8.392121E-05 
9.731273E+00, 1.271099E-06 
2.733589E+00, 4.475625E-04 
6.180155E+00, 9.116535E-05 
9.210089E+00, 3.161971E-06 
6.033046E+00, 1.168162E-04 
6.827228E-01, 5.575122E-04 
5.126944E+00, 1.628252E-04 
8.588399E-02, 7.203692E-04 
1.185126E+00, 5.080446E-04 
1.734013E+00, 2.701268E-04 
1.198753E+00, 3.831121E-04 
2.707673E+00, 2.887818E-04 
5.245333E+00, 7.861560E-05 
5.900759E+00, 1.093044E-04 
5.447395E+00, 5.568048E-05 
7.609134E+00, 1.232781E-05 
4.290375E+00, 1.682589E-04 
2.496643E+00, 2.182672E-04 
2.782030E+00, 2.574050E-04 
6.235339E+00, 4.791866E-05 
5.784016E+00, 1.319016E-04 
7.442729E+00, 1.845989E-05 
1.113548E+00, 5.169631E-04 
7.910656E+00, 6.934925E-06 
8.335590E+00, 1.731052E-05 
8.552173E+00, 9.767262E-06 
5.403134E+00, 8.232335E-05 
6.479234E+00, 5.721555E-05 
4.879741E+00, 1.136034E-04 
7.711761E+00, 1.666628E-05 
6.273430E+00, 3.686979E-05 
4.128216E+00, 2.171265E-04 
9.059284E+00, 3.049719E-06 
8.879214E+00, 5.300271E-06 
2.648485E+00, 4.832203E-04 
2.603250E+00, 4.820294E-04 
5.945716E+00, 1.311196E-04 
7.467320E+00, 2.434005E-05 
5.726233E+00, 9.236580E-05 
9.432557E+00, 3.395846E-06 
3.796161E+00, 2.325471E-04 
4.649566E+00, 1.374473E-04 
3.747506E+00, 3.161923E-04 
6.259245E+00, 3.905260E-05 
2.073065E+00, 5.869013E-04 
1.643747E+00, 3.552930E-04 
2.938176E+00, 2.380288E-04 
7.272533E+00, 2.422991E-05 
2.538373E+00, 2.918608E-04 
2.907685E-01, 5.161847E-04 
2.691486E+00, 4.926295E-04 
-8.399031E-02, 4.355752E-04 
6.184600E+00, 6.878462E-05 
1.141218E+00, 3.509694E-04 
1.348033E+00, 3.454071E-04 
6.457958E+00, 3.685937E-05 
5.624557E+00, 8.219537E-05 
1.844724E+00, 3.604331E-04 
1.165426E+00, 4.512575E-04 
4.020449E+00, 1.025013E-04 
3.405451E-01, 4.613128E-04 
6.106586E+00, 6.301598E-05 
3.795510E+00, 2.251746E-04 
5.805607E+00, 7.243882E-05 
1.507719E+00, 2.929388E-04 
6.029373E+00, 6.381793E-05 
4.405525E+00, 1.273453E-04 
3.939545E+00, 1.311652E-04 
-8.870885E-01, 1.547396E-02 
7.052530E+00, 1.455786E-05 
9.951308E+00, 2.585291E-07 
3.763150E+00, 1.084604E-04 
2.607100E-01, 7.025553E-04 
6.081848E+00, 4.538730E-05 
6.504168E+00, 6.399946E-05 
1.539683E+00, 5.140145E-04 
7.033762E+00, 2.764083E-05 
5.532089E+00, 8.589740E-05 
9.421954E+00, 5.294464E-06 
1.146222E+00, 5.724726E-04 
6.744445E+00, 2.824530E-05 
4.556589E+00, 1.732664E-04 
8.428104E+00, 1.065134E-05 
8.502548E+00, 6.406039E-06 
4.010518E+00, 1.213282E-04 
7.183410E+00, 1.774704E-05 
4.311400E-01, 4.355752E-04 
3.410735E+00, 1.856885E-04 
4.298980E+00, 1.316083E-04 
7.727816E+00, 1.281799E-05 
7.912998E+00, 1.701795E-05 
7.549597E-01, 3.360518E-04 
1.928987E+00, 2.938231E-04 
1.854971E-01, 3.416502E-04 
2.518035E+00, 3.833937E-04 
6.831832E+00, 5.891894E-05 
6.647417E+00, 5.593125E-05 
2.564396E+00, 2.687748E-04 
4.675609E+00, 1.248477E-04 
5.135643E+00, 1.038652E-04 
2.985140E+00, 4.444186E-04 
2.637391E+00, 5.179447E-04 
1.836835E+00, 2.030746E-04 
1.519083E+00, 4.316637E-04 
3.512548E+00, 2.700707E-04 
3.851611E+00, 2.956612E-04 
2.980274E-01, 1.796962E-04 
7.989881E+00, 1.018374E-05 
8.151531E+00, 1.221055E-05 
-1.789608E+00, 1.508508E-02 
5.403412E+00, 1.046255E-04 
4.566894E+00, 8.830667E-05 
3.893488E+00, 1.087314E-04 
9.239405E-01, 4.267661E-04 
2.549437E+00, 2.772307E-04 
7.191790E+00, 3.905291E-05 
5.337985E+00, 7.636257E-05 
7.117422E+00, 2.698853E-05 
2.435042E+00, 3.663154E-04 
5.011351E-01, 4.309418E-04 
7.546272E+00, 1.722563E-05 
6.933425E+00, 3.109270E-05 
8.709353E+00, 5.091863E-06 
9.301609E+00, 2.330024E-06 
6.093490E+00, 4.749053E-05 
1.527773E+00, 3.692757E-04 
3.135821E+00, 4.162270E-04 
2.662077E+00, 3.305874E-04 
4.916299E-01, 6.132452E-04 
5.627975E+00, 7.636257E-05 
4.439060E+00, 1.425465E-04 
5.134094E-03, 2.475525E-04 
2.350077E+00, 2.523606E-04 
8.447473E+00, 8.234192E-06 
6.415731E+00, 8.219540E-05 
1.503301E+00, 3.552930E-04 
4.550374E+00, 1.550084E-04 
1.463665E+00, 4.605609E-04 
5.973642E+00, 7.295859E-05 
7.267022E+00, 1.746743E-05 
3.649379E+00, 1.774470E-04 
5.912760E+00, 6.180168E-05 
7.755109E+00, 1.343279E-05 
1.546738E+00, 4.607249E-04 
5.038863E+00, 1.642532E-04 
9.550967E+00, 1.898673E-06 
4.745164E+00, 1.342614E-04 
7.311898E+00, 2.803651E-05 
7.802820E+00, 1.397442E-05 
5.305620E+00, 1.234372E-04 
6.469051E+00, 5.075468E-05 
6.378988E+00, 2.050788E-05 
3.084950E+00, 2.749380E-04 
2.651374E+00, 3.259125E-04 
3.295436E+00, 2.186590E-04 
8.233923E+00, 1.103392E-05 
3.596252E+00, 1.343227E-04 
3.611170E+00, 2.248672E-04 
7.188524E+00, 2.970411E-05 
5.426798E+00, 7.061951E-05 
3.316894E+00, 2.495742E-04 
9.085563E+00, 5.906410E-06 
9.498249E+00, 1.395690E-06 
1.081745E+00, 3.308090E-04 
1.344042E+00, 5.244571E-04 
7.406684E+00, 2.132860E-05 
7.072293E+00, 3.128543E-05 
-7.597450E-02, 2.572501E-04 
4.831810E+00, 9.438470E-05 
3.114432E+00, 2.368520E-04 
1.009416E+00, 4.809642E-04 
2.785707E+00, 1.603438E-04 
7.601270E+00, 1.361950E-05 
8.288407E-01, 4.236835E-04 
8.815343E+00, 5.966193E-06 
6.299872E+00, 5.947519E-05 
2.681257E+00, 4.262488E-04 
9.928612E+00, 7.082988E-07 
2.076772E-01, 1.290462E-04 
5.174881E+00, 1.322267E-04 
1.552912E+00, 4.815463E-04 
5.671842E+00, 1.220781E-04 
8.888308E+00, 4.143442E-06 
8.589836E-01, 4.607697E-04 
6.942151E+00, 2.552427E-05 
2.015004E+00, 2.690348E-04 
6.783382E+00, 3.261705E-05 
8.345053E+00, 1.545989E-05 
5.084417E+00, 1.568554E-04 
9.926815E+00, 7.739676E-07 
2.796366E-01, 9.362294E-04 
3.224129E+00, 2.051338E-04 
1.005009E+01, 2.749369E-06 
5.015544E+00, 1.123045E-04 
8.559072E+00, 4.617899E-06 
4.538182E+00, 1.336401E-04 
8.490920E+00, 4.032002E-06 
3.874919E+00, 1.161906E-04 
7.081550E+00, 3.253549E-05 
7.216797E+00, 3.308212E-05 
5.362151E+00, 1.069352E-04 
8.552614E+00, 9.124833E-06 
7.945941E+00, 1.489813E-05 
4.398231E+00, 1.230336E-04 
4.227372E+00, 2.047764E-04 
5.966855E+00, 7.479271E-05 
1.508503E+00, 5.923836E-04 
5.005652E+00, 8.072694E-05 
1.188639E+00, 7.275937E-04 
1.818577E+00, 2.484420E-04 
5.969018E+00, 6.323750E-05 
4.875590E+00, 1.392038E-04 
3.405690E+00, 2.721887E-04 
8.232033E+00, 1.529188E-05 
4.075179E+00, 1.790252E-04 
4.755946E+00, 2.117527E-04 
4.631762E+00, 1.992766E-04 
-3.234314E+00, 1.238844E-02 
4.736934E+00, 1.902867E-04 
6.971359E+00, 3.601419E-05 
6.126055E+00, 8.991358E-05 
8.345896E+00, 9.522755E-06 
9.464720E+00, 2.775213E-06 
-7.009985E-02, 4.681147E-04 
5.126885E+00, 1.288883E-04 
6.967290E+00, 5.377603E-05 
5.661766E+00, 7.215888E-05 
4.625248E+00, 1.853577E-04 
5.169550E+00, 1.302602E-04 
7.438787E+00, 1.139489E-05 
5.478448E+00, 7.850813E-05 
2.591920E+00, 3.761280E-04 
5.842892E+00, 1.148633E-04 
4.070111E+00, 1.760610E-04 
4.680449E+00, 2.060647E-04 
4.862045E+00, 1.063608E-04 
3.367986E+00, 1.926306E-04 
7.143372E+00, 4.108429E-05 
2.168344E-01, 3.246468E-04 
9.289600E+00, 1.238151E-06 
1.413713E+00, 4.091783E-04 
3.061523E+00, 4.236102E-04 
6.300935E+00, 5.139878E-05 
1.802571E+00, 3.925368E-04 
4.171597E+00, 1.937080E-04 
3.976506E+00, 1.464877E-04 
3.137891E+00, 2.008664E-04 
3.778359E+00, 1.116471E-04 
4.695096E+00, 1.337695E-04 
3.181703E+00, 2.131153E-04 
7.078539E+00, 3.253357E-05 
5.382876E+00, 7.575595E-05 
3.552429E+00, 2.552191E-04 
1.557349E+00, 5.461999E-04 
1.237179E+00, 6.489053E-04 
8.778099E+00, 7.997391E-06 
7.179550E+00, 1.282799E-05 
8.910162E+00, 5.635823E-06 
1.008797E+01, 1.500420E-06 
4.648835E+00, 1.406522E-04 
5.481648E+00, 1.004838E-04 
8.518573E+00, 1.290469E-05 
6.130103E+00, 8.981681E-05 
8.432926E+00, 8.078030E-06 
9.044441E+00, 4.738523E-06 
7.963215E-01, 3.957401E-04 
9.549913E-01, 2.768347E-04 
8.229914E+00, 1.781738E-05 
8.443567E+00, 5.712212E-06 
8.865665E+00, 4.592471E-06 
1.839455E+00, 2.383111E-04 
6.616880E+00, 3.533838E-05 
5.570894E+00, 1.032288E-04 
2.771374E+00, 2.843316E-04 
3.047140E+00, 2.871104E-04 
7.766807E+00, 1.374531E-05 
8.405051E+00, 1.448742E-05 
8.824816E+00, 5.833004E-06 
2.222662E+00, 4.412710E-04 
7.170781E+00, 2.908132E-05 
1.748142E+00, 2.690312E-04 
6.684989E+00, 4.820145E-05 
4.515265E+00, 1.146361E-04 
9.688632E+00, 6.080973E-07 
1.503763E+00, 5.676131E-04 
4.435350E-01, 4.824938E-04 
4.240208E-01, 4.535891E-04 
2.356669E+00, 7.164875E-04 
5.865659E+00, 9.027734E-05 
1.341998E+00, 5.859185E-04 
7.265377E+00, 2.215125E-05 
5.009214E+00, 1.668911E-04 
8.335646E+00, 1.012396E-05 
3.588223E+00, 1.973012E-04 
5.541932E+00, 1.010787E-04 
3.299266E+00, 1.668378E-04 
9.497430E+00, 1.849885E-06 
6.664602E-01, 5.028935E-04 
8.753033E+00, 7.236436E-06 
7.473392E+00, 9.014185E-06 
8.858971E+00, 2.174495E-06 
1.979781E+00, 6.248880E-04 
9.398724E-01, 5.075868E-04 
3.547755E-02, 2.580923E-04 
1.602593E+00, 6.332196E-04 
9.740117E+00, 7.669482E-07 
2.228189E+00, 3.029889E-04 
6.309465E+00, 3.230266E-05 
5.069144E+00, 1.981204E-04 
9.393943E+00, 3.637979E-06 
7.172485E+00, 2.283241E-05 
1.000006E+01, 2.286246E-07 
2.990537E+00, 2.721680E-04 
2.443990E+00, 4.330306E-04 
3.516040E+00, 2.278797E-04 
4.893516E+00, 1.185541E-04 
-5.015284E-02, 3.248698E-04 
1.589694E+00, 2.900616E-04 
5.159962E+00, 1.081012E-04 
6.633779E-02, 3.957401E-04 
4.881739E-01, 2.295225E-04 
5.937839E+00, 1.382862E-04 
6.273919E-01, 3.270374E-04 
7.634332E+00, 6.232986E-06 
8.040040E+00, 7.841534E-06 
5.223076E+00, 1.561023E-04 
7.635071E+00, 1.438331E-05 
6.205642E-01, 5.450168E-04 
3.837361E+00, 1.086135E-04 
8.064585E+00, 1.368030E-05 
7.802473E+00, 1.281799E-05 
6.636185E+00, 4.244802E-05 
1.001307E+01, 1.005266E-06 
9.301595E+00, 4.044939E-06 
4.631851E+00, 1.013168E-04 
7.457767E+00, 1.679964E-05 
5.020374E-01, 3.226154E-05 
1.618398E+00, 3.744611E-04 
4.765125E+00, 1.520503E-04 
3.282102E+00, 3.163719E-04 
3.886085E-01, 4.104394E-04 
4.072197E+00, 1.693929E-04 
7.980686E+00, 1.141260E-05 
7.524933E-01, 4.357457E-04 
3.828570E+00, 1.489000E-04 
1.382485E+00, 3.725943E-04 
7.385932E+00, 9.690843E-06 
9.737863E+00, 4.225095E-07 
3.481283E+00, 3.587995E-04 
7.966592E+00, 1.620001E-05 
5.485292E-01, 5.679882E-04 
7.997062E+00, 1.040422E-05 
6.674635E+00, 5.366584E-05 
5.421388E+00, 1.068869E-04 
7.167732E+00, 4.225053E-05 
8.317533E-01, 4.127040E-04 
4.488142E+00, 1.244090E-04 
3.992368E+00, 1.716322E-04 
2.437172E+00, 6.170017E-04 
8.081132E+00, 8.946869E-06 
4.967878E+00, 1.928162E-04 
4.401569E+00, 1.812184E-04 
3.945077E+00, 2.187014E-04 
7.445265E+00, 1.659609E-05 
1.823853E+00, 2.932045E-04 
8.664597E+00, 9.148469E-06 
7.679045E+00, 1.522515E-05 
6.332509E-01, 4.194018E-04 
8.415261E+00, 9.266438E-06 
5.306513E-01, 7.124810E-04 
6.859193E-01, 3.799208E-04 
6.701138E+00, 3.794004E-05 
1.396708E+00, 4.807257E-04 
1.685296E+00, 3.438871E-04 
6.132212E+00, 6.748643E-05 
4.956907E+00, 1.949962E-04 
1.441445E+00, 5.212220E-04 
8.536759E+00, 1.106906E-05 
6.469588E+00, 4.495679E-05 
5.568450E+00, 6.133217E-05 
4.223166E-01, 4.236835E-04 
2.333055E+00, 3.146903E-04 
1.133501E-01, 2.765553E-04 
9.561025E+00, 5.154104E-07 
7.940028E+00, 1.115246E-05 
4.697561E+00, 1.747060E-04 
5.254476E+00, 6.390576E-05 
8.296642E+00, 1.384400E-05 
1.230535E+00, 5.098537E-04 
8.806991E+00, 3.626694E-06 
4.818400E+00, 8.277287E-05 
9.530482E+00, 2.504868E-06 
5.766911E-01, 4.706421E-04 
8.616678E-01, 4.267661E-04 
8.184342E+00, 7.944564E-06 
9.295427E+00, 1.772119E-06 
9.417748E+00, 3.471901E-06 
5.966276E+00, 6.600642E-05 
8.018298E+00, 1.443938E-05 
1.795877E+00, 2.774148E-04 
7.374342E+00, 3.739739E-05 
6.927713E+00, 3.036367E-05 
1.753970E+00, 7.360296E-04 
3.663101E+00, 1.582039E-04 
5.226913E+00, 9.874000E-05 
9.717030E-01, 3.299518E-04 
3.448037E+00, 2.497411E-04 
6.972117E+00, 3.131668E-05 
6.423606E+00, 3.198204E-05 
5.105674E+00, 1.287493E-04 
1.948126E+00, 2.973289E-04 
3.870659E+00, 1.377854E-04 
5.675058E+00, 6.381793E-05 
7.009490E+00, 3.318731E-05 
8.940089E+00, 5.055671E-06 
6.960282E-01, 4.763708E-04 
9.375011E+00, 1.064616E-06 
6.194546E+00, 6.457150E-05 
7.759059E+00, 2.148038E-05 
8.449730E+00, 3.439912E-06 
6.170004E+00, 3.982021E-05 
9.643976E+00, 1.034116E-06 
2.849345E+00, 1.720853E-04 
3.803204E+00, 1.681236E-04 
9.559288E+00, 2.096638E-06 
1.801266E+00, 6.207182E-04 
5.486268E+00, 7.913140E-05 
5.748872E-01, 5.733037E-04 
8.511535E+00, 5.275072E-06 
5.150362E-01, 3.147726E-04 
3.059613E+00, 3.968131E-04 
5.161322E+00, 1.203414E-04 
1.778952E+00, 8.972461E-04 
1.286289E+00, 4.032671E-04 
4.757708E+00, 1.575228E-04 
8.320689E+00, 8.582410E-06 
6.518221E-01, 4.233078E-04 
1.090458E+00, 3.428153E-04 
2.917052E+00, 4.613760E-04 
6.409427E+00, 6.046505E-05 
4.433883E+00, 1.861753E-04 
9.435337E+00, 1.578916E-06 
4.233634E-01, 7.761465E-04 
1.477180E+00, 5.325119E-04 
4.697965E+00, 1.849490E-04 
3.975835E+00, 1.377270E-04 
3.022044E+00, 2.899020E-04 
3.977518E+00, 1.809574E-04 
3.485939E+00, 1.699945E-04 
8.080619E+00, 1.654052E-05 
8.521051E+00, 7.395929E-06 
4.524103E+00, 1.712787E-04 
3.021558E+00, 2.963134E-04 
1.089637E+00, 4.380462E-04 
1.434931E+00, 4.061491E-04 
6.170042E+00, 5.636169E-05 
8.458905E+00, 4.738523E-06 
5.032767E+00, 7.370404E-05 
8.719100E+00, 4.921927E-06 
2.802089E+00, 3.358840E-04 
5.788850E-01, 3.796559E-04 
8.874581E+00, 6.098306E-06 
3.846065E+00, 2.208190E-04 
1.135359E+00, 3.679253E-04 
5.773044E+00, 8.232335E-05 
9.466874E+00, 4.244872E-07 
9.741889E+00, 2.585291E-07 
1.208069E+00, 4.319159E-04 
2.526180E+00, 2.967897E-04 
4.997335E+00, 1.297340E-04 
2.177672E+00, 2.152743E-04 
3.487042E+00, 1.194936E-04 
5.914460E+00, 9.447694E-05 
1.212701E+00, 5.060970E-04 
8.858689E+00, 5.712212E-06 
9.341605E+00, 1.641530E-06 
3.283756E+00, 3.776731E-04 
5.895256E+00, 1.189793E-04 
1.016986E+00, 5.656661E-04 
7.988794E+00, 1.032115E-05 
6.083596E+00, 5.159821E-05 
2.867397E+00, 3.316572E-04 
5.651887E+00, 8.706721E-05 
6.864417E+00, 5.037044E-05 
2.227940E+00, 4.029446E-04 
9.976420E+00, 7.624297E-07 
3.192318E+00, 4.241280E-04 
5.176795E+00, 9.191471E-05 
6.726521E+00, 4.947788E-05 
1.117266E+00, 4.335115E-04 
3.064909E+00, 2.911301E-04 
1.575547E+00, 1.375746E-04 
2.805750E+00, 2.594396E-04 
5.963058E+00, 8.862796E-05 
8.358678E+00, 8.312960E-06 
7.286829E+00, 9.386800E-06 
4.440173E-02, 3.032893E-04 
9.989967E-01, 3.179579E-04 
2.705683E+00, 1.546989E-04 
1.660275E+00, 4.382921E-04 
4.836044E+00, 2.059887E-04 
1.403188E+00, 6.093868E-04 
9.462873E+00, 1.149846E-06 
8.944834E+00, 6.550486E-06 
7.521375E+00, 3.250908E-05 
2.059136E+00, 3.513583E-04 
7.229559E+00, 2.399125E-05 
6.575682E+00, 5.666044E-05 
8.780889E+00, 5.942700E-06 
8.079995E-01, 5.566024E-04 
9.972521E+00, 2.585291E-07 
5.626151E+00, 5.480983E-05 
7.601555E+00, 1.307395E-05 
5.522615E+00, 7.205294E-05 
3.520157E+00, 3.125232E-04 
2.618096E+00, 4.517050E-04 
4.899205E+00, 1.306142E-04 
4.508836E+00, 1.735222E-04 
9.421958E+00, 4.841612E-07 
8.503090E+00, 9.378132E-06 
8.988830E+00, 4.063262E-06 
8.117869E+00, 1.540607E-05 
2.405719E+00, 3.668417E-04 
3.309814E+00, 1.606599E-04 
5.236536E+00, 1.573192E-04 
1.538836E+00, 4.217835E-04 
9.605612E+00, 1.218193E-06 
9.505045E+00, 1.632477E-06 
7.107969E+00, 3.140627E-05 
2.241741E+00, 3.567573E-04 
6.877873E+00, 2.772149E-05 
7.771625E+00, 1.538779E-05 
1.645218E-01, 5.161847E-04 
7.433421E+00, 1.802837E-05 
2.022358E+00, 2.919498E-04 
4.977815E+00, 1.979685E-04 
8.180348E+00, 1.692158E-05 
3.401258E+00, 2.529512E-04 
2.263766E+00, 5.726579E-04 
5.715171E+00, 4.984545E-05 
4.738014E+00, 1.316083E-04 
6.777875E+00, 2.999035E-05 
8.849543E-02, 5.551990E-04 
5.041119E+00, 1.705949E-04 
9.225509E+00, 4.869476E-06 
6.651971E+00, 1.793653E-05 
8.115904E+00, 9.105868E-06 
9.221966E+00, 1.418519E-06 
4.527617E+00, 2.133214E-04 
4.553341E+00, 1.119004E-04 
3.418798E+00, 3.538230E-04 
3.795541E+00, 2.164973E-04 
5.397556E+00, 9.941063E-05 
4.004462E+00, 1.568020E-04 
8.953379E+00, 9.875650E-06 
-9.948453E-01, 1.112450E-02 
5.610266E+00, 1.242615E-04 
9.049472E+00, 5.641873E-06 
3.452710E+00, 1.464508E-04 
7.014967E+00, 1.423751E-05 
5.008763E+00, 2.077535E-04 
9.442410E+00, 1.110463E-06 
1.813732E+00, 2.754252E-04 
3.863714E+00, 2.619964E-04 
3.941077E+00, 1.773100E-04 
2.227559E+00, 4.451896E-04 
6.361012E+00, 3.065370E-05 
9.893305E+00, 1.587267E-06 
1.344744E+00, 7.617151E-04 
4.116909E+00, 2.112063E-04 
9.430593E+00, 1.271099E-06 
6.452204E+00, 6.653962E-05 
7.383010E+00, 1.434425E-05 
5.007526E+00, 1.636629E-04 
9.832331E+00, 1.953489E-06 
2.889011E-01, 4.012537E-04 
3.310157E+00, 1.975551E-04 
6.200954E+00, 6.643981E-05 
1.439829E+00, 5.828969E-04 
3.893305E+00, 1.585213E-04 
6.744677E-01, 4.190019E-04 
4.092682E+00, 1.097522E-04 
4.534944E+00, 1.113501E-04 
8.969476E+00, 3.352700E-06 
6.532952E+00, 4.245580E-05 
4.969585E+00, 1.772850E-04 
4.333743E+00, 3.123191E-04 
8.798891E+00, 4.830425E-06 
5.264619E+00, 9.512672E-05 
5.371252E+00, 7.479494E-05 
9.313127E-01, 3.052245E-04 
7.693654E+00, 1.086588E-05 
6.921035E+00, 4.164351E-05 
1.836803E+00, 2.091677E-04 
1.961912E+00, 2.182672E-04 
1.003047E+01, 2.315148E-07 
4.410538E+00, 1.275837E-04 
3.303425E+00, 2.305835E-04 
8.623315E+00, 1.056976E-05 
8.053294E+00, 8.860652E-06 
1.056994E+00, 4.342529E-04 
1.615577E+00, 4.050364E-04 
3.753656E+00, 2.335798E-04 
1.397684E+00, 7.749518E-04 
2.922325E+00, 3.117552E-04 
7.446521E+00, 2.330164E-05 
9.311249E+00, 1.760570E-06 
4.653860E+00, 1.236579E-04 
4.651677E+00, 1.567033E-04 
8.639189E+00, 4.049080E-06 
7.302707E+00, 1.518265E-05 
1.406085E+00, 4.629003E-04 
9.887318E+00, 1.149846E-06 
6.515811E+00, 4.039090E-05 
6.186160E-01, 3.593923E-04 
5.334809E+00, 8.666374E-05 
4.559439E+00, 2.134235E-04 
3.158720E+00, 2.400370E-04 
4.561657E+00, 1.697292E-04 
1.260190E+00, 4.474271E-04 
3.769333E+00, 1.175653E-04 
7.274151E+00, 2.771347E-05 
1.091483E+00, 3.920445E-04 
1.379008E+00, 6.248851E-04 
8.171943E-02, 3.888021E-04 
1.511543E+00, 3.752745E-04 
3.589728E+00, 2.121548E-04 
-2.394885E+00, 1.194396E-02 
8.687750E+00, 9.378132E-06 
4.842788E+00, 1.560685E-04 
6.464802E+00, 8.418054E-05 
5.024015E+00, 1.342614E-04 
2.585276E+00, 3.298481E-04 
3.519354E+00, 3.570005E-04 
2.492745E+00, 5.112221E-04 
2.142905E+00, 3.701324E-04 
4.459762E+00, 1.232222E-04 
2.708037E+00, 3.877338E-04 
1.062787E+00, 3.942676E-04 
-3.168823E+00, 1.732338E-02 
4.375534E-01, 7.187846E-04 
2.905984E+00, 4.779422E-04 
6.672127E+00, 5.215963E-05 
1.811703E+00, 1.802221E-04 
5.076909E+00, 7.783864E-05 
5.091535E+00, 1.720474E-04 
5.899443E+00, 7.850813E-05 
6.398312E+00, 4.328740E-05 
6.641888E-01, 2.995468E-04 
7.651809E+00, 3.526450E-05 
6.779321E+00, 3.388214E-05 
5.110190E+00, 1.463840E-04 
2.311841E+00, 4.144901E-04 
2.079558E+00, 2.715447E-04 
1.474824E+00, 3.921682E-04 
9.481405E+00, 1.795165E-06 
8.768739E+00, 7.278984E-06 
3.348663E-01, 3.593923E-04 
2.163830E+00, 4.567119E-04 
9.741876E+00, 6.486659E-07 
1.646833E+00, 4.309517E-04 
4.135053E+00, 1.025013E-04 
2.327047E+00, 3.260454E-04 
2.469300E+00, 3.132612E-04 
9.415034E+00, 6.057651E-06 
2.045654E-01, 4.681147E-04 
5.018016E+00, 1.695640E-04 
2.538748E+00, 3.255735E-04 
2.488410E+00, 3.705305E-04 
3.771506E+00, 2.448499E-04 
9.362648E-01, 5.414821E-04 
6.759368E-01, 4.089447E-04 
2.161894E+00, 2.360120E-04 
9.138492E+00, 4.888645E-06 
7.535627E+00, 2.172400E-05 
5.902120E+00, 3.341616E-05 
5.470565E+00, 6.763411E-05 
1.564870E+00, 6.681396E-04 
8.309860E+00, 1.752488E-05 
7.336888E+00, 2.824530E-05 
7.368022E+00, 9.232297E-06 
7.293596E+00, 1.780113E-05 
9.069220E+00, 7.077123E-06 
7.709395E+00, 1.667831E-05 
1.063717E+00, 4.190696E-04 
-5.377929E+00, 1.589786E-02 
9.571470E+00, 1.534522E-06 
1.637134E+00, 3.551530E-04 
8.747103E+00, 6.706158E-06 
6.918040E+00, 3.163867E-05 
7.406038E-01, 3.526760E-04 
8.519148E+00, 1.241820E-05 
5.858763E+00, 7.210894E-05 
7.350262E+00, 2.698741E-05 
8.289253E+00, 1.142985E-05 
2.195288E+00, 4.292304E-04 
-1.680973E+00, 1.313834E-02 
9.319176E+00, 2.142827E-06 
6.580139E+00, 6.626234E-05 
6.384178E+00, 5.399480E-05 
7.053742E+00, 2.093572E-05 
2.646736E+00, 3.576926E-04 
7.640975E+00, 2.434282E-05 
3.855348E+00, 1.926306E-04 
1.724234E+00, 2.633180E-04 
3.805585E+00, 1.916391E-04 
1.611280E+00, 4.302783E-04 
2.572914E+00, 4.548024E-04 
7.581438E+00, 1.415729E-05 
-2.144660E+00, 1.761053E-02 
1.819907E+00, 3.883681E-04 
3.274019E+00, 2.577267E-04 
9.994322E+00, 1.087247E-06 
7.416884E+00, 1.898190E-05 
4.860299E+00, 1.685661E-04 
4.688542E+00, 1.657928E-04 
7.360335E+00, 1.860784E-05 
4.613598E-01, 5.376448E-04 
2.910645E+00, 2.769674E-04 
2.617758E+00, 4.402586E-04 
8.867111E-01, 5.564947E-04 
4.416910E+00, 1.197308E-04 
2.142380E+00, 2.891210E-04 
6.693794E+00, 4.692979E-05 
8.895736E+00, 5.681943E-06 
8.041464E-01, 3.255469E-04 
9.862951E+00, 1.520243E-07 
8.227889E+00, 6.340820E-06 
2.171439E+00, 4.889910E-04 
5.311090E+00, 7.824759E-05 
6.860748E+00, 4.874337E-05 
9.362100E+00, 1.609983E-06 
5.195227E+00, 6.196851E-05 
9.174565E+00, 1.271099E-06 
4.896373E+00, 1.209455E-04 
8.428802E+00, 7.546001E-06 
4.865627E+00, 1.123997E-04 
7.305031E+00, 2.816464E-05 
2.284089E+00, 3.564784E-04 
5.177850E-02, 2.504264E-04 
9.632485E+00, 4.500090E-06 
4.445902E+00, 1.289134E-04 
7.512723E+00, 1.981691E-05 
3.314019E+00, 3.825750E-04 
9.684206E+00, 3.400057E-06 
8.139733E+00, 7.349549E-06 
7.153178E+00, 4.214817E-05 
1.619930E+00, 3.813267E-04 
8.627842E+00, 6.700415E-06 
6.752419E+00, 5.269449E-05 
8.575747E+00, 1.100892E-05 
1.676500E+00, 4.595522E-04 
3.183520E-01, 2.716483E-04 
6.896497E+00, 3.288528E-05 
4.661564E+00, 1.165063E-04 
1.516313E+00, 5.710300E-04 
2.936091E+00, 3.123893E-04 
1.744231E+00, 1.905371E-04 
9.458076E+00, 1.668283E-06 
4.007728E+00, 2.186318E-04 
1.863303E+00, 4.819220E-04 
4.006623E+00, 1.991786E-04 
5.650972E+00, 7.376948E-05 
2.182810E+00, 4.982354E-04 
1.610844E+00, 5.719239E-04 
6.985757E+00, 2.008257E-05 
8.020321E+00, 9.690843E-06 
1.119214E+00, 4.016673E-04 
5.106411E+00, 1.185541E-04 
5.377943E+00, 9.595640E-05 
9.164931E+00, 2.706335E-06 
5.524617E+00, 7.986654E-05 
1.480175E+00, 3.223646E-04 
4.862380E+00, 1.265485E-04 
7.972283E+00, 1.549646E-05 
2.036167E+00, 3.837860E-04 
7.470750E+00, 1.725807E-05 
1.241063E+00, 5.625187E-04 
6.432905E+00, 4.802465E-05 
1.852876E+00, 3.459208E-04 
1.465243E+00, 3.036136E-04 
6.336080E+00, 5.536233E-05 
2.960865E+00, 1.457095E-04 
-1.874864E+00, 1.455978E-02 
2.352745E-01, 5.458729E-04 
4.206494E+00, 1.767617E-04 
5.345520E+00, 1.773187E-04 
3.110131E+00, 2.209517E-04 
5.607551E+00, 8.883935E-05 
3.680820E+00, 1.913670E-04 
1.271742E+00, 5.201785E-04 
6.246996E+00, 5.217714E-05 
5.384971E+00, 1.063608E-04 
7.798828E+00, 1.044219E-05 
6.479647E+00, 5.364181E-05 
2.588435E+00, 3.418271E-04 
4.445558E-01, 3.130779E-04 
6.107627E+00, 8.033038E-05 
6.602425E+00, 2.806106E-05 
5.189202E+00, 8.666374E-05 
5.866736E+00, 5.777002E-05 
1.716163E+00, 4.128880E-04 
9.652614E+00, 1.125022E-06 
8.877195E+00, 6.975689E-06 
5.378419E+00, 1.178456E-04 
8.190211E+00, 6.023188E-06 
4.326073E+00, 1.774992E-04 
1.503360E+00, 3.651540E-04 
2.305065E+00, 3.255735E-04 
4.128589E+00, 1.957662E-04 
4.731340E+00, 1.844311E-04 
4.951039E+00, 1.676146E-04 
2.238299E+00, 2.793531E-04 
9.779346E+00, 2.506433E-06 
6.717817E-01, 6.487501E-04 
4.932975E+00, 1.045047E-04 
2.856780E+00, 2.218432E-04 
2.190656E-01, 9.362294E-04 
1.526010E+00, 6.439218E-04 
3.205607E+00, 3.222159E-04 
9.033241E+00, 4.328548E-06 
5.026204E+00, 9.808055E-05 
6.708153E+00, 4.790027E-05 
8.176210E+00, 7.918658E-06 
6.380262E+00, 8.326583E-05 
8.695306E+00, 4.272707E-06 
9.760286E+00, 1.271099E-06 
7.829211E+00, 3.316585E-05 
9.544714E+00, 1.578145E-06 
8.626667E+00, 5.786606E-06 
3.705165E+00, 2.230216E-04 
4.902575E+00, 1.578860E-04 
-3.866370E-02, 2.754760E-04 
3.659359E+00, 1.527813E-04 
5.655635E+00, 1.011163E-04 
2.346031E-01, 3.957401E-04 
7.119981E+00, 2.001481E-05 
1.107467E+00, 5.536030E-04 
7.376014E+00, 1.632825E-05 
8.322990E+00, 5.310853E-06 
3.098686E+00, 3.363800E-04 
9.810445E+00, 9.260592E-07 
2.400496E+00, 2.336351E-04 
3.268308E+00, 1.920993E-04 
3.010819E+00, 3.433031E-04 
1.533893E+00, 3.493573E-04 
4.833298E+00, 1.483431E-04 
2.264679E+00, 4.320585E-04 
2.896189E+00, 4.165420E-04 
5.021384E+00, 1.361148E-04 
1.859764E+00, 1.886586E-04 
4.695806E+00, 1.369081E-04 
2.789598E+00, 4.163200E-04 
8.510028E-01, 3.027911E-04 
6.362128E+00, 9.916947E-05 
4.321593E+00, 1.779005E-04 
9.830536E+00, 6.321310E-07 
4.927508E+00, 8.085350E-05 
9.592023E+00, 2.598045E-06 
7.041724E+00, 2.327901E-05 
5.025604E+00, 1.173862E-04 
4.066472E+00, 2.032479E-04 
3.020254E-01, 4.205907E-04 
9.656814E+00, 8.001007E-07 
7.967564E+00, 9.093013E-06 
2.875436E+00, 5.375967E-04 
5.475547E+00, 8.819552E-05 
6.569954E+00, 4.022824E-05 
8.852866E+00, 5.310853E-06 
4.215890E+00, 3.030743E-04 
3.009663E+00, 3.991396E-04 
8.331095E+00, 1.100892E-05 
4.347204E+00, 2.703798E-04 
1.727369E+00, 7.275934E-04 
7.762904E+00, 1.590480E-05 
5.816413E+00, 9.242654E-05 
8.523578E+00, 3.848167E-06 
4.197130E-01, 5.544470E-04 
9.513867E+00, 1.281309E-06 
6.438220E+00, 5.487047E-05 
7.205333E+00, 1.332870E-05 
2.665930E+00, 5.526993E-04 
2.812729E+00, 2.594396E-04 
3.787579E+00, 1.750915E-04 
7.170995E+00, 2.879152E-05 
2.591868E+00, 1.878148E-04 
5.915415E+00, 5.501644E-05 
6.031267E+00, 9.413329E-05 
1.257537E+00, 4.481798E-04 
1.915900E+00, 4.068566E-04 
9.860800E+00, 8.774942E-07 
2.543310E+00, 5.453880E-04 
7.094042E+00, 1.978361E-05 
3.025260E+00, 4.759685E-04 
8.929737E+00, 5.519146E-06 
1.989423E+00, 2.391991E-04 
5.864270E+00, 6.556603E-05 
9.591740E+00, 5.239858E-06 
9.834358E+00, 3.657427E-07 
8.491365E+00, 1.093606E-05 
4.147172E+00, 1.681236E-04 
6.954358E+00, 1.912201E-05 
4.535628E+00, 1.527239E-04 
7.428514E+00, 2.695679E-05 
9.398420E+00, 3.190913E-06 
6.657899E+00, 3.841959E-05 
7.689041E-01, 3.342037E-04 
-6.349158E-01, 1.315277E-02 
2.743740E-01, 7.203692E-04 
5.571786E+00, 5.327256E-05 
2.867109E+00, 4.371477E-04 
5.397362E+00, 1.595339E-04 
8.515081E+00, 1.211105E-05 
3.523764E+00, 2.124309E-04 
-3.603143E-01, 6.240389E-03 
6.508752E+00, 4.820145E-05 
2.681953E+00, 2.747501E-04 
8.096632E+00, 1.910946E-05 
4.874457E+00, 2.266353E-04 
3.554942E+00, 1.732405E-04 
5.160948E+00, 9.958464E-05 
4.744833E+00, 1.893299E-04 
4.870889E+00, 1.116169E-04 
8.183118E+00, 1.060027E-05 
1.105499E+00, 4.532048E-04 
1.464962E+00, 5.787673E-04 
9.503655E+00, 1.752288E-06 
8.991601E+00, 7.117420E-07 
7.769959E+00, 1.031378E-05 
6.099701E+00, 1.358191E-04 
4.313690E+00, 2.588281E-04 
7.770658E+00, 1.284198E-05 
6.544139E+00, 4.465179E-05 
8.231590E-01, 5.188713E-04 
9.747616E+00, 1.719956E-06 
2.646053E+00, 4.182283E-04 
6.063583E+00, 6.744134E-05 
9.749118E+00, 1.021359E-06 
3.912797E+00, 2.342190E-04 
2.818905E+00, 4.770873E-04 
3.173212E+00, 1.821527E-04 
4.399118E+00, 1.081109E-04 
9.129280E+00, 3.910942E-06 
4.834987E+00, 1.435663E-04 
7.594543E+00, 1.861872E-05 
9.390105E+00, 4.254817E-06 
7.656105E+00, 2.429117E-05 
6.942456E+00, 2.962083E-05 
6.541528E+00, 3.529127E-05 
5.155369E+00, 5.988357E-05 
2.426091E+00, 4.181526E-04 
3.056154E+00, 4.535046E-04 
6.237071E+00, 2.531631E-05 
1.037745E+00, 3.633296E-04 
3.210683E+00, 2.554083E-04 
6.450396E+00, 4.797380E-05 
9.739350E+00, 3.898691E-07 
3.404275E+00, 3.173077E-04 
1.433437E+00, 4.809955E-04 
8.833695E+00, 4.497174E-06 
6.459919E+00, 5.597189E-05 
5.800812E+00, 1.138865E-04 
7.510801E+00, 1.528440E-05 
5.283534E+00, 5.482341E-05 
8.286742E+00, 1.174814E-05 
1.535140E+00, 4.855897E-04 
8.640852E+00, 6.126662E-06 
1.972123E+00, 3.051898E-04 
9.658503E+00, 1.410468E-06 
3.637208E+00, 2.505600E-04 
3.655351E-01, 4.355752E-04 
9.902331E+00, 1.089508E-06 
7.803854E+00, 1.060373E-05 
8.509290E+00, 5.244547E-06 
1.453020E+00, 5.346264E-04 
2.837686E+00, 2.278063E-04 
3.561528E+00, 1.913670E-04 
7.144559E+00, 2.388385E-05 
3.875106E+00, 2.060930E-04 
3.451050E+00, 1.239504E-04 
6.391495E-01, 3.911283E-04 
5.996715E+00, 6.716273E-05 
2.343536E+00, 5.032085E-04 
2.516888E+00, 3.580076E-04 
6.372965E+00, 3.253549E-05 
3.990276E+00, 2.009443E-04 
1.375884E+00, 5.005999E-04 
4.802843E+00, 1.710437E-04 
5.350014E+00, 7.429030E-05 
2.934721E+00, 2.128341E-04 
8.451460E+00, 1.525999E-05 
5.674006E+00, 6.184862E-05 
1.438886E+00, 3.342037E-04 
5.929042E-01, 3.957401E-04 
3.808833E+00, 1.587658E-04 
3.308047E+00, 2.272541E-04 
8.736283E+00, 7.294645E-06 
7.912140E+00, 8.288528E-06 
2.257813E+00, 4.485526E-04 
1.960470E+00, 2.833214E-04 
8.385042E-01, 3.872496E-04 
4.903091E+00, 1.334603E-04 
2.609570E+00, 3.350884E-04 
4.657213E+00, 1.082411E-04 
4.719189E+00, 1.734168E-04 
3.711070E+00, 1.175653E-04 
4.084002E+00, 2.117371E-04 
1.192538E+00, 4.008822E-04 
4.870774E+00, 1.210426E-04 
3.429831E+00, 2.393946E-04 
5.936276E+00, 3.573080E-05 
7.001680E+00, 3.504767E-05 
2.979234E-01, 4.681147E-04 
6.618863E+00, 4.489887E-05 
1.838919E+00, 4.852211E-04 
7.232456E+00, 1.244732E-05 
2.226514E+00, 4.058014E-04 
1.432664E+00, 4.862758E-04 
9.866810E-01, 4.319159E-04 
6.923450E+00, 3.323405E-05 
9.343089E+00, 3.610464E-06 
6.161378E+00, 7.917581E-05 
9.530781E+00, 1.130381E-06 
6.867074E+00, 2.402189E-05 
1.870922E+00, 3.656501E-04 
6.472749E+00, 6.268986E-05 
9.777370E+00, 4.969451E-07 
4.944308E+00, 9.124985E-05 
8.355686E+00, 1.412153E-05 
5.864293E+00, 1.062718E-04 
2.448845E+00, 3.296637E-04 
4.647046E+00, 2.379627E-04 
3.289677E+00, 2.609505E-04 
3.199817E+00, 2.468561E-04 
9.046656E+00, 4.967497E-06 
1.100701E+00, 3.491331E-04 
9.632511E+00, 1.418519E-06 
9.184981E+00, 3.451364E-06 
3.675828E+00, 2.664142E-04 
8.188259E+00, 1.022561E-05 
9.832620E+00, 3.489225E-07 
8.984629E+00, 5.619746E-06 
1.963535E+00, 3.722686E-04 
9.433333E+00, 1.418519E-06 
1.155800E+00, 6.192556E-04 
2.784385E-01, 3.957401E-04 
5.730163E+00, 1.018763E-04 
6.616930E+00, 2.185969E-05 
7.097522E+00, 2.529380E-05 
6.628324E+00, 6.802367E-05 
4.306845E+00, 1.741764E-04 
3.967348E+00, 1.443779E-04 
6.800713E+00, 3.036367E-05 
3.984895E+00, 2.575823E-04 
5.825434E+00, 7.429030E-05 
1.758324E+00, 4.430352E-04 
4.367524E+00, 2.081420E-04 
6.603875E+00, 2.897318E-05 
4.406261E+00, 1.391135E-04 
7.173945E+00, 3.256632E-05 
5.575218E+00, 7.748216E-05 
5.655205E+00, 8.368008E-05 
4.305418E+00, 1.608402E-04 
5.972917E+00, 9.798410E-05 
4.553491E+00, 1.119004E-04 
9.357757E+00, 2.075522E-06 
6.635133E+00, 2.819770E-05 
4.789447E+00, 1.804543E-04 
3.807913E+00, 1.186606E-04 
8.459936E+00, 7.060128E-06 
9.290810E+00, 6.502754E-07 
-3.300756E-02, 7.554640E-03 
9.462340E+00, 1.568372E-06 
4.676290E+00, 1.536199E-04 
7.759178E+00, 9.450512E-06 
6.986153E+00, 2.836813E-05 
1.890127E+00, 2.983776E-04 
6.043547E+00, 9.124985E-05 
4.026483E+00, 1.623566E-04 
3.180016E+00, 3.442815E-04 
7.142644E+00, 3.651272E-05 
4.865869E+00, 1.365204E-04 
5.036209E+00, 1.252978E-04 
2.789713E+00, 3.211784E-04 
6.853508E+00, 4.858235E-05 
4.840376E+00, 1.390555E-04 
4.352527E-01, 1.290462E-04 
4.350942E+00, 1.582251E-04 
5.183460E+00, 1.469815E-04 
8.507778E-01, 4.488485E-04 
4.363405E+00, 1.246182E-04 
3.878699E-01, 2.580923E-04 
1.039813E+00, 7.611610E-04 
3.866615E+00, 9.803111E-05 
8.148508E+00, 1.365881E-05 
2.164047E+00, 2.463669E-04 
8.835334E+00, 4.342104E-06 
2.850844E+00, 1.813276E-04 
6.557218E-01, 4.894448E-04 
8.550809E+00, 7.010067E-06 
1.548916E+00, 4.320023E-04 
6.488361E+00, 4.913116E-05 
5.439028E+00, 6.737123E-05 
9.492072E+00, 5.447540E-07 
7.397308E+00, 9.386800E-06 
7.678036E+00, 1.200440E-05 
7.748138E-01, 6.294443E-04 
1.128797E+00, 5.276947E-04 
4.983789E+00, 9.611071E-05 
8.162102E-01, 4.133934E-04 
8.605412E+00, 1.252512E-05 
5.986705E+00, 7.748216E-05 
5.556956E-01, 3.830749E-04 
3.482824E+00, 2.953734E-04 
2.711393E+00, 4.432044E-04 
8.705123E+00, 6.139725E-06 
4.480965E+00, 1.565272E-04 
4.571133E-01, 3.749854E-04 
7.257879E+00, 1.191817E-05 
5.042626E+00, 2.162916E-04 
7.432666E-01, 5.894759E-04 
4.675325E+00, 1.647842E-04 
8.339720E+00, 9.266747E-06 
5.924410E+00, 6.564277E-05 
3.271685E-01, 9.362294E-04 
5.398375E+00, 1.162059E-04 
1.002559E+01, 7.932382E-07 
3.909414E+00, 1.564016E-04 
4.200197E-01, 4.076416E-04 
6.099863E+00, 9.392875E-05 
9.775196E+00, 4.143442E-06 
8.935745E+00, 7.421213E-06 
4.530495E+00, 1.241735E-04 
5.762812E+00, 1.177565E-04 
3.545901E+00, 3.086870E-04 
6.446482E+00, 3.112765E-05 
5.446779E+00, 8.943704E-05 
7.369131E-01, 4.680928E-04 
5.918453E+00, 5.067855E-05 
1.682580E+00, 3.604442E-04 
2.337461E-01, 5.238044E-04 
1.728402E+00, 3.686900E-04 
7.762304E+00, 2.169157E-05 
9.704537E+00, 1.683840E-06 
1.996386E+00, 3.042759E-04 
4.350980E+00, 1.790715E-04 
4.549389E+00, 2.163595E-04 
5.357228E+00, 8.391526E-05 
7.993757E+00, 1.070052E-05 
6.971243E+00, 2.676065E-05 
3.337481E+00, 2.372698E-04 
9.104195E+00, 5.166859E-06 
3.696919E+00, 1.786549E-04 
2.197085E+00, 2.396866E-04 
1.458935E-01, 4.833490E-04 
7.381343E+00, 1.192152E-05 
4.539357E+00, 2.119008E-04 
4.130306E+00, 3.337129E-04 
5.613876E+00, 1.660890E-04 
7.241016E+00, 2.550195E-05 
5.192250E+00, 1.262786E-04 
2.614673E+00, 3.336755E-04 
3.434888E+00, 1.855480E-04 
5.316887E-01, 4.681147E-04 
1.402465E+00, 3.431061E-04 
2.691718E-01, 2.533449E-04 
9.256438E+00, 2.636712E-06 
5.866299E+00, 9.447819E-05 
8.662230E+00, 5.235079E-06 
6.317109E+00, 5.215963E-05 
2.929470E+00, 2.587647E-04 
3.272623E+00, 2.364447E-04 
3.281161E+00, 3.010161E-04 
8.404841E+00, 1.103392E-05 
3.556295E-01, 5.499298E-04 
3.420640E+00, 1.981568E-04 
4.647426E+00, 8.830667E-05 
2.939477E+00, 4.229999E-04 
5.914153E+00, 7.133889E-05 
3.420923E+00, 2.448827E-04 
1.506478E+00, 5.345444E-04 
7.923245E+00, 1.216522E-05 
3.105114E+00, 4.608383E-04 
6.637422E-01, 4.151811E-04 
1.727833E+00, 4.305125E-04 
1.282267E+00, 5.421894E-04 
5.505995E+00, 1.086972E-04 
5.720857E+00, 5.361894E-05 
8.240125E+00, 1.018374E-05 
9.440392E+00, 9.404098E-07 
1.909768E+00, 3.497675E-04 
3.524471E+00, 2.350672E-04 
8.379055E+00, 1.027013E-05 
8.023504E+00, 1.060373E-05 
7.103651E+00, 2.118531E-05 
-3.699491E+00, 1.593905E-02 
3.081656E-01, 6.032949E-04 
8.260816E+00, 9.618058E-06 
5.111233E+00, 1.244255E-04 
7.852029E+00, 8.631922E-06 
2.292029E+00, 2.261225E-04 
9.561136E+00, 1.828291E-06 
8.842842E+00, 3.731663E-06 
1.199410E+00, 5.457407E-04 
8.778569E+00, 6.068704E-06 
4.458275E-01, 7.840929E-04 
6.329307E+00, 4.885323E-05 
2.972573E+00, 2.822939E-04 
1.280438E+00, 6.626703E-04 
3.149000E+00, 2.738737E-04 
8.297480E+00, 1.110327E-05 
4.731282E+00, 1.533735E-04 
1.236880E+00, 3.088793E-04 
2.201849E+00, 3.948654E-04 
9.273200E+00, 4.922768E-06 
7.561103E+00, 2.250735E-05 
4.401797E+00, 1.334712E-04 
4.233473E+00, 1.946440E-04 
6.988027E+00, 2.076646E-05 
5.857391E+00, 1.016967E-04 
6.383949E+00, 3.764469E-05 
4.929243E+00, 1.483179E-04 
6.569096E+00, 2.806106E-05 
5.630154E+00, 5.226701E-05 
2.113415E+00, 2.374828E-04 
1.150314E+00, 4.240094E-04 
5.244178E+00, 1.098387E-04 
9.777786E+00, 1.387606E-06 
5.794972E+00, 5.586530E-05 
9.065909E+00, 3.350208E-06 
2.660037E+00, 3.149660E-04 
3.711157E+00, 1.646767E-04 
5.707631E+00, 9.631121E-05 
7.649784E+00, 2.131572E-05 
1.765604E+00, 3.383451E-04 
4.698469E+00, 1.354456E-04 
6.418317E+00, 5.075468E-05 
2.220362E+00, 4.495563E-04 
4.225005E+00, 2.371527E-04 
6.531623E+00, 1.083331E-04 
7.143411E-02, 3.248698E-04 
6.380009E+00, 3.755981E-05 
7.408188E+00, 1.452416E-05 
1.974501E+00, 3.692757E-04 
9.253220E+00, 1.924084E-06 
8.361098E+00, 1.251261E-05 
2.100526E+00, 4.259014E-04 
7.451059E+00, 1.404563E-05 
2.921101E+00, 2.697441E-04 
1.883754E+00, 4.903831E-04 
7.622085E+00, 2.344220E-05 
7.540352E+00, 3.346890E-05 
6.031018E-01, 4.312460E-04 
2.275198E+00, 1.290794E-04 
8.326524E+00, 8.509633E-06 
1.004624E+01, 3.455859E-07 
1.143202E+00, 5.161002E-04 
5.972123E+00, 6.470464E-05 
8.146821E+00, 9.489168E-06 
8.124096E+00, 1.072210E-05 
7.932914E+00, 6.559233E-06 
7.549849E+00, 1.945935E-05 
1.421244E+00, 4.643511E-04 
7.734333E-01, 3.785333E-04 
8.308771E+00, 1.429328E-05 
6.607776E+00, 5.164019E-05 
6.399269E+00, 4.273074E-05 
4.022443E-01, 4.309418E-04 
2.160985E+00, 4.010122E-04 
4.682244E-01, 4.595522E-04 
1.753790E+00, 5.376002E-04 
3.224573E+00, 3.690463E-04 
2.862004E+00, 4.587570E-04 
9.604399E+00, 2.179016E-06 
2.702588E+00, 1.644531E-04 
6.261489E+00, 4.914395E-05 
1.448436E+00, 3.898987E-04 
6.730608E+00, 3.765119E-05 
2.668442E+00, 4.462915E-04 
9.330188E+00, 1.534522E-06 
7.807752E+00, 1.336867E-05 
2.789862E+00, 1.644531E-04 
6.458051E+00, 4.399996E-05 
1.494846E-01, 6.452309E-05 
3.878308E+00, 2.707074E-04 
2.739643E+00, 2.881551E-04 
5.248974E+00, 7.309721E-05 
7.146195E+00, 1.849850E-05 
7.551223E+00, 1.659609E-05 
4.824435E+00, 2.865903E-05 
9.942575E+00, 2.585291E-07 
1.011834E+00, 7.364856E-04 
7.175507E+00, 1.846764E-05 
1.266806E+00, 3.817405E-04 
8.983868E+00, 3.656582E-06 
4.590758E+00, 1.246182E-04 
6.642757E+00, 5.047676E-05 
1.099993E+00, 5.890780E-04 
8.702296E+00, 9.733220E-06 
3.760386E+00, 1.533073E-04 
7.117752E+00, 4.648538E-05 
9.858126E+00, 1.048319E-06 
7.747816E+00, 1.397756E-05 
7.391317E+00, 1.945862E-05 
6.502173E+00, 9.471014E-05 
6.956572E+00, 4.092489E-05 
9.379829E+00, 2.127957E-06 
9.356245E+00, 3.085567E-06 
5.920355E+00, 9.783850E-05 
4.532701E+00, 2.330474E-04 
2.296109E+00, 3.722686E-04 
2.535941E+00, 4.300628E-04 
7.113055E+00, 2.698741E-05 
6.969719E+00, 3.385036E-05 
6.395459E+00, 6.132733E-05 
6.770254E+00, 3.489527E-05 
6.961917E+00, 2.371528E-05 
2.487687E+00, 2.195060E-04 
4.535006E+00, 1.693297E-04 
7.731575E+00, 3.265649E-05 
8.592448E+00, 5.498737E-06 
6.962392E+00, 5.823133E-05 
9.751419E+00, 1.395690E-06 
8.824093E+00, 9.898578E-06 
7.773599E+00, 1.021331E-05 
2.923774E+00, 3.200808E-04 
4.486331E-01, 4.824873E-04 
3.586357E+00, 2.667072E-04 
6.897579E+00, 2.775674E-05 
1.479795E+00, 4.204237E-04 
5.504734E+00, 8.805583E-05 
9.652089E+00, 1.578916E-06 
2.667247E+00, 3.510454E-04 
8.335539E+00, 8.392969E-06 
8.094673E+00, 1.068832E-05 
2.403378E+00, 4.433792E-04 
9.347353E+00, 2.620797E-07 
2.994012E+00, 3.054183E-04 
1.318234E+00, 3.472978E-04 
5.090997E+00, 1.190456E-04 
3.322331E+00, 1.746115E-04 
2.564973E+00, 3.646114E-04 
4.284590E+00, 1.844311E-04 
1.752743E+00, 3.212075E-04 
6.977246E+00, 1.481606E-05 
8.228184E-01, 4.312460E-04 
7.421428E+00, 1.903132E-05 
8.669739E+00, 1.476833E-05 
4.634708E+00, 1.393018E-04 
6.019845E+00, 6.321888E-05 
6.188676E+00, 5.092225E-05 
1.208954E+00, 5.215151E-04 
6.965291E+00, 1.947551E-05 
8.261604E+00, 1.126860E-05 
4.490381E+00, 1.391645E-04 
6.928423E+00, 2.381007E-05 
2.115871E+00, 5.048015E-04 
6.377030E+00, 7.600616E-05 
6.069675E+00, 9.603816E-05 
6.048771E+00, 6.353517E-05 
1.845028E+00, 4.176513E-04 
5.975880E+00, 7.616799E-05 
6.349641E+00, 6.628426E-05 
4.264001E+00, 1.369081E-04 
8.506640E+00, 1.300063E-05 
2.027512E+00, 3.640873E-04 
8.664178E+00, 5.786606E-06 
5.976338E+00, 7.983776E-05 
3.859196E+00, 1.898229E-04 
7.762827E+00, 1.220146E-05 
3.494448E+00, 1.172061E-04 
5.547206E+00, 8.615580E-05 
1.491982E+00, 2.161133E-05 
6.163047E+00, 5.588345E-05 
4.582803E+00, 1.220657E-04 
5.984392E+00, 7.205294E-05 
1.951970E+00, 4.904237E-04 
1.191176E+00, 4.010164E-04 
5.274293E+00, 6.174816E-05 
4.073593E+00, 1.818152E-04 
9.296736E-02, 3.957401E-04 
5.723470E+00, 5.869309E-05 
-1.454144E+00, 1.300823E-02 
5.204013E+00, 7.653907E-05 
9.655509E+00, 9.744492E-07 
6.671050E+00, 3.306087E-05 
8.420444E+00, 7.971831E-06 
4.724219E+00, 2.345938E-04 
2.540266E+00, 2.786022E-04 
1.607306E+00, 7.334961E-04 
7.718972E+00, 9.778251E-06 
9.088487E-01, 4.370310E-04 
9.402042E+00, 7.793045E-07 
1.827767E-01, 4.681147E-04 
4.382768E+00, 1.083500E-04 
8.719043E+00, 5.953538E-06 
8.296351E+00, 1.850287E-05 
9.598008E+00, 1.936985E-06 
5.133827E+00, 1.926943E-04 
9.053071E-01, 7.387302E-04 
2.912203E+00, 4.440108E-04 
-3.744882E+00, 1.734683E-02 
7.408359E+00, 1.693715E-05 
4.424164E+00, 1.725020E-04 
2.595200E+00, 4.088570E-04 
4.971207E+00, 6.054716E-05 
4.807441E-01, 6.973637E-04 
7.798391E+00, 1.611541E-05 
1.336507E+00, 5.667345E-04 
2.344569E+00, 2.611117E-04 
6.832761E+00, 2.345293E-05 
8.521584E+00, 6.012526E-06 
5.770162E+00, 9.282521E-05 
3.168673E+00, 3.290558E-04 
7.991095E+00, 1.309574E-05 
8.809921E+00, 4.034349E-06 
1.885627E-01, 5.899268E-04 
9.497629E+00, 2.820937E-06 
5.912001E+00, 8.973407E-05 
4.615371E+00, 1.537411E-04 
2.729909E+00, 3.487704E-04 
1.881636E+00, 6.328289E-04 
2.967638E+00, 4.728706E-04 
7.057829E+00, 1.727738E-05 
9.253287E+00, 2.484324E-06 
4.439826E+00, 1.734581E-04 
8.027919E+00, 1.180212E-05 
6.113318E+00, 7.366867E-05 
8.674013E+00, 3.882988E-06 
5.605493E+00, 5.265430E-05 
6.177947E+00, 4.500214E-05 
1.233119E+00, 3.987683E-04 
8.105861E+00, 9.418687E-06 
3.689662E-01, 6.200756E-04 
3.410692E+00, 3.544563E-04 
9.647400E+00, 6.190754E-07 
7.368412E-01, 3.255469E-04 
4.846888E+00, 5.405061E-05 
6.461313E+00, 3.225978E-05 
6.999086E+00, 2.698853E-05 
2.457919E+00, 6.729685E-04 
2.584387E+00, 3.020047E-04 
8.550709E+00, 9.190810E-06 
6.190080E+00, 5.406563E-05 
6.479043E+00, 4.273074E-05 
6.244368E+00, 4.002800E-05 
2.169938E+00, 4.666312E-04 
1.703547E+00, 4.068566E-04 
9.583906E+00, 1.270601E-06 
1.004171E+01, 2.776144E-07 
9.804039E+00, 1.164205E-06 
7.663334E+00, 1.522515E-05 
4.319785E+00, 1.464877E-04 
7.402724E+00, 2.011905E-05 
2.486840E+00, 2.520359E-04 
6.859814E+00, 2.063266E-05 
2.931707E+00, 1.908701E-04 
6.490414E+00, 6.880647E-05 
7.197949E+00, 2.328844E-05 
4.658510E+00, 1.766133E-04 
2.523575E+00, 3.980804E-04 
9.626904E+00, 1.936985E-06 
3.071854E+00, 3.753043E-04 
3.271865E+00, 1.756191E-04 
7.308926E+00, 1.415729E-05 
5.058509E+00, 1.995101E-04 
7.791545E-01, 3.170436E-04 
3.153792E+00, 2.833515E-04 
1.810098E+00, 4.281554E-04 
1.479911E+00, 6.803603E-04 
1.650843E+00, 4.118897E-04 
1.219363E-01, 5.171855E-04 
2.589825E+00, 3.132612E-04 
6.585771E+00, 4.183637E-05 
3.975017E+00, 1.564110E-04 
1.283102E+00, 6.769737E-04 
4.983092E+00, 1.331289E-04 
4.887998E+00, 1.462721E-04 
3.816348E+00, 1.585213E-04 
3.868621E+00, 2.163822E-04 
6.424649E-01, 3.202596E-04 
4.046757E+00, 1.502496E-04 
9.190966E+00, 5.451797E-06 
3.683262E+00, 2.254274E-04 
3.157473E+00, 2.136998E-04 
3.252762E+00, 2.868788E-04 
7.017895E-01, 3.255380E-04 
5.064730E+00, 1.721600E-04 
2.131625E+00, 2.972187E-04 
7.170985E+00, 2.299985E-05 
5.243849E+00, 9.026914E-05 
5.001420E+00, 1.203414E-04 
8.217753E+00, 7.075625E-06 
1.340982E+00, 3.015498E-04 
7.752995E-01, 3.685372E-04 
7.410075E-01, 3.328677E-04 
3.560789E+00, 2.230216E-04 
3.651969E+00, 1.668033E-04 
8.155943E+00, 7.471967E-06 
8.011854E+00, 1.110327E-05 
2.025960E+00, 4.128269E-04 
3.242443E+00, 2.856666E-04 
6.707956E-01, 4.608301E-04 
5.719329E+00, 8.862796E-05 
4.382162E+00, 1.504689E-04 
6.058385E+00, 8.202747E-05 
7.190099E+00, 3.975191E-05 
8.227346E+00, 8.728973E-06 
3.108442E+00, 4.180462E-04 
4.260489E+00, 1.717961E-04 
7.512843E+00, 1.581517E-05 
2.560487E+00, 3.330183E-04 
1.205056E+00, 4.233078E-04 
5.818335E+00, 5.136511E-05 
2.798240E+00, 3.341666E-04 
2.625704E+00, 3.246158E-04 
6.444210E+00, 3.261705E-05 
3.496403E+00, 1.927229E-04 
7.822372E-01, 4.595522E-04 
6.520230E+00, 3.497147E-05 
2.600673E+00, 4.254295E-04 
3.027060E+00, 2.570575E-04 
5.110639E+00, 2.036099E-04 
-6.977826E-01, 1.016660E-02 
3.319047E+00, 2.775684E-04 
5.717539E+00, 3.761673E-05 
4.687705E+00, 2.200095E-04 
9.247846E+00, 5.418506E-06 
6.323165E+00, 8.433768E-05 
5.391980E-01, 3.896835E-04 
1.665984E+00, 6.538398E-04 
8.906340E+00, 3.920550E-06 
7.416220E+00, 2.542844E-05 
2.449338E+00, 2.754489E-04 
6.754381E+00, 4.529424E-05 
8.270529E+00, 5.880356E-06 
5.169995E-01, 5.485787E-04 
6.407604E+00, 5.725981E-05 
-2.583386E+00, 2.000042E-02 
6.803496E+00, 3.864694E-05 
4.525678E+00, 1.336401E-04 
5.408112E+00, 9.696572E-05 
5.926272E+00, 8.831692E-05 
7.375702E+00, 2.671201E-05 
3.818286E+00, 1.241450E-04 
8.870000E+00, 7.546001E-06 
5.052982E+00, 1.073893E-04 
9.917733E-01, 4.661889E-04 
4.028226E+00, 1.183958E-04 
2.204824E+00, 3.845219E-04 
7.298211E+00, 2.481098E-05 
6.404312E+00, 4.749883E-05 
7.423407E+00, 3.142800E-05 
5.946683E+00, 1.441102E-04 
6.008918E+00, 4.693801E-05 
2.373431E+00, 4.290827E-04 
4.463088E+00, 1.382133E-04 
5.102544E+00, 2.232157E-04 
3.776402E+00, 2.287454E-04 
4.738719E+00, 1.567406E-04 
4.250026E+00, 3.324006E-04 
8.892699E+00, 4.466784E-06 
5.813963E+00, 9.442909E-05 
6.828784E+00, 1.853297E-05 
3.287334E+00, 1.424140E-04 
4.689011E+00, 1.672122E-04 
3.925412E+00, 1.393253E-04 
4.359540E+00, 1.582251E-04 
3.616676E+00, 1.487334E-04 
1.011052E+01, 2.451453E-07 
4.805359E+00, 1.607797E-04 
5.533203E+00, 7.595443E-05 
1.479508E+00, 4.016190E-04 
5.792016E+00, 7.861560E-05 
9.980521E+00, 3.203272E-07 
1.082534E+00, 5.157582E-04 
7.528523E+00, 1.827131E-05 
8.695653E+00, 5.777817E-06 
4.245949E+00, 1.040924E-04 
8.445623E+00, 7.387124E-06 
1.190058E-01, 2.449000E-04 
2.277906E+00, 4.151280E-04 
4.223912E+00, 2.424930E-04 
9.081306E-01, 5.379523E-04 
3.185553E+00, 2.609505E-04 
6.444883E+00, 4.662021E-05 
1.390175E+00, 3.651540E-04 
2.775343E+00, 3.749708E-04 
6.729861E-01, 4.010164E-04 
6.564407E+00, 7.688490E-05 
2.998193E+00, 2.344028E-04 
7.693105E+00, 2.125522E-05 
8.075702E+00, 1.352351E-05 
6.082767E+00, 9.952529E-05 
4.945892E+00, 6.798333E-05 
4.360224E+00, 2.443742E-04 
3.626914E+00, 2.001991E-04 
4.210099E+00, 6.948059E-05 
5.283467E+00, 1.338035E-04 
7.164867E+00, 1.667831E-05 
9.263827E+00, 5.584418E-06 
6.896710E-01, 2.768347E-04 
2.718040E+00, 3.158544E-04 
2.259700E+00, 4.130160E-04 
7.787412E+00, 1.603341E-05 
7.683357E+00, 1.459461E-05 
1.237745E+00, 5.145002E-04 
4.078524E+00, 1.392050E-04 
5.507074E+00, 9.721760E-05 
2.161565E+00, 2.551025E-04 
3.646823E+00, 2.055547E-04 
9.251608E+00, 4.667766E-06 
1.880603E+00, 2.985240E-04 
9.826205E+00, 3.095377E-07 
5.902585E+00, 9.121746E-05 
7.390700E+00, 2.178788E-05 
3.858196E+00, 1.410281E-04 
1.624230E+00, 4.435116E-04 
3.233146E+00, 3.066417E-04 
8.130737E+00, 1.680292E-05 
1.209451E+00, 3.159527E-04 
8.692121E+00, 4.421161E-06 
5.114960E+00, 1.463670E-04 
2.615780E+00, 3.020047E-04 
3.028104E+00, 4.040968E-04 
2.852230E+00, 3.242251E-04 
9.896118E+00, 1.418519E-06 
8.067921E+00, 8.546212E-06 
2.780302E+00, 1.522179E-04 
2.797371E+00, 2.082388E-04 
1.243464E+00, 4.969880E-04 
4.580004E+00, 1.402321E-04 
8.792706E+00, 5.681943E-06 
5.403857E+00, 1.120988E-04 
8.942559E+00, 4.446400E-06 
9.378808E+00, 1.759537E-06 
5.675012E-01, 5.181020E-04 
2.832889E+00, 4.364929E-04 
5.900404E+00, 7.153123E-05 
3.410864E+00, 3.174550E-04 
2.372807E+00, 3.350884E-04 
8.954483E+00, 7.571511E-06 
5.543534E-02, 3.240215E-04 
3.055810E+00, 3.350110E-04 
9.118228E+00, 3.471901E-06 
1.830928E+00, 3.162200E-04 
3.751667E+00, 1.234504E-04 
8.853990E+00, 4.440533E-06 
1.852835E+00, 2.814987E-04 
7.557818E+00, 1.294293E-05 
3.575048E+00, 1.648726E-04 
3.491978E-01, 6.307565E-04 
5.443569E+00, 1.075999E-04 
3.084285E+00, 2.653676E-04 
3.394989E+00, 2.131153E-04 
4.550931E-02, 4.646588E-04 
6.786381E+00, 5.211027E-05 
1.606154E+00, 4.765838E-04 
7.728612E+00, 2.032753E-05 
9.105513E+00, 1.271099E-06 
3.537451E+00, 1.052248E-04 
1.384549E+00, 4.757675E-04 
1.788917E+00, 5.152322E-04 
7.846580E+00, 8.998528E-06 
8.711783E+00, 4.191428E-06 
2.481948E+00, 3.846657E-04 
3.554832E+00, 1.791005E-04 
8.073847E+00, 1.118121E-05 
2.219523E+00, 2.801886E-04 
-2.826483E-01, 7.543745E-03 
6.240571E+00, 4.763558E-05 
3.557097E+00, 1.557412E-04 
5.590655E+00, 9.794552E-05 
-9.999257E-02, 3.562405E-04 
8.989107E+00, 5.239858E-06 
2.697111E+00, 3.212296E-04 
7.386487E+00, 1.533036E-05 
5.505976E+00, 6.519650E-05 
2.642216E-01, 4.355752E-04 
2.178011E+00, 2.774148E-04 
2.532235E-02, 3.032893E-04 
1.110787E+00, 5.398955E-04 
6.981640E+00, 3.123535E-05 
4.747451E+00, 1.198774E-04 
2.161376E+00, 6.625552E-04 
3.981704E+00, 1.482040E-04 
8.054729E+00, 1.096416E-05 
1.503131E+00, 3.955494E-04 
3.518485E+00, 1.760126E-04 
3.651999E+00, 2.827680E-04 
8.705878E+00, 8.234981E-06 
1.629668E+00, 5.300114E-04 
9.823387E-01, 4.902594E-04 
4.025522E+00, 1.261602E-04 
7.215724E+00, 1.748394E-05 
9.585161E+00, 9.744492E-07 
2.914600E+00, 2.931452E-04 
9.519761E+00, 2.448794E-06 
1.915043E+00, 2.557979E-04 
7.323824E+00, 2.290387E-05 
8.387604E+00, 9.215026E-06 
5.313928E-02, 3.957401E-04 
8.222878E+00, 1.269775E-05 
9.369779E+00, 1.125022E-06 
5.889033E+00, 5.868044E-05 
1.594250E+00, 4.780952E-04 
2.504256E+00, 5.066883E-04 
3.694641E+00, 2.152354E-04 
6.695024E+00, 7.623398E-05 
6.761104E+00, 3.543190E-05 
8.807733E-01, 4.153584E-04 
8.964403E+00, 4.058009E-06 
4.007778E+00, 1.126381E-04 
3.742249E+00, 2.997988E-04 
6.636231E+00, 3.167994E-05 
5.325096E+00, 6.296752E-05 
7.743650E-01, 4.185653E-04 
8.049537E+00, 1.028222E-05 
1.153336E+00, 3.202469E-04 
3.528344E+00, 3.397109E-04 
8.642878E+00, 8.311306E-06 
4.139259E+00, 2.299801E-04 
7.702837E+00, 1.287685E-05 
6.642554E+00, 2.975397E-05 
7.054050E+00, 4.604318E-05 
3.389410E+00, 3.594439E-04 
4.690448E+00, 1.358247E-04 
4.618990E+00, 1.057335E-04 
7.616053E+00, 1.262766E-05 
3.980257E-01, 4.104394E-04 
5.198230E+00, 1.910106E-04 
7.584622E+00, 1.260801E-05 
7.111009E+00, 3.099220E-05 
7.836174E+00, 1.238970E-05 
3.099756E+00, 3.444935E-04 
9.248626E+00, 4.054828E-06 
5.879152E+00, 5.136511E-05 
2.273517E+00, 3.607578E-04 
5.924891E+00, 5.659960E-05 
1.765419E+00, 4.750577E-04 
8.112039E+00, 1.551983E-05 
2.210917E+00, 3.292178E-04 
3.792932E+00, 1.273453E-04 
8.456192E+00, 1.215664E-05 
1.112499E+00, 4.971740E-04 
9.053953E+00, 6.776237E-06 
6.048143E+00, 7.534875E-05 
8.501475E+00, 6.693649E-06 
4.922012E+00, 2.286194E-04 
4.106007E+00, 1.750915E-04 
7.800663E+00, 2.310979E-05 
3.197230E+00, 1.172061E-04 
4.763320E-01, 4.545556E-04 
9.285232E+00, 2.466971E-06 
2.876092E+00, 3.163183E-04 
2.690888E+00, 4.211836E-04 
9.381708E-01, 4.382921E-04 
9.630281E+00, 4.247718E-06 
6.569217E+00, 5.813179E-05 
9.254576E+00, 2.714175E-06 
5.923689E+00, 1.560533E-04 
1.994107E+00, 2.648924E-04 
2.255029E+00, 2.344260E-04 
1.601918E+00, 1.941841E-04 
3.840428E+00, 1.318603E-04 
1.792451E+00, 4.609832E-04 
7.533549E+00, 2.138734E-05 
3.995967E+00, 2.511956E-04 
5.752058E-01, 5.904532E-04 
7.851550E+00, 1.336356E-05 
4.943146E+00, 1.401917E-04 
4.918264E+00, 1.286609E-04 
6.265491E-01, 3.289039E-04 
4.849680E+00, 1.217449E-04 
6.435635E+00, 4.214817E-05 
7.813071E+00, 1.022561E-05 
3.179031E+00, 3.752989E-04 
7.926273E+00, 8.480272E-06 
8.807454E-01, 4.875231E-04 
5.523702E-01, 4.061491E-04 
7.370100E+00, 1.218603E-05 
2.354458E+00, 3.372785E-04 
2.388749E+00, 2.441612E-04 
-1.723910E+00, 1.747553E-02 
3.125642E+00, 3.227458E-04 
4.137676E+00, 1.177897E-04 
8.039303E+00, 1.576950E-05 
3.127838E+00, 3.896423E-04 
7.308739E+00, 2.105312E-05 
6.048079E+00, 4.480723E-05 
7.404120E+00, 1.573753E-05 
5.999428E+00, 5.887002E-05 
6.661460E+00, 3.388214E-05 
7.596745E+00, 1.471576E-05 
8.906324E+00, 1.042600E-05 
5.485322E+00, 1.412239E-04 
6.381484E+00, 5.063262E-05 
1.012123E+01, 3.849268E-07 
3.977753E+00, 1.022177E-04 
6.916623E+00, 2.988191E-05 
2.672241E-01, 4.493489E-04 
9.970210E+00, 4.841612E-07 
5.650926E+00, 1.102609E-04 
5.433674E+00, 6.196851E-05 
2.167797E+00, 4.251811E-04 
9.787092E+00, 8.599779E-07 
2.420708E+00, 4.111131E-04 
5.933627E+00, 1.204955E-04 
4.591704E+00, 2.040223E-04 
5.250252E+00, 7.913140E-05 
5.058059E+00, 1.407587E-04 
2.816779E+00, 3.374206E-04 
3.498156E+00, 2.111944E-04 
5.062797E+00, 9.593448E-05 
7.946871E+00, 9.090786E-06 
1.554624E+00, 3.504745E-04 
2.881020E+00, 2.380288E-04 
9.653629E+00, 1.697923E-06 
5.711846E+00, 9.121746E-05 
7.955054E+00, 1.365803E-05 
3.829967E+00, 1.516520E-04 
3.641354E+00, 1.242981E-04 
3.106290E+00, 3.773171E-04 
9.407828E+00, 2.448794E-06 
2.465092E+00, 5.722511E-04 
7.692370E+00, 2.865189E-05 
6.962767E+00, 1.925981E-05 
7.823928E+00, 1.827131E-05 
7.131124E+00, 3.354663E-05 
3.899533E+00, 1.764056E-04 
8.462609E+00, 9.007723E-06 
8.173379E+00, 1.159063E-05 
7.186038E+00, 1.679964E-05 
5.135488E+00, 9.665355E-05 
6.343352E+00, 6.465410E-05 
7.573294E+00, 1.715257E-05 
3.601619E+00, 2.081079E-04 
4.595860E+00, 1.790216E-04 
8.625505E+00, 7.102139E-06 
3.321462E+00, 2.975536E-04 
4.035561E+00, 2.003716E-04 
1.721647E+00, 3.916199E-04 
2.092309E+00, 4.324474E-04 
5.526690E+00, 9.267593E-05 
2.296482E+00, 3.902858E-04 
1.946069E+00, 3.613639E-04 
6.642225E+00, 3.676123E-05 
9.323830E+00, 4.179865E-06 
7.053609E+00, 1.631090E-05 
9.472355E+00, 4.340959E-06 
6.794493E+00, 3.524404E-05 
9.882846E-01, 6.449954E-04 
5.206818E+00, 1.151377E-04 
8.263481E+00, 9.690843E-06 
3.297990E+00, 1.987753E-04 
8.209061E-01, 5.407979E-04 
2.711300E-01, 5.088678E-04 
3.786349E+00, 1.463956E-04 
3.766324E+00, 2.850195E-04 
8.064348E+00, 9.252613E-06 
1.390048E+00, 4.324553E-04 
2.904568E+00, 3.227458E-04 
-8.166454E-01, 1.374818E-02 
8.401582E+00, 1.577639E-05 
1.217769E+00, 5.948617E-04 
4.992746E+00, 1.299620E-04 
8.779440E+00, 4.488122E-06 
9.619050E+00, 9.279824E-07 
3.554732E-01, 5.145002E-04 
9.273580E+00, 3.719729E-06 
2.870279E+00, 3.589426E-04 
6.101325E+00, 1.292079E-04 
9.046735E-01, 4.240094E-04 
7.723596E+00, 3.192757E-05 
3.485336E+00, 2.551519E-04 
2.239648E+00, 5.476399E-04 
1.248165E+00, 4.254295E-04 
1.366184E+00, 3.441947E-04 
1.120451E+00, 6.520527E-04 
8.732321E+00, 4.889393E-06 
3.555702E+00, 1.668033E-04 
1.527555E+00, 4.556078E-04 
8.601310E+00, 5.267163E-06 
8.782337E+00, 6.138704E-06 
5.241033E+00, 1.389597E-04 
1.487924E+00, 3.910159E-04 
1.402000E+00, 5.465971E-04 
7.457669E+00, 2.040171E-05 
4.410141E+00, 2.231559E-04 
5.360469E+00, 1.563626E-04 
6.857027E+00, 1.875554E-05 
6.808548E-01, 4.716441E-04 
2.372092E+00, 3.231861E-04 
6.028981E-01, 2.580923E-04 
2.942165E+00, 2.111944E-04 
7.720421E+00, 8.053644E-06 
9.007226E+00, 5.927033E-06 
1.435196E+00, 3.147726E-04 
6.266927E+00, 5.219066E-05 
7.647782E+00, 1.554586E-05 
1.187583E+00, 5.685165E-04 
5.792673E+00, 7.277125E-05 
5.065714E+00, 1.666307E-04 
5.069411E+00, 8.300252E-05 
3.683695E+00, 5.468225E-04 
1.784021E+00, 7.152831E-04 
4.957920E+00, 9.305222E-05 
5.233963E-01, 4.681147E-04 
9.627634E+00, 8.040211E-06 
4.219633E+00, 1.594518E-04 
2.928925E+00, 2.849764E-04 
7.972774E+00, 1.287685E-05 
7.368344E+00, 2.907361E-05 
3.187104E+00, 2.772307E-04 
1.127875E+00, 3.507625E-04 
-7.741821E-01, 1.314452E-02 
8.578383E+00, 8.433142E-06 
9.719227E+00, 1.418519E-06 
8.802619E+00, 3.783540E-06 
7.015323E+00, 2.215125E-05 
9.368771E+00, 1.365084E-06 
5.466781E+00, 7.210894E-05 
9.406612E+00, 3.469685E-06 
2.991585E+00, 2.975536E-04 
9.074360E+00, 3.471901E-06 
1.006948E+00, 3.436729E-04 
7.829243E+00, 2.260525E-05 
6.387935E+00, 7.384391E-05 
4.039763E+00, 1.787324E-04 
7.292506E-01, 4.239762E-04 
1.435143E+00, 5.060930E-04 
6.354978E+00, 6.650429E-05 
7.323856E+00, 4.861905E-05 
1.117593E+00, 3.466249E-04 
8.960677E+00, 7.734932E-06 
7.209839E+00, 1.262766E-05 
4.323141E+00, 1.477471E-04 
9.547716E+00, 1.056143E-06 
2.714203E+00, 1.644531E-04 
7.500868E+00, 1.697889E-05 
3.627990E-01, 6.154319E-04 
6.655821E+00, 4.444563E-05 
6.089319E+00, 3.688474E-05 
3.156812E+00, 2.225754E-04 
8.523960E+00, 1.000652E-05 
9.494559E+00, 1.238151E-06 
9.885452E+00, 2.315148E-07 
7.312946E-01, 4.222281E-04 
4.949718E+00, 1.221638E-04 
5.643162E+00, 9.500846E-05 
7.176618E+00, 2.819539E-05 
3.968647E+00, 1.262184E-04 
8.120768E+00, 9.087186E-06 
4.189332E+00, 1.635912E-04 
9.116436E+00, 6.108965E-06 
5.579593E+00, 9.392875E-05 
7.630508E-01, 3.277215E-04 
7.811426E+00, 7.574369E-06 
8.937032E+00, 4.262189E-06 
5.148261E+00, 9.096565E-05 
9.184363E+00, 4.939701E-06 
6.148062E+00, 8.352578E-05 
7.692212E+00, 2.093729E-05 
4.935089E+00, 1.166166E-04 
8.707114E+00, 7.555986E-06 
4.577930E+00, 1.763345E-04 
9.776497E+00, 9.061397E-07 
9.444785E+00, 3.278518E-06 
3.311359E+00, 2.813123E-04 
5.514754E+00, 6.180168E-05 
5.241382E+00, 1.402321E-04 
4.264751E+00, 2.707247E-04 
4.141029E+00, 2.958092E-04 
2.286950E+00, 3.867933E-04 
2.868911E+00, 2.851568E-04 
5.414667E+00, 9.610065E-05 
7.132207E+00, 2.550195E-05 
5.021457E+00, 1.477914E-04 
5.555196E+00, 9.717711E-05 
7.392032E+00, 3.293607E-05 
1.842910E+00, 2.340246E-04 
7.036133E+00, 4.398713E-05 
2.595823E+00, 3.482122E-04 
8.867744E+00, 6.032629E-06 
6.739193E+00, 6.138350E-05 
6.102246E-01, 5.394142E-04 
5.395570E+00, 1.347753E-04 
8.970808E+00, 6.300964E-06 
3.638606E+00, 2.913377E-04 
3.686560E+00, 2.014207E-04 
4.860312E+00, 1.451604E-04 
6.606961E+00, 3.844635E-05 
3.256354E+00, 2.538633E-04 
6.056592E+00, 6.891261E-05 
7.718116E+00, 1.539106E-05 
7.739569E+00, 1.047332E-05 
4.793858E+00, 1.509688E-04 
2.401515E-01, 6.540098E-04 
6.129498E-01, 6.012129E-04 
7.862320E+00, 1.086588E-05 
5.765056E+00, 1.169741E-04 
4.014692E+00, 1.171095E-04 
8.411243E+00, 1.065506E-05 
2.801729E+00, 4.230554E-04 
1.282441E+00, 2.965939E-04 
9.654665E+00, 1.534522E-06 
9.569449E+00, 1.608879E-06 
9.847006E+00, 4.630296E-07 
5.717104E-01, 3.704188E-04 
7.663452E+00, 1.288234E-05 
6.281518E-01, 4.012537E-04 
8.425065E+00, 5.267163E-06 
4.244075E+00, 1.389612E-04 
2.720965E+00, 3.246158E-04 
5.300677E+00, 7.093486E-05 
5.791727E+00, 8.620266E-05 
4.236004E+00, 1.054621E-04 
7.324050E+00, 2.819539E-05 
4.652951E+00, 1.622255E-04 
9.840311E+00, 1.199478E-06 
7.229898E+00, 3.027551E-05 
6.550963E+00, 5.586229E-05 
1.365624E+00, 4.331047E-04 
2.377056E+00, 3.234433E-04 
9.262538E+00, 5.036333E-07 
4.251433E-01, 3.000327E-04 
2.100758E+00, 4.941050E-04 
6.704205E+00, 4.235605E-05 
4.064828E+00, 1.273720E-04 
-9.329402E-01, 1.126006E-02 
1.667691E+00, 3.536050E-04 
9.072487E+00, 5.245768E-06 
3.799384E+00, 1.161906E-04 
5.165796E+00, 8.738268E-05 
8.666665E+00, 6.991657E-06 
9.867651E+00, 2.338943E-06 
1.532214E+00, 4.285621E-04 
5.132361E+00, 1.157928E-04 
9.315990E+00, 3.656582E-06 
4.426467E-01, 3.920445E-04 
6.325413E+00, 6.649303E-05 
5.328588E+00, 1.341639E-04 
2.944622E+00, 4.100145E-04 
1.432475E+00, 4.436967E-04 
5.726961E+00, 5.038599E-05 
7.840772E+00, 1.142985E-05 
3.139136E+00, 2.513294E-04 
2.072263E+00, 3.930754E-04 
5.632952E+00, 6.982332E-05 
8.566662E+00, 1.114011E-05 
8.606109E-01, 4.127040E-04 
3.480855E+00, 3.073932E-04 
7.191121E+00, 1.685223E-05 
2.800382E+00, 5.322151E-04 
7.942658E+00, 1.424680E-05 
2.182731E+00, 6.712768E-05 
8.354305E+00, 1.223170E-05 
3.115598E+00, 2.143076E-04 
6.501123E-01, 6.996626E-04 
4.496552E+00, 1.594518E-04 
9.495720E+00, 1.578145E-06 
1.546670E+00, 4.751196E-04 
7.572151E+00, 3.415400E-05 
1.758315E+00, 4.989653E-04 
3.384163E+00, 2.365428E-04 
4.729308E+00, 1.875576E-04 
3.721334E+00, 2.649222E-04 
5.420480E+00, 9.421998E-05 
7.362209E+00, 1.484704E-05 
4.769227E+00, 1.230492E-04 
5.693457E+00, 8.634293E-05 
6.648572E+00, 6.312066E-05 
5.940185E+00, 8.602173E-05 
4.856166E+00, 2.433835E-04 
1.601935E+00, 4.224830E-04 
5.803959E+00, 1.205983E-04 
5.632401E+00, 9.191471E-05 
3.258318E+00, 3.212761E-04 
7.933055E+00, 1.233844E-05 
9.835935E+00, 1.578916E-06 
3.605707E-01, 4.681147E-04 
5.263128E+00, 1.266001E-04 
9.744812E+00, 9.627686E-07 
9.594259E+00, 3.489225E-07 
7.360790E+00, 2.800945E-05 
5.989012E+00, 8.707163E-05 
4.289816E+00, 1.871371E-04 
8.846023E+00, 7.086891E-06 
4.306684E+00, 1.697687E-04 
7.567327E+00, 2.320426E-05 
8.839708E+00, 4.734177E-06 
3.330907E+00, 3.340657E-04 
5.278482E+00, 9.752468E-05 
4.104696E+00, 1.482040E-04 
3.828055E+00, 1.653975E-04 
6.155098E+00, 7.665436E-05 
6.503251E+00, 5.122212E-05 
6.859634E+00, 4.763558E-05 
4.327014E-01, 4.681147E-04 
7.044665E+00, 3.940626E-05 
3.964127E+00, 1.116471E-04 
2.048627E-01, 5.338054E-04 
3.679411E+00, 1.180359E-04 
8.753284E+00, 6.991657E-06 
9.008558E+00, 3.690547E-06 
6.897617E+00, 2.474985E-05 
7.551548E+00, 1.313201E-05 
1.538114E+00, 4.698533E-05 
3.947356E+00, 1.063016E-04 
1.694454E+00, 3.815866E-04 
4.815429E+00, 1.474946E-04 
1.763764E+00, 3.708364E-04 
8.991889E+00, 5.892364E-06 
3.111438E+00, 2.018023E-04 
8.421545E+00, 7.510885E-06 
3.772457E+00, 1.904080E-04 
1.420832E+00, 3.744611E-04 
1.662993E+00, 4.826987E-04 
7.701952E+00, 1.262766E-05 
2.343108E+00, 3.524024E-04 
2.750864E+00, 3.158544E-04 
7.656229E+00, 1.413559E-05 
6.300586E+00, 6.969149E-05 
8.507846E+00, 5.505364E-06 
8.351408E+00, 1.045406E-05 
3.252341E+00, 2.490856E-04 
9.468624E+00, 2.299692E-06 
7.364015E-02, 5.108143E-04 
4.252919E-01, 5.436015E-04 
9.264569E+00, 2.714175E-06 
3.781523E+00, 2.126213E-04 
9.058721E+00, 4.936922E-06 
1.114205E+00, 4.370310E-04 
8.820123E+00, 3.656582E-06 
2.886585E+00, 2.146169E-04 
1.776748E+00, 3.292152E-04 
7.942402E+00, 1.163686E-05 
6.868884E+00, 4.569971E-05 
5.266481E-01, 3.925988E-04 
5.965650E+00, 1.149612E-04 
9.351166E+00, 2.224020E-07 
9.588721E-01, 6.497395E-04 
9.362296E+00, 9.981401E-07 
9.798480E+00, 8.637188E-07 
9.472061E+00, 1.697923E-06 
4.973351E+00, 1.904408E-04 
8.381706E+00, 5.795313E-06 
7.413913E+00, 1.877360E-05 
6.589647E+00, 6.600642E-05 
2.603975E+00, 3.073531E-04 
8.128990E+00, 1.215856E-05 
6.970419E+00, 3.018038E-05 
8.990315E+00, 2.897656E-06 
2.074782E+00, 2.557979E-04 
1.804973E+00, 6.688197E-04 
5.757944E+00, 1.158366E-04 
7.829560E+00, 2.222191E-05 
8.884531E+00, 6.273662E-06 
5.539984E+00, 9.415686E-05 
3.865104E+00, 1.326044E-04 
8.645045E-01, 3.749854E-04 
3.355292E+00, 2.518009E-04 
4.833331E+00, 1.291720E-04 
2.170953E+00, 3.292178E-04 
4.039353E+00, 2.219646E-04 
1.890341E+00, 5.307178E-04 
8.130096E+00, 8.220122E-06 
1.265448E+00, 5.018035E-04 
-1.287449E+00, 1.788751E-02 
3.830042E-01, 4.355752E-04 
6.347553E+00, 3.369036E-05 
4.542414E+00, 1.607448E-04 
6.573896E+00, 5.034989E-05 
4.193151E-02, 2.771708E-04 
6.128686E+00, 5.345961E-05 
5.151620E+00, 1.001330E-04 
3.870856E+00, 9.262373E-05 
9.763890E+00, 7.623573E-07 
8.730638E+00, 6.098306E-06 
8.615542E+00, 6.575072E-06 
6.568196E+00, 2.999035E-05 
4.399011E-01, 7.536966E-04 
4.425709E+00, 1.241735E-04 
3.818001E+00, 1.239504E-04 
3.080570E-01, 6.856305E-04 
1.673073E+00, 5.856801E-04 
8.444709E-01, 3.735064E-04 
4.369607E+00, 1.401248E-04 
6.167849E+00, 5.316173E-05 
1.208556E+00, 3.303365E-04 
6.967497E+00, 2.130067E-05 
6.652140E+00, 4.496978E-05 
6.881240E+00, 4.263379E-05 
5.929887E+00, 7.479494E-05 
3.213405E+00, 3.074968E-04 
8.487911E+00, 7.092319E-06 
6.484648E+00, 4.914395E-05 
2.634843E+00, 3.863606E-04 
7.236450E+00, 3.238415E-05 
1.264483E+00, 7.233456E-04 
4.083392E+00, 1.603327E-04 
1.112408E+00, 5.289209E-04 
5.733915E+00, 5.251139E-05 
5.336055E+00, 6.724073E-05 
6.107924E+00, 3.871136E-05 
7.312172E+00, 3.249439E-05 
2.621681E+00, 2.220165E-04 
3.436907E-01, 8.920850E-04 
5.278065E+00, 1.123270E-04 
7.498383E+00, 1.232781E-05 
5.667516E+00, 7.452622E-05 
9.222565E+00, 3.423667E-06 
5.488568E+00, 1.120988E-04 
3.640080E+00, 1.912294E-04 
8.709556E+00, 4.548061E-06 
3.286488E+00, 3.004394E-04 
8.072369E+00, 9.491040E-06 
9.000238E+00, 4.668042E-06 
1.736252E+00, 2.919041E-04 
9.053816E+00, 9.233799E-07 
-7.554697E-03, 3.194982E-04 
5.445457E+00, 1.123565E-04 
1.906564E+00, 4.342529E-04 
1.060912E+00, 6.253138E-04 
4.392550E+00, 2.301484E-04 
2.970658E+00, 3.518016E-04 
7.405677E+00, 1.484704E-05 
4.796217E+00, 1.550136E-04 
3.142548E+00, 4.071873E-04 
2.470414E-01, 3.860518E-04 
1.811580E+00, 4.295251E-04 
2.165908E+00, 5.056701E-04 
1.585686E+00, 3.431061E-04 
8.774892E+00, 5.245768E-06 
2.868821E+00, 1.596484E-04 
5.743406E+00, 8.929268E-05 
8.158708E+00, 8.050865E-06 
7.390075E-01, 5.698154E-04 
9.629528E+00, 2.773560E-06 
-1.432673E-01, 3.562405E-04 
4.487130E+00, 1.268158E-04 
4.629597E+00, 1.482159E-04 
2.800898E+00, 5.927875E-04 
4.100094E+00, 2.803752E-04 
9.297610E+00, 1.410468E-06 
8.053095E+00, 1.478125E-05 
7.946429E+00, 9.138200E-06 
9.564364E+00, 1.057787E-06 
3.960849E+00, 1.740083E-04 
2.521195E+00, 3.296637E-04 
8.459214E+00, 9.097426E-06 
9.117415E+00, 4.967497E-06 
8.425705E+00, 8.068698E-06 
1.232045E+00, 3.491331E-04 
1.984186E+00, 4.559757E-04 
8.474712E+00, 9.690488E-06 
2.549000E+00, 2.011999E-04 
6.539156E-01, 3.912013E-04 
5.434157E+00, 1.842601E-05 
9.113400E+00, 6.121341E-06 
6.560037E+00, 3.467541E-05 
1.192484E+00, 5.964338E-04 
1.676559E+00, 4.735464E-04 
3.383168E-01, 4.321791E-04 
9.934111E+00, 6.978451E-07 
9.651328E+00, 1.752288E-06 
5.007278E+00, 1.078381E-04 
7.791258E+00, 1.134847E-05 
6.854539E+00, 3.000967E-05 
2.799526E+00, 2.803908E-04 
4.350834E+00, 1.237501E-04 
8.891952E+00, 4.641304E-06 
3.219126E+00, 3.807891E-04 
1.363200E+00, 1.941841E-04 
3.438538E+00, 2.124309E-04 
9.443500E+00, 3.350208E-06 
8.417689E+00, 5.156888E-06 
4.580995E+00, 1.639442E-04 
6.688273E+00, 3.438279E-05 
6.481785E+00, 4.188143E-05 
9.037425E+00, 2.042717E-06 
9.092670E+00, 4.191197E-06 
6.077846E+00, 7.370501E-05 
1.649251E+00, 4.032740E-04 
8.863794E+00, 5.925732E-06 
5.059639E+00, 7.516312E-05 
6.854467E+00, 2.992800E-05 
3.508319E+00, 2.617595E-04 
8.870231E+00, 5.244547E-06 
5.249308E+00, 8.662816E-05 
7.413883E+00, 2.878795E-05 
1.592383E+00, 1.821796E-04 
2.536755E+00, 3.128558E-04 
1.605307E+00, 6.514332E-04 
4.149372E+00, 2.365246E-04 
5.580067E+00, 6.721847E-05 
4.730586E+00, 1.378484E-04 
4.691588E+00, 2.790421E-05 
8.690480E+00, 8.312960E-06 
2.654462E+00, 5.997206E-04 
5.745458E+00, 6.301598E-05 
5.768694E+00, 6.296752E-05 
6.456329E+00, 5.970330E-05 
9.870425E+00, 7.936336E-07 
8.480683E+00, 3.966474E-06 
1.228646E+00, 5.064898E-04 
4.407713E+00, 1.568020E-04 
5.439648E+00, 4.951625E-05 
3.786184E+00, 1.171095E-04 
8.164441E+00, 6.871963E-06 
5.710671E-01, 2.580923E-04 
9.013774E+00, 5.351915E-06 
6.284178E+00, 5.074238E-05 
3.006440E+00, 1.487334E-04 
5.605113E+00, 9.833358E-05 
6.397799E-01, 3.543758E-04 
1.171141E+00, 3.863832E-04 
6.811475E+00, 3.074248E-05 
1.571353E-01, 2.646106E-04 
1.814620E+00, 5.582016E-04 
6.135726E+00, 8.120606E-05 
7.587202E+00, 9.241807E-06 
1.541966E+00, 5.454193E-04 
5.738615E+00, 8.929268E-05 
8.121165E+00, 1.171034E-05 
8.376427E+00, 1.134875E-05 
5.101636E+00, 9.979173E-05 
5.980278E+00, 8.645842E-05 
9.596695E+00, 1.633455E-06 
3.133041E+00, 1.890299E-04 
5.573198E+00, 9.805748E-05 
3.589113E+00, 3.160537E-04 
2.105616E+00, 6.969389E-04 
2.464512E+00, 4.238712E-04 
1.870504E+00, 3.283269E-04 
1.781195E+00, 5.005406E-04 
9.009786E+00, 4.051561E-06 
5.918928E+00, 7.865715E-05 
6.595641E+00, 3.561863E-05 
8.869295E-01, 3.912013E-04 
4.178466E+00, 1.622899E-04 
3.078014E+00, 3.256472E-04 
2.317680E+00, 4.249222E-04 
8.315053E+00, 1.156700E-05 
8.170201E+00, 1.073568E-05 
2.006443E+00, 4.869420E-04 
3.983265E+00, 3.079782E-04 
9.132729E+00, 2.749369E-06 
5.780770E+00, 5.176472E-05 
8.189024E-02, 2.449000E-04 
3.595608E+00, 1.990930E-04 
7.873330E+00, 7.056804E-06 
5.049916E+00, 1.331289E-04 
1.865507E+00, 3.242232E-04 
5.142601E+00, 9.593448E-05 
1.870675E+00, 2.523606E-04 
9.115911E+00, 2.706335E-06 
1.600896E+00, 4.968092E-04 
5.782007E+00, 7.873936E-05 
4.017818E+00, 1.568554E-04 
2.240636E+00, 4.522975E-04 
2.479860E+00, 2.213480E-04 
8.358145E+00, 1.740342E-05 
4.402323E+00, 9.589528E-05 
6.572739E+00, 3.622837E-05 
6.720787E+00, 1.650431E-05 
9.169767E+00, 4.016792E-06 
6.834978E+00, 2.937768E-05 
2.785610E+00, 5.183766E-04 
4.502720E+00, 2.136818E-04 
5.546433E+00, 1.019605E-04 
4.172795E+00, 2.243544E-04 
9.753493E+00, 1.108547E-06 
2.384284E+00, 3.788510E-04 
8.517543E-01, 4.488485E-04 
6.951997E-01, 3.957401E-04 
5.812676E+00, 4.805321E-05 
9.893510E+00, 3.798388E-07 
6.671649E-01, 4.355666E-04 
6.843329E+00, 3.225978E-05 
8.474385E+00, 1.130634E-05 
8.000735E+00, 1.242087E-05 
4.753859E+00, 1.510986E-04 
2.367077E+00, 5.235496E-04 
5.972107E+00, 8.756946E-05 
3.372193E+00, 2.473771E-04 
8.495291E+00, 7.866323E-06 
2.376570E+00, 3.985098E-04 
8.130061E+00, 6.733670E-06 
9.827530E+00, 3.203272E-07 
3.808023E+00, 1.424904E-04 
3.977114E+00, 1.180359E-04 
1.602973E+00, 3.582049E-04 
6.818113E+00, 3.392462E-05 
8.654155E-02, 3.534522E-04 
9.348425E+00, 4.322311E-06 
-2.523642E+00, 1.440848E-02 
3.033045E+00, 3.479275E-04 
7.468592E-01, 5.776231E-04 
4.060406E+00, 1.668792E-04 
3.419185E+00, 1.450477E-04 
2.652536E+00, 3.324137E-04 
5.577355E-01, 3.170436E-04 
2.039759E+00, 2.314502E-04 
4.260445E+00, 1.482159E-04 
2.080384E+00, 4.307828E-04 
7.203356E+00, 2.775674E-05 
-4.144303E-01, 8.638564E-03 
7.018526E+00, 3.096897E-05 
9.980440E+00, 3.898691E-07 
9.661383E+00, 1.729076E-07 
1.988923E+00, 5.520536E-04 
2.166911E+00, 3.586204E-04 
7.152800E+00, 2.068932E-05 
6.339151E+00, 6.364642E-05 
4.787602E+00, 1.833484E-04 
9.526063E+00, 3.025882E-06 
2.373358E+00, 1.960594E-04 
6.727522E+00, 5.122212E-05 
8.649574E+00, 7.779432E-06 
8.583127E+00, 7.877230E-06 
1.127378E+00, 3.863832E-04 
3.119609E+00, 2.858591E-04 
5.324114E+00, 1.648151E-04 
6.678171E+00, 2.587833E-05 
3.031703E-01, 8.143054E-04 
4.127590E+00, 1.854338E-04 
7.372661E+00, 1.711255E-05 
8.066552E+00, 1.364777E-05 
8.808910E-01, 6.312698E-04 
4.156067E-01, 5.161847E-04 
3.624985E+00, 1.590623E-04 
8.746581E+00, 5.856059E-06 
4.320175E+00, 1.582354E-04 
5.507929E+00, 6.269677E-05 
8.835764E+00, 7.279925E-06 
2.848582E+00, 3.714814E-04 
5.895628E+00, 9.775795E-05 
7.706294E+00, 1.282799E-05 
1.977597E+00, 2.625898E-04 
6.712830E+00, 2.703365E-05 
9.346813E+00, 7.323389E-07 
3.254824E+00, 1.687339E-04 
5.490356E+00, 7.367291E-05 
4.242542E+00, 1.057335E-04 
6.572183E+00, 5.896752E-05 
5.881129E-01, 6.660634E-04 
1.127457E+00, 3.202469E-04 
1.858618E+00, 5.095511E-04 
8.970427E+00, 3.471901E-06 
7.888486E+00, 1.413559E-05 
7.910224E+00, 1.930913E-05 
7.782625E+00, 1.375894E-05 
8.551921E+00, 1.093554E-05 
3.948601E+00, 2.747547E-04 
5.501106E+00, 7.093486E-05 
8.531383E+00, 4.262189E-06 
1.211250E+00, 5.396377E-04 
2.490246E-01, 5.244108E-04 
6.350743E+00, 5.291237E-05 
7.533908E+00, 1.412545E-05 
6.750264E+00, 6.934047E-05 
8.244227E+00, 7.354611E-06 
3.487869E-01, 4.956020E-04 
2.954856E+00, 2.931452E-04 
1.290438E+00, 4.402266E-04 
8.531087E+00, 4.262189E-06 
9.082384E-01, 3.743361E-04 
2.385587E+00, 3.934091E-04 
2.369295E+00, 1.342554E-04 
4.444291E+00, 1.861888E-04 
9.095440E+00, 1.676181E-06 
1.735354E+00, 3.507571E-04 
9.045088E+00, 6.475274E-06 
6.911548E+00, 1.908703E-05 
6.227623E+00, 4.692979E-05 
1.274924E+00, 3.807352E-04 
6.769640E+00, 3.074248E-05 
5.340121E+00, 8.152474E-05 
5.934984E+00, 9.027734E-05 
6.539150E+00, 8.575424E-05 
8.065262E+00, 1.523001E-05 
6.771244E+00, 3.767030E-05 
9.325564E+00, 3.690547E-06 
7.805040E+00, 1.360257E-05 
3.163499E+00, 1.821527E-04 
7.707898E+00, 1.205977E-05 
3.062838E+00, 1.186349E-04 
2.218879E+00, 3.160662E-04 
2.891323E+00, 1.795957E-04 
7.719344E+00, 1.070884E-05 
9.604184E+00, 1.697923E-06 
5.803311E+00, 7.924092E-05 
-4.959087E-01, 1.108012E-02 
2.410348E+00, 3.328526E-04 
3.583788E+00, 2.297677E-04 
8.705361E+00, 3.551070E-06 
3.628386E+00, 1.791005E-04 
9.989212E+00, 3.083713E-07 
7.671846E+00, 2.173469E-05 
-3.810139E+00, 1.798042E-02 
1.691427E+00, 3.629954E-04 
5.258212E+00, 9.340050E-05 
6.829050E+00, 4.534080E-05 
7.162109E+00, 2.669551E-05 
1.026790E+01, 2.481672E-07 
3.446368E+00, 2.918529E-04 
5.060650E+00, 1.790715E-04 
4.687442E-01, 5.771996E-04 
9.094368E+00, 1.098778E-06 
-1.341129E+00, 1.141291E-02 
7.813990E-01, 2.744819E-04 
6.222745E+00, 5.530694E-05 
4.588808E+00, 5.537810E-05 
1.710265E+00, 6.259171E-04 
7.381760E-01, 5.540321E-04 
1.067823E+00, 5.113288E-04 
7.351875E+00, 2.293984E-05 
7.765735E+00, 1.777213E-05 
3.416940E+00, 3.843868E-04 
3.885814E+00, 2.412594E-04 
6.197981E+00, 3.133815E-05 
7.189099E-01, 4.109216E-04 
6.936773E+00, 3.802997E-05 
8.844486E+00, 4.081983E-06 
9.039454E+00, 1.300551E-06 
1.572364E+00, 4.955103E-04 
1.803647E+00, 2.932045E-04 
9.353785E+00, 2.574866E-06 
8.292138E+00, 1.442913E-05 
3.414854E+00, 2.792882E-04 
3.075826E+00, 4.771101E-04 
6.516071E-01, 4.257160E-04 
7.682862E+00, 2.299985E-05 
9.499424E-02, 4.149206E-04 
3.475174E+00, 2.607984E-04 
7.146983E+00, 3.051378E-05 
8.546891E+00, 6.772640E-06 
4.815941E+00, 1.149776E-04 
8.079329E-01, 3.775847E-04 
1.551566E+00, 5.294957E-04 
6.109792E+00, 4.710999E-05 
1.231836E+00, 3.044655E-04 
5.774393E-01, 2.177876E-04 
9.140937E-01, 4.702611E-04 
-1.968515E+00, 1.427990E-02 
6.674932E+00, 5.673484E-05 
8.941436E+00, 6.975689E-06 
7.081706E+00, 2.355226E-05 
1.121193E+00, 5.591440E-04 
4.046519E+00, 1.668792E-04 
8.857449E+00, 7.109738E-06 
6.416815E+00, 6.201454E-05 
5.333030E+00, 6.489856E-05 
1.073236E+00, 3.629954E-04 
5.762961E+00, 8.543244E-05 
4.675479E+00, 1.504689E-04 
4.779876E+00, 2.184405E-04 
9.844353E+00, 5.790819E-07 
9.013343E+00, 6.989418E-06 
4.393729E+00, 1.625867E-04 
2.752112E+00, 4.049696E-04 
1.426205E+00, 3.810742E-04 
2.551286E-01, 4.681147E-04 
4.053626E+00, 1.951221E-04 
2.101253E+00, 4.112250E-04 
8.570132E+00, 6.771929E-06 
7.367289E+00, 1.259427E-05 
9.771798E+00, 2.577052E-07 
1.004477E+01, 2.776158E-07 
9.724001E+00, 1.454930E-06 
-1.011429E+00, 1.215176E-02 
8.475414E+00, 1.092127E-05 
9.742760E-01, 5.778144E-04 
9.902329E+00, 1.524859E-06 
6.367761E+00, 5.448504E-05 
1.276663E+00, 6.278757E-04 
1.805665E-01, 7.128445E-04 
8.148267E+00, 6.663082E-06 
2.655988E+00, 5.914092E-04 
-1.877388E+00, 1.216201E-02 
1.887569E+00, 4.434684E-04 
9.546197E+00, 3.451364E-06 
9.572158E+00, 1.563845E-06 
8.766462E+00, 4.936922E-06 
7.583996E+00, 1.671451E-05 
2.754140E-01, 4.100339E-04 
1.426478E-01, 7.980886E-04 
9.646545E+00, 1.719956E-06 
9.815509E+00, 3.455859E-07 
9.528463E+00, 2.910513E-07 
9.058058E+00, 4.667766E-06 
9.094913E+00, 1.898673E-06 
9.044337E+00, 6.670368E-06 
8.897324E+00, 7.354611E-06 
2.329444E-02, 4.023486E-04 
9.270735E+00, 4.951023E-06 
7.797144E+00, 1.047332E-05 
9.528551E+00, 1.795165E-06 
8.989190E+00, 4.342104E-06 
2.296697E-01, 3.310107E-04 
7.159072E-01, 6.620214E-04 
9.553588E+00, 9.938847E-07 
9.263370E+00, 4.049080E-06 
9.204313E+00, 1.125022E-06 
3.107436E-01, 6.620214E-04 
2.829839E-01, 4.355752E-04 
1.882951E-01, 3.593923E-04 
3.000757E-01, 9.362294E-04 
3.479804E-01, 4.681147E-04 
8.758882E+00, 4.081983E-06 
1.988916E-01, 4.681147E-04 
8.185685E-02, 4.681147E-04 
-2.142600E-02, 4.149206E-04 
-5.353847E-02, 3.240215E-04 
6.971434E-02, 3.194982E-04 
2.261979E-01, 2.945515E-04 
8.855339E-02, 2.504264E-04 
2.082580E-01, 2.475525E-04 
1.714321E-01, 4.681147E-04 
1.946466E-01, 3.957401E-04 
1.730787E-01, 3.593923E-04 
2.674025E-01, 3.416502E-04 
1.478901E-01, 3.246468E-04 
1.358915E-01, 3.000327E-04 
1.717688E-03, 2.754760E-04 
-7.730991E-02, 2.716483E-04 
3.161504E-01, 2.646106E-04 
5.232945E-01, 4.681147E-04 
2.296172E-01, 3.796559E-04 
5.700571E-01, 3.289039E-04 
8.250007E-01, 1.497734E-04 
5.848308E-01, 2.580923E-04 
4.229757E-01, 2.533449E-04 
7.124996E-01, 3.593923E-04 
5.633168E-01, 3.630901E-04 
6.667906E-01, 3.593923E-04 
6.114882E-01, 3.593923E-04 
9.458467E-01, 3.775847E-04 
7.920402E-01, 3.441747E-04 
7.385485E-01, 3.436729E-04 
1.013329E+00, 3.466249E-04 
7.228035E-01, 3.355688E-04 
9.263074E-01, 3.270374E-04 
8.703481E-01, 3.509694E-04 
7.579513E-01, 3.507625E-04 
1.360181E+00, 3.308090E-04 
9.478732E-01, 3.299518E-04 
1.393473E+00, 3.942676E-04 
1.254951E+00, 3.036136E-04 
1.540892E+00, 3.044655E-04 
1.198610E+00, 2.965939E-04 
1.626673E+00, 3.223646E-04 
1.866260E+00, 3.242232E-04 
1.888405E+00, 2.983776E-04 
1.932689E+00, 3.051898E-04 
1.791195E+00, 2.814987E-04 
1.917675E+00, 1.793102E-04 
1.985927E+00, 2.754252E-04 
1.963935E+00, 2.690348E-04 
1.769579E+00, 2.484420E-04 
2.045431E+00, 2.091677E-04 
2.001306E+00, 2.360120E-04 
1.935434E+00, 1.886586E-04 
2.073110E+00, 1.821796E-04 
1.810281E+00, 1.793102E-04 
1.862832E+00, 2.839515E-04 
2.072155E+00, 2.463669E-04 
1.998603E+00, 2.374828E-04 
1.930505E+00, 2.344260E-04 
2.535563E+00, 3.029889E-04 
2.112680E+00, 2.770997E-04 
2.170542E+00, 2.606671E-04 
2.383547E+00, 2.551025E-04 
2.196384E+00, 2.441612E-04 
2.388250E+00, 2.611117E-04 
2.487383E+00, 2.391991E-04 
2.563146E+00, 2.754489E-04 
2.486713E+00, 2.327318E-04 
2.252756E+00, 2.261225E-04 
2.450013E+00, 2.152743E-04 
2.225232E+00, 2.087289E-04 
2.405285E+00, 1.960594E-04 
2.581845E+00, 2.747501E-04 
2.737902E+00, 1.603438E-04 
2.678015E+00, 2.011999E-04 
2.822426E+00, 1.878148E-04 
2.836778E+00, 1.720853E-04 
2.922476E+00, 1.603438E-04 
2.774613E+00, 1.603438E-04 
2.560895E+00, 1.596484E-04 
2.772090E+00, 1.546989E-04 
2.997354E+00, 1.522179E-04 
2.871450E+00, 1.457095E-04 
2.945156E+00, 1.421658E-04 
3.254932E+00, 2.018023E-04 
3.102197E+00, 1.920993E-04 
3.753849E+00, 1.699945E-04 
3.705843E+00, 1.657188E-04 
3.353008E+00, 1.606599E-04 
3.597919E+00, 1.582039E-04 
3.277283E+00, 1.464508E-04 
3.723270E+00, 1.590623E-04 
3.590013E+00, 1.450477E-04 
3.920292E+00, 1.653975E-04 
3.625290E+00, 1.545338E-04 
3.683275E+00, 1.463956E-04 
3.905098E+00, 1.370513E-04 
3.708512E+00, 1.326044E-04 
4.071140E+00, 1.502496E-04 
3.903055E+00, 1.401053E-04 
3.900887E+00, 1.241450E-04 
3.922040E+00, 1.213282E-04 
3.819494E+00, 1.186606E-04 
3.944268E+00, 1.063016E-04 
4.310270E+00, 1.097522E-04 
4.422421E+00, 1.083783E-04 
3.947752E+00, 1.022177E-04 
3.891509E+00, 9.803111E-05 
4.072376E+00, 9.262373E-05 
4.181786E+00, 1.735222E-04 
4.369424E+00, 1.275837E-04 
4.713743E+00, 1.113501E-04 
4.791866E+00, 1.013168E-04 
4.429665E+00, 9.589528E-05 
4.468695E+00, 9.210690E-05 
4.670972E+00, 1.391645E-04 
4.559769E+00, 1.365204E-04 
4.349377E+00, 1.232222E-04 
4.842879E+00, 1.136034E-04 
4.935161E+00, 1.045047E-04 
4.910409E+00, 9.438470E-05 
4.871407E+00, 8.300252E-05 
4.937715E+00, 8.085350E-05 
4.917226E+00, 8.072694E-05 
5.463872E+00, 7.463458E-05 
5.216112E+00, 7.309721E-05 
5.414706E+00, 6.489856E-05 
5.273234E+00, 7.516312E-05 
5.395864E+00, 6.390576E-05 
5.550120E+00, 6.721847E-05 
5.575972E+00, 7.575595E-05 
5.666658E+00, 6.742342E-05 
5.847139E+00, 6.519650E-05 
5.701876E+00, 6.184862E-05 
5.628292E+00, 7.616799E-05 
5.823716E+00, 7.452622E-05 
5.721639E+00, 5.586530E-05 
5.912542E+00, 5.210448E-05 
5.785784E+00, 5.176472E-05 
5.781697E+00, 5.038599E-05 
6.107930E+00, 6.769490E-05 
6.213503E+00, 5.092225E-05 
6.065223E+00, 4.710999E-05 
6.103389E+00, 3.186997E-05 
6.167871E+00, 4.538730E-05 
6.256365E+00, 3.905260E-05 
6.372216E+00, 3.764469E-05 
6.262413E+00, 3.688474E-05 
6.177635E+00, 3.230266E-05 
6.014970E+00, 3.186997E-05 
6.065668E+00, 3.186997E-05 
6.499926E+00, 3.133815E-05 
6.069842E+00, 3.112765E-05 
6.325351E+00, 3.065370E-05 
6.472530E+00, 3.533838E-05 
6.570081E+00, 3.529127E-05 
6.735129E+00, 3.543190E-05 
6.849581E+00, 3.000967E-05 
6.666633E+00, 2.937768E-05 
6.790691E+00, 2.897318E-05 
6.646801E+00, 2.772149E-05 
6.607048E+00, 2.676065E-05 
7.339974E+00, 2.908132E-05 
6.902143E+00, 2.474985E-05 
6.948257E+00, 2.076646E-05 
6.984032E+00, 1.652138E-05 
7.173086E+00, 1.631090E-05 
7.089365E+00, 1.860784E-05 
7.103234E+00, 1.846764E-05 
7.719541E+00, 1.610729E-05 
7.720131E+00, 1.361950E-05 
8.005008E+00, 9.450512E-06 
7.858722E+00, 9.241807E-06 
7.574375E+00, 9.232297E-06 
7.821915E+00, 9.090786E-06 
7.717189E+00, 8.998528E-06 
7.800237E+00, 8.053644E-06 
7.535435E+00, 1.611541E-05 
7.798098E+00, 1.053136E-05 
4.203144E-01, 5.444690E-05 
3.826353E-01, 5.444690E-05 
5.426208E-01, 5.444690E-05 
4.662257E-01, 5.444690E-05 
8.048151E+00, 1.040422E-05 
8.075645E+00, 9.690843E-06 
8.129504E+00, 9.093013E-06 
8.223058E+00, 8.546212E-06 
8.146489E+00, 7.471967E-06 
8.175332E+00, 6.972553E-06 
8.016372E+00, 6.871963E-06 
8.464960E+00, 6.733670E-06 
8.444888E+00, 7.877230E-06 
8.641755E+00, 6.693649E-06 
2.498887E-01, 3.744335E-05 
3.587066E-01, 3.744335E-05 
5.869678E-01, 3.744335E-05 
5.139194E-01, 3.744335E-05 
8.920531E+00, 6.138704E-06 
8.741177E+00, 5.275072E-06 
8.939509E+00, 4.421161E-06 
8.553067E+00, 3.966474E-06 
8.697288E+00, 3.903375E-06 
8.431177E+00, 4.473343E-06 
8.706802E+00, 3.783540E-06 
8.904191E+00, 5.091863E-06 
9.535947E+00, 3.610464E-06 
9.083359E+00, 3.190913E-06 
9.228221E+00, 3.161971E-06 
9.029580E+00, 3.085567E-06 
9.335629E+00, 3.049719E-06 
8.962305E+00, 4.016792E-06 
9.073839E+00, 2.897656E-06 
1.771727E-01, 4.681147E-04 
9.433041E+00, 3.637979E-06 
9.930317E+00, 8.599779E-07 
9.590118E+00, 7.936336E-07 
9.656594E+00, 7.669482E-07 
9.833635E+00, 7.624297E-07 
1.003092E+01, 7.623573E-07 
9.604133E+00, 6.486659E-07 
9.721995E+00, 6.190754E-07 
1.001987E+01, 1.719956E-06 
9.840100E+00, 1.387606E-06 
9.824795E+00, 3.657427E-07 
9.922835E+00, 3.095377E-07 
9.982837E+00, 2.451453E-07 
9.889465E+00, 2.315148E-07 
9.962242E+00, 3.657427E-07 
1.015489E+01, 3.657427E-07 
9.789121E+00, 3.095377E-07 
9.930541E+00, 3.095377E-07 
1.015919E+01, 2.481672E-07 
9.839637E+00, 2.451453E-07 
9.764961E+00, 2.451453E-07 
1.001720E+01, 2.315148E-07 
9.966440E+00, 2.315148E-07 
1.015112E+01, 2.315148E-07 
9.969860E+00, 2.315148E-07 
